-66.13183,100.66594,-293.24115,16
-63.751003,104.20382,-279.38248,15
-58.759216,101.04991,-257.13956,15
-56.83366,104.46282,-246.03532,16
-47.19939,117.5175,-188.95732,15
-36.324062,139.61902,-127.02715,14
-55.34312,97.8628,-244.68573,15
-52.00412,102.991745,-224.97339,18
-47.45545,114.28935,-199.68077,14
-47.717033,117.430786,-202.51897,16
-36.580612,136.76424,-137.37463,14
-50.447758,101.30137,-224.82788,17
-45.213818,111.08946,-194.28464,15
-45.4589,114.20855,-197.03596,16
-44.92446,117.34219,-194.69753,15
-30.670113,134.71805,-107.90988,14
-47.464794,99.74992,-215.32668,17
-48.183453,102.86139,-221.23508,21
-46.788757,106.13467,-213.27449,18
-44.900867,109.38719,-202.05214,18
-44.228844,112.54713,-198.80219,16
-44.49789,117.2536,-202.32135,17
-43.774822,120.3914,-198.71602,15
-45.717796,98.09639,-213.82773,15
-46.8192,101.16035,-222.31752,24
-45.68437,104.42937,-216.0131,19
-44.455444,107.66971,-209.06781,20
-43.180294,110.87455,-201.79736,20
-42.742126,114.0248,-200.06676,17
-43.05144,118.740234,-203.88481,16
-42.65119,121.88525,-202.39339,18
-25.397203,157.4504,-100.57943,14
-45.490223,97.86087,-223.0366,17
-45.28937,101.06498,-222.91983,26
-44.188324,104.33369,-216.78409,22
-42.33327,107.611015,-205.58862,23
-41.226265,110.8007,-199.37398,24
-41.08867,117.07699,-200.82285,18
-42.073788,120.23806,-208.61981,19
-33.489983,132.19354,-155.48587,18
-47.877083,145.04222,-256.7324,15
-40.114964,95.07402,-196.56409,16
-44.125244,97.746185,-224.75555,19
-43.588905,100.98513,-222.3792,23
-42.23252,104.27181,-214.46478,26
-39.786743,107.57722,-199.17755,24
-36.654408,110.8272,-179.21657,18
-37.61204,113.88858,-186.86923,19
-39.481033,116.98875,-200.70253,18
-40.496902,120.149025,-208.77855,19
-31.206566,129.0203,-149.22075,15
-31.273994,132.04514,-150.80785,16
-12.128214,134.36569,-22.0435,15
-54.284584,146.17734,-311.84485,14
-41.558235,157.22412,-229.70969,15
-26.03587,156.68636,-124.394485,15
-23.32993,158.95634,-106.888435,15
-44.908672,184.7943,-262.27396,14
-42.951744,96.01338,-227.17589,17
-42.04772,99.29962,-222.28506,21
-41.33119,102.54378,-218.65462,27
-38.28456,105.92239,-199.15054,28
-36.497963,109.1366,-188.18813,23
-36.47641,112.23958,-189.23866,21
-37.512432,115.33565,-197.5085,19
-38.87956,118.47788,-208.05412,23
-37.85343,121.61713,-202.24185,16
-30.251755,127.46163,-152.52122,16
-30.37718,130.49734,-154.52538,20
-20.523287,132.56467,-87.9716,16
-49.10639,143.84694,-287.5098,14
-55.073948,148.22192,-329.91666,15
-27.911757,149.84003,-144.89038,14
-38.1222,156.71472,-217.19969,16
-25.123634,158.23466,-128.91235,14
-34.05948,173.22153,-195.4228,15
-41.17626,183.90977,-247.90802,14
-39.30096,93.02345,-212.05133,15
-41.57295,95.89679,-228.86029,18
-40.16298,99.24042,-220.4563,23
-38.61299,102.5511,-211.06934,25
-35.577873,105.911476,-191.455,35
-35.293026,109.032715,-190.71039,26
-35.81916,115.24932,-196.75592,18
-37.21108,118.388504,-207.56938,22
-35.96564,123.09309,-200.79182,16
-28.67347,127.371925,-152.13982,15
-28.805193,130.40666,-154.20566,17
-16.771692,132.25424,-71.9154,14
-37.96453,143.99103,-222.51216,14
-35.396763,148.36986,-206.44034,15
-26.483007,151.28215,-146.03912,15
-36.554134,158.24298,-218.09126,16
-27.87204,159.23837,-158.56367,15
-34.803032,172.28516,-211.1584,16
-34.79276,175.51434,-212.26028,16
-41.793133,184.67313,-263.87872,16
-30.338486,89.47031,-159.42564,14
-39.38746,92.69895,-223.7234,16
-40.205727,95.77808,-230.65129,19
-36.980747,99.31846,-209.61008,23
-34.12489,102.714905,-191.07706,28
-33.0873,105.888405,-185.10959,31
-34.314724,108.91691,-194.8486,24
-32.039642,112.10721,-180.26457,23
-33.694057,115.1688,-192.98065,23
-34.69713,118.29448,-201.18336,24
-34.381264,121.431946,-200.20482,18
-28.102592,125.82579,-158.1978,15
-27.704525,128.83592,-156.58733,22
-31.268131,132.1922,-182.68535,15
-34.99381,142.08699,-212.39864,15
-34.42853,146.79199,-210.24445,15
-33.411648,149.79572,-204.29665,15
-33.019203,152.90024,-202.73047,17
-35.876377,156.7479,-224.06573,17
-33.775597,161.07759,-211.05109,16
-33.30207,165.77206,-209.49448,15
-32.57527,168.76889,-205.53949,16
-33.375797,172.24413,-212.39403,16
-23.197407,175.00356,-142.5078,16
-42.520256,188.92769,-282.18127,15
-38.843945,92.4588,-231.21877,16
-36.637756,95.933846,-217.11507,21
-30.97871,99.701836,-178.85826,24
-31.463173,102.725624,-183.47446,32
-29.78605,105.92387,-172.96516,26
-30.488375,108.94495,-179.10303,29
-30.465515,112.0219,-180.16266,26
-31.570118,115.08902,-189.1375,24
-31.85798,118.1997,-192.38571,23
-25.812824,127.210785,-153.42853,21
-26.464857,130.2899,-159.20712,17
-27.855978,133.47351,-170.21626,15
-31.789867,140.17653,-200.44562,17
-33.110035,145.14749,-211.6276,18
-32.989708,149.92938,-212.60349,17
-33.275307,153.2003,-215.85176,19
-32.910465,156.3377,-214.4733,17
-32.488827,159.45384,-212.68343,17
-32.33586,162.63364,-212.80215,16
-32.080933,165.78502,-212.18935,15
-31.954641,168.97351,-212.49065,17
-31.93092,172.19803,-213.52248,19
-31.519634,175.29362,-211.77751,17
-24.643261,175.9987,-163.68495,15
-28.506365,182.20454,-193.1336,15
-30.943878,91.74582,-186.46072,17
-28.741096,98.16761,-173.44458,25
-29.577862,101.134834,-180.58327,36
-29.047115,104.24912,-178.07452,26
-28.945063,107.32357,-178.58711,30
-29.053106,110.391624,-180.58376,27
-29.001778,113.4739,-181.45113,26
-30.09017,116.5552,-190.40015,26
-29.003044,119.65346,-183.91681,20
-28.535618,122.73758,-181.82037,17
-25.2537,125.664,-159.6892,19
-24.234528,128.63295,-153.62466,17
-27.889732,135.09561,-182.08485,16
-30.526333,138.54564,-202.13411,18
-31.101604,143.39178,-208.09276,18
-31.75586,146.69739,-214.01006,18
-31.885757,149.93257,-216.17523,20
-31.939651,153.16345,-217.79532,22
-31.527758,156.29424,-216.06757,21
-31.364946,159.4794,-216.12405,20
-31.287092,162.6886,-216.78854,21
-30.781918,165.77675,-214.37038,21
-30.490297,168.91911,-213.48425,22
-30.192827,172.05536,-212.55034,23
-30.786238,180.3863,-219.87315,17
-24.478188,181.1233,-175.36104,15
-52.651245,196.12732,-380.94852,15
-28.026794,88.82837,-175.62117,17
-26.620705,93.60683,-167.5179,16
-27.252449,96.55465,-173.25441,24
-27.762003,99.54592,-178.12927,38
-27.534431,102.629616,-177.7571,29
-27.42171,105.70285,-178.19936,29
-27.283691,108.77952,-178.45764,28
-27.5065,111.84516,-181.29207,28
-28.1745,114.91912,-187.31494,28
-27.924612,118.02125,-186.76967,22
-27.00778,121.104904,-181.4354,18
-25.7534,124.145744,-173.6618,20
-23.089855,127.058266,-155.73856,19
-23.778854,130.14594,-161.8969,17
-28.667639,136.83998,-199.55643,23
-29.303411,140.08789,-205.38437,24
-29.767687,143.34024,-209.98132,22
-30.229612,146.61723,-214.56688,22
-30.367693,149.85542,-216.81306,23
-30.322887,153.06645,-217.7343,27
-30.138618,156.24995,-217.64146,27
-29.994892,159.44374,-217.83899,24
-29.696587,162.59656,-216.90907,20
-28.962246,165.61617,-212.79959,19
-28.792562,168.79184,-212.79207,22
-28.822548,172.03494,-214.2371,19
-29.500038,178.77805,-221.63832,17
-28.777798,181.76247,-217.58238,16
-33.4005,68.59551,-217.2455,16
-24.848667,89.035515,-163.97969,17
-25.250378,95.01455,-169.37178,23
-25.840052,97.97793,-174.86365,39
-25.478487,101.06686,-173.52216,29
-25.519997,104.115074,-175.07552,24
-25.480906,107.176414,-176.04715,25
-26.060839,110.215225,-181.4832,26
-26.281176,113.29189,-184.32945,28
-26.743633,116.38211,-188.92845,22
-25.410604,119.47292,-180.53621,19
-24.95385,122.54748,-178.47168,20
-23.103788,125.53864,-166.29118,27
-23.776169,128.6447,-172.3987,20
-24.444252,131.78319,-178.48398,22
-25.700897,135.01926,-188.86162,31
-26.979763,138.3141,-199.41927,30
-28.243559,141.66359,-209.88533,24
-28.728342,144.93805,-214.6823,22
-28.761534,148.15343,-216.18494,28
-28.649252,151.34697,-216.62247,27
-28.498917,154.53456,-216.77827,33
-28.26734,157.70331,-216.33485,22
-28.009163,160.86305,-215.6914,21
-27.67164,163.99695,-214.45985,22
-27.006496,167.02403,-210.81232,22
-26.96008,170.23454,-211.70866,20
-27.04378,173.49574,-213.56216,17
-27.697062,176.977,-219.61798,19
-27.554756,180.18367,-219.80711,19
-26.910576,183.18748,-216.28264,15
-29.038858,69.32207,-197.47514,15
-23.131233,88.987404,-162.66805,16
-23.403744,91.95378,-165.90565,20
-23.88231,94.90767,-170.6393,31
-23.710274,97.965904,-170.65973,29
-23.30079,101.04846,-168.95164,25
-23.94179,104.03345,-174.87273,22
-23.873528,107.095505,-175.64058,23
-24.273605,110.140175,-179.81833,27
-23.803135,113.22957,-177.65132,26
-23.790384,117.84394,-179.44681,23
-23.364346,120.918655,-177.58815,22
-22.057783,123.94634,-169.27441,31
-22.92834,127.06394,-176.8963,29
-23.120314,130.16724,-179.5514,33
-23.629814,133.31691,-184.54068,34
-24.559114,136.54414,-192.62367,27
-26.640907,139.97673,-209.2039,26
-27.194036,143.25383,-214.55069,25
-27.266155,146.47343,-216.35648,29
-27.128183,149.6611,-216.61063,30
-26.900557,152.83083,-216.19853,26
-26.778803,156.0241,-216.56529,24
-26.400772,159.15326,-215.03026,23
-26.29107,162.3497,-215.47816,24
-25.578615,165.36835,-211.44829,22
-25.263552,168.49287,-210.35954,20
-25.840618,173.53745,-216.52852,20
-25.669056,176.7232,-216.50235,23
-26.289028,180.21895,-222.37677,19
-18.609598,181.89609,-166.88402,15
-26.65286,67.94896,-190.97765,14
-18.669619,83.55264,-138.78165,15
-21.39373,85.94477,-159.90343,17
-21.466797,88.93058,-161.71309,17
-22.107086,91.83317,-167.66858,27
-22.076815,94.86304,-168.72646,25
-21.571198,97.95716,-166.30032,24
-21.426132,101.000374,-166.50887,20
-22.010603,103.982124,-172.06982,19
-22.065874,107.027985,-173.74936,21
-22.08373,110.08432,-175.1532,24
-21.976717,113.15131,-175.63625,24
-21.72387,116.22181,-175.04085,24
-21.815794,119.29332,-176.98528,24
-21.811857,122.37212,-178.22147,36
-21.757833,125.45495,-179.08578,47
-21.867619,128.55417,-181.16122,38
-22.107082,131.67645,-184.19876,33
-22.672619,134.85144,-189.65932,32
-23.354494,138.07117,-195.99217,29
-23.969534,141.31502,-201.8377,29
-21.876696,144.127,-187.52654,33
-23.71465,147.61397,-202.48445,30
-25.619558,151.19603,-217.97047,26
-25.217907,154.32817,-216.25354,25
-24.75787,157.43681,-214.09238,23
-24.688002,160.64029,-214.844,25
-23.829298,163.61797,-209.68114,22
-23.157452,166.62654,-205.90546,22
-23.789219,170.0491,-211.90941,19
-24.072758,173.38194,-215.30421,26
-24.137695,176.65228,-217.05711,22
-24.793766,180.16588,-223.2643,18
-26.78059,190.92369,-242.08386,14
-25.27941,69.34106,-193.1026,18
-20.770866,82.67047,-165.284,16
-20.06095,85.82473,-161.35193,18
-20.329453,88.7773,-164.62108,21
-20.571617,91.75103,-167.69905,24
-20.104172,94.84383,-165.53569,26
-19.936932,97.887054,-165.5844,21
-19.619019,100.946236,-164.51308,21
-20.040955,103.93527,-168.9212,20
-20.16311,106.96754,-171.10974,21
-20.488962,110.00162,-174.81284,24
-20.795277,113.05575,-178.3748,23
-20.461693,116.13373,-177.17455,25
-20.356064,119.20798,-177.66728,29
-20.437563,122.290794,-179.55392,42
-20.42114,125.37864,-180.70894,39
-20.511084,128.4803,-182.6583,35
-20.404459,131.57448,-183.13574,38
-20.20469,134.6609,-182.912,37
-20.24838,137.77847,-184.51115,43
-20.480457,140.93349,-187.52544,46
-19.986689,143.9799,-185.0825,43
-19.85271,147.08272,-185.33974,40
-22.674412,152.41438,-208.51846,26
-23.023073,155.70064,-212.43665,25
-23.022106,158.91628,-213.71669,24
-21.894875,161.81921,-206.47308,21
-21.476707,164.89955,-204.58153,23
-22.571165,168.46223,-214.15309,22
-22.12881,171.54597,-212.07475,27
-22.88251,175.05751,-219.078,22
-23.106077,178.40259,-222.0595,19
-21.36878,180.96469,-210.10982,15
-23.677216,185.19704,-228.97629,15
-22.79892,188.1006,-223.5576,16
-20.032589,190.08702,-203.69861,15
-24.364895,67.521645,-197.30424,16
-17.454275,80.02542,-150.76125,16
-19.017406,82.63972,-163.67001,17
-18.597616,85.73074,-161.85379,20
-18.537474,88.74455,-162.70763,21
-18.833025,91.70294,-166.21121,29
-18.162945,94.82187,-162.51099,24
-18.121202,97.84056,-163.49358,22
-18.017828,100.87082,-164.01321,21
-18.109554,103.88633,-165.99118,22
-18.785202,108.39745,-172.99554,22
-18.68732,111.4567,-173.55495,22
-18.902937,114.51303,-176.46878,26
-18.869303,117.584366,-177.50891,29
-18.772324,120.65983,-178.06993,30
-18.63844,123.73675,-178.3498,29
-18.784739,126.832504,-180.74246,33
-18.73392,129.92497,-181.64606,38
-18.48497,133.00209,-181.04794,36
-18.347826,136.08994,-181.29185,32
-19.45101,139.35646,-190.94206,36
-20.274942,142.62953,-198.48882,32
-20.445072,145.82336,-201.07742,32
-19.704943,148.84561,-196.73946,33
-18.589355,151.76045,-189.52718,32
-19.79576,155.2063,-200.00792,26
-20.315168,158.5266,-205.26166,21
-19.699612,161.55057,-201.84645,22
-20.020905,164.84451,-205.58998,22
-20.594076,168.24191,-211.2678,30
-20.876303,171.56929,-214.72278,32
-21.360973,174.99101,-219.73608,19
-21.132744,178.16228,-219.277,19
-20.67263,181.23636,-217.0291,17
-22.621197,185.34091,-233.32697,18
-14.970001,186.75826,-176.24939,17
-13.972869,192.58272,-171.01721,16
-23.115236,64.258446,-198.39337,16
-22.664654,67.47999,-196.40282,16
-16.758226,79.743225,-156.9102,16
-17.14608,82.63727,-161.13441,18
-17.313156,85.59917,-163.70532,25
-16.839844,88.69531,-161.46071,26
-16.71662,91.71987,-161.8434,33
-16.393105,94.77599,-160.71269,21
-16.06026,97.827,-159.50487,21
-15.991137,100.84238,-160.28316,23
-16.702408,103.791664,-166.96342,21
-17.257177,106.78702,-172.4695,23
-17.12288,109.84546,-172.75891,21
-17.386066,112.89364,-176.06241,29
-17.438972,115.9612,-177.77127,40
-17.384344,119.036606,-178.66176,44
-17.110546,122.10984,-177.88075,28
-17.009779,125.18783,-178.41356,32
-17.080679,128.28114,-180.2542,37
-16.945679,131.36536,-180.5214,35
-16.800749,134.44998,-180.70923,44
-16.998415,137.58154,-183.51799,40
-17.32827,140.7488,-187.34288,35
-18.03034,144.00186,-194.03012,28
-19.13454,147.36977,-203.81903,24
-18.994238,150.52193,-204.05032,20
-17.99747,153.47293,-197.68117,23
-17.110046,156.41814,-192.13731,26
-18.003038,159.8296,-200.32211,23
-18.168821,163.06819,-202.90112,24
-18.662292,166.42632,-208.01744,31
-19.182869,169.82205,-213.35135,26
-19.304462,173.10287,-215.59972,19
-19.476892,178.04445,-218.89748,19
-20.116547,181.57265,-225.17712,19
-12.85894,183.25713,-170.62299,17
-0.793242,183.63876,-78.95065,15
-10.123487,191.30656,-152.99515,14
-14.25548,60.80853,-140.91481,16
-18.100372,62.345074,-171.1669,16
-21.318785,64.25241,-196.76718,15
-18.30823,74.33887,-178.15779,16
-15.965147,79.48056,-162.44499,19
-15.883984,82.49578,-163.16151,21
-15.551119,85.567505,-161.96507,23
-15.089216,88.65717,-159.7811,33
-15.068416,91.65918,-160.9439,27
-14.489606,94.751495,-157.85501,21
-14.078728,97.80507,-156.0355,24
-14.392785,100.76798,-159.7423,19
-15.98906,105.157585,-173.91614,25
-15.83022,108.220566,-174.02338,26
-15.753449,111.28064,-174.75594,26
-15.938619,114.33923,-177.49632,43
-15.875851,117.41219,-178.33409,34
-15.809648,120.48949,-179.14334,35
-15.5601,123.56351,-178.53868,31
-15.26371,126.63143,-177.56761,35
-15.279857,129.72005,-179.00255,33
-15.177118,132.80418,-179.51825,37
-15.137134,135.89902,-180.5167,36
-15.335957,139.03395,-183.36293,33
-14.874149,142.07515,-181.09006,29
-14.72297,145.16225,-181.21916,29
-14.419833,148.21889,-180.16417,23
-17.239847,153.57538,-204.05827,22
-16.313957,156.52586,-198.16411,22
-16.284117,159.6965,-199.24292,29
-16.797321,163.03743,-204.56123,25
-17.282343,166.39867,-209.66748,22
-17.261711,169.61414,-210.82384,22
-17.316154,172.86401,-212.56747,19
-17.089289,176.01526,-212.1048,20
-18.65224,179.89536,-225.69263,18
-14.870296,181.55397,-197.28854,19
-11.299007,184.7229,-171.1078,18
-9.950326,187.21613,-161.73851,15
-22.642141,53.823143,-214.57016,14
-19.59628,64.22281,-195.66582,16
-20.35137,67.04698,-202.81404,16
-15.371584,71.65541,-166.22949,16
-20.154945,74.840836,-204.81398,16
-14.499991,79.38467,-162.94736,22
-14.488336,82.384186,-164.20293,34
-13.710025,85.55417,-159.57822,23
-13.370267,88.61415,-158.30554,37
-13.234202,91.63152,-158.59157,26
-12.464833,94.747345,-154.0005,23
-12.142044,97.77899,-152.83548,27
-13.96741,100.5614,-168.23358,19
-14.578619,103.537476,-174.28714,20
-14.256358,106.6127,-173.13368,28
-14.306989,109.66237,-174.85979,31
-14.293824,112.72304,-176.0916,39
-14.238894,115.79056,-176.9982,34
-14.190999,118.862915,-177.95761,32
-14.090095,121.93872,-178.50305,36
-13.707718,125.00291,-176.85446,29
-13.533628,128.07344,-176.8217,34
-13.46799,131.15399,-177.63123,36
-13.372636,134.23564,-178.20657,34
-13.19775,137.3098,-178.15749,37
-13.021007,140.38367,-178.0899,39
-12.864856,143.46106,-178.17986,39
-12.682487,146.53403,-178.0605,32
-12.646688,149.63885,-179.08871,26
-14.956138,153.31381,-198.56201,24
-14.531008,156.37845,-196.54274,24
-14.810099,159.632,-200.06673,28
-15.42984,163.00891,-206.28348,26
-15.78452,166.3337,-210.41641,23
-15.510929,169.46336,-209.58554,23
-15.153196,172.5582,-208.08311,21
-14.590417,175.56544,-204.94815,19
-13.577498,178.37096,-198.23033,23
-11.558743,180.70445,-183.50252,22
-9.904527,183.12424,-171.63814,20
-11.635894,187.09508,-186.70316,16
-2.987693,185.97115,-119.05512,15
-5.683621,190.38446,-141.78676,15
-20.692274,53.886105,-211.90346,16
-15.803167,63.407158,-177.92316,17
-13.475164,70.19589,-162.76738,16
-13.68378,73.12015,-165.74094,17
-12.872197,77.83594,-161.51967,17
-12.918115,80.81518,-163.23195,27
-12.270557,83.96053,-159.5741,24
-11.784679,87.052666,-157.15694,37
-11.498414,90.09437,-156.27942,26
-10.838529,93.19306,-152.49232,24
-10.474669,96.228294,-150.99544,33
-12.325338,98.97838,-166.74147,18
-13.292328,101.903725,-175.62889,21
-12.71972,105.004875,-172.51205,29
-12.753145,108.05106,-174.12135,32
-12.72102,111.108376,-175.21742,32
-12.728051,114.17054,-176.61891,32
-12.594875,117.240166,-176.91982,37
-12.32655,120.308624,-176.15611,32
-12.08178,123.37398,-175.57193,32
-11.897367,126.439964,-175.45763,34
-11.677619,129.50252,-175.06078,36
-11.582739,132.57605,-175.64438,32
-11.292859,135.62842,-174.68515,31
-11.068084,138.68542,-174.23485,29
-10.733829,141.72186,-172.91301,29
-10.476184,144.76599,-172.19168,31
-10.417788,147.84846,-173.04617,32
-10.616929,150.9956,-175.94508,30
-10.165787,153.99416,-173.67476,30
-12.662823,157.79074,-194.87157,25
-13.544816,161.2241,-203.23817,23
-14.051373,164.58397,-208.62386,19
-13.88969,167.74684,-208.67903,20
-12.904322,170.61311,-202.14198,20
-12.276158,173.58128,-198.44725,21
-11.461031,176.4544,-193.24178,25
-10.520691,179.24648,-187.01619,20
-9.140086,181.80783,-177.2356,22
-6.059433,186.61497,-155.02588,21
-5.347811,189.35501,-150.56029,17
-4.947223,192.23839,-148.59216,16
-12.666138,204.56967,-214.22319,14
-16.606445,33.662914,-182.64725,14
-16.623186,57.87977,-194.19836,15
-12.972561,68.2859,-170.07437,16
-13.465365,71.13517,-175.29974,16
-11.766067,74.65076,-163.44205,18
-11.540401,79.19968,-163.74126,23
-10.887353,82.35378,-160.0056,24
-10.279181,85.47787,-156.60832,33
-10.01375,88.51521,-155.8857,28
-9.204652,91.645515,-150.89032,25
-8.87351,94.6735,-149.63472,40
-11.3282,97.31196,-170.28885,19
-11.578334,100.31614,-173.62389,23
-11.25774,103.39232,-172.46211,29
-11.368629,106.4298,-174.7002,38
-11.382117,109.484215,-176.16977,30
-11.090129,112.556305,-175.22133,35
-11.044845,115.620346,-176.22142,32
-10.755923,118.68737,-175.28726,38
-10.52494,121.75114,-174.80716,44
-10.169896,124.80598,-173.33568,35
-9.714729,127.84576,-171.05983,31
-9.612773,130.90665,-171.5899,28
-9.552199,133.9753,-172.44772,31
-9.25899,137.01692,-171.4453,32
-8.475858,139.97588,-166.51865,32
-8.259131,143.0104,-166.11203,30
-7.958269,146.02611,-165.0264,32
-7.913136,149.09332,-165.987,30
-7.92446,152.1799,-167.39992,29
-8.338754,155.38179,-172.05408,30
-11.850453,162.6936,-203.0171,24
-11.813547,165.88184,-204.07585,23
-11.208236,168.87549,-200.5401,24
-10.836682,171.93835,-198.88399,23
-10.533342,175.02002,-197.77322,24
-9.299223,177.70586,-189.10883,20
-7.778547,180.21861,-178.095,24
-6.164936,182.62885,-166.29749,27
-4.609857,185.0038,-154.94624,21
-4.440621,188.022,-154.85501,18
-5.372748,191.62518,-163.74246,16
-4.341575,195.75223,-157.26015,16
-12.120499,205.09822,-222.8418,14
-19.883282,27.786415,-218.65982,15
-19.113655,31.312094,-214.18211,15
-14.849981,57.880985,-192.6304,15
-11.434153,68.20719,-170.08664,16
-10.358751,74.53572,-164.41411,16
-10.113024,77.596466,-163.86464,21
-9.458311,80.75763,-160.07951,24
-8.874715,83.88177,-156.84344,29
-8.541953,86.93508,-155.58156,41
-7.608631,90.09639,-149.55185,27
-7.397524,93.102165,-149.23569,32
-9.11548,95.81684,-164.24365,18
-9.971645,98.721466,-172.42746,21
-9.934909,101.76535,-173.51476,33
-9.883863,104.81596,-174.48643,33
-9.864039,107.86947,-175.70589,29
-9.59485,110.94032,-174.93085,29
-9.339876,114.00661,-174.26384,32
-9.184575,117.06905,-174.38994,45
-8.887172,120.12937,-173.3725,49
-7.797737,123.15196,-165.98715,33
-7.085646,126.15865,-161.61499,25
-7.323998,129.22162,-164.8808,30
-7.093293,132.2528,-164.3697,30
-6.834322,135.27782,-163.6255,29
-6.092936,138.22743,-158.97827,35
-5.805976,141.22966,-157.99237,32
-5.433197,144.21039,-156.30548,32
-5.379924,147.25069,-157.20166,25
-5.529065,150.34381,-159.73952,26
-6.967643,153.78304,-172.75916,25
-11.172898,158.06604,-208.31671,24
-9.867908,160.88113,-199.06729,26
-9.935221,164.09056,-200.98454,29
-9.586033,167.167,-199.50208,25
-9.711796,170.4108,-201.89517,25
-9.490059,173.53268,-201.44649,24
-8.489886,176.33192,-194.61542,23
-6.534322,178.67938,-179.92839,28
-4.325985,180.83186,-163.12834,29
-4.191378,183.88765,-163.33601,20
-4.132026,186.98328,-164.16049,20
-4.44473,191.85217,-168.70757,16
-5.233902,195.44452,-176.53745,15
-5.633749,200.45113,-181.82819,15
-11.817525,207.45702,-234.34744,14
-22.371681,26.895428,-251.48817,15
-18.672419,35.24336,-225.53293,15
-13.168687,51.76997,-188.85405,15
-15.131742,55.51466,-206.5547,16
-14.370443,58.89921,-201.99333,18
-4.642631,67.03286,-127.00128,17
-10.478536,67.930115,-174.72424,17
-9.040721,72.897385,-165.41092,18
-7.928259,76.21184,-157.9514,19
-7.917661,79.19152,-159.26022,23
-7.479993,82.28289,-157.15689,24
-7.030506,85.36537,-154.94986,47
-6.202689,88.51324,-149.70403,28
-5.844468,91.54674,-148.20624,30
-8.062296,95.66258,-168.0743,19
-8.486408,98.63141,-172.87563,29
-8.337263,101.68811,-173.0692,49
-8.431429,104.72412,-175.22067,27
-8.227333,107.791245,-174.9661,34
-7.927878,110.86118,-173.93654,38
-7.624881,113.9256,-172.8719,38
-6.579725,116.98617,-165.78938,34
-5.169096,120.002045,-155.72212,26
-4.541314,122.99603,-151.98323,25
-4.28104,125.993034,-151.21915,26
-4.169775,128.99854,-151.66235,28
-4.219139,132.02348,-153.41183,31
-4.121265,135.03923,-153.96066,32
-3.850344,138.03221,-153.09367,29
-3.801758,141.0589,-154.03928,28
-3.854851,144.11063,-155.81606,27
-3.983252,147.18846,-158.21083,29
-4.235435,150.30899,-161.62358,27
-4.89221,153.55336,-168.3653,27
-6.967767,158.80856,-187.47623,31
-8.135074,162.33069,-198.4668,29
-8.020396,165.48022,-198.9029,29
-8.019012,168.67355,-200.27237,25
-7.886341,171.82477,-200.556,28
-7.511461,174.88013,-198.83162,28
-5.398217,177.18365,-182.69028,31
-3.656841,179.56728,-169.59415,29
-3.48544,182.62242,-169.50835,22
-3.515039,185.77753,-171.09106,24
-3.446695,188.89145,-171.8589,19
-3.030056,191.82199,-169.7215,20
-3.888859,195.46132,-178.22253,17
-2.679513,199.51479,-170.12178,15
-9.533706,206.94418,-228.83057,15
-4.501544,215.11711,-191.42168,14
-14.401155,33.549744,-202.9684,16
-15.901639,35.791767,-216.3673,15
-11.658019,45.617794,-186.36034,15
-10.469822,50.699116,-179.08171,15
-13.154216,52.528492,-201.9668,17
-14.471382,55.047558,-213.97485,16
-12.479985,58.942375,-199.52576,20
-4.231093,66.566666,-135.57999,17
-8.830357,67.88716,-173.89635,17
-8.202736,71.10036,-170.28328,17
-6.870537,74.50736,-160.98572,19
-6.463629,77.60427,-159.11826,22
-6.001078,80.7053,-156.79317,27
-5.561845,83.78798,-154.64668,44
-4.797079,86.92991,-149.85765,33
-4.475167,89.958954,-148.63963,27
-4.864171,92.8563,-153.17969,20
-6.913027,97.036156,-171.9081,35
-6.809013,100.08421,-172.4706,40
-6.759257,103.12949,-173.47244,25
-6.625024,106.18652,-173.78406,32
-6.214564,109.26088,-171.83737,32
-5.87797,112.322075,-170.48581,30
-3.806919,115.40039,-154.93265,29
-2.681381,118.403206,-147.08525,26
-2.250477,121.3847,-144.91365,30
-2.247806,124.37662,-146.25041,26
-2.206543,127.3729,-147.2694,34
-2.167763,130.375,-148.30766,33
-2.249054,133.39687,-150.33464,29
-2.238732,136.41698,-151.6068,34
-2.333016,139.46106,-153.74278,33
-2.297569,142.49306,-154.80714,33
-3.395195,145.76447,-165.25583,29
-2.538794,148.64641,-159.52136,25
-2.575555,151.7217,-161.18552,23
-2.998198,154.9118,-166.05795,30
-3.623901,158.18875,-172.62866,31
-7.658461,162.58607,-207.61636,28
-5.765899,165.15446,-193.23663,29
-6.44268,168.57892,-200.27966,32
-6.107093,171.65152,-198.87021,30
-4.438623,174.17229,-186.29494,29
-3.423331,176.90712,-179.16158,33
-2.60759,179.69452,-173.68288,27
-2.322724,182.70622,-172.64848,32
-2.277796,185.83318,-173.62688,30
-2.036805,188.8638,-172.95335,27
-1.745111,191.86388,-171.84766,20
-2.000928,195.17088,-175.35837,15
-6.883397,201.24228,-217.97664,17
-8.614977,207.2802,-234.74106,17
-7.922891,211.85228,-231.0021,14
-6.905006,219.50734,-225.88034,14
-14.924471,33.821995,-220.61942,15
-15.443789,36.643486,-226.31564,16
-13.094361,47.13656,-211.98955,16
-11.761689,52.36592,-203.49628,18
-12.084806,55.30158,-207.60161,18
-10.525139,59.01465,-196.47897,18
-8.171108,62.971466,-178.88858,17
-6.13338,68.211525,-164.5331,17
-5.552781,71.3863,-161.24934,18
-5.284346,74.44746,-160.49353,18
-4.74583,77.58111,-157.53139,25
-4.31268,80.670815,-155.41733,25
-3.860334,83.753525,-153.13728,29
-3.038213,86.905556,-147.82362,31
-2.986481,89.875305,-148.80078,21
-4.044696,92.65202,-158.87611,19
-5.358631,95.44146,-171.07167,35
-5.239264,98.48824,-171.51384,32
-4.943781,101.55695,-170.50394,29
-4.644917,104.62041,-169.45981,27
-3.986893,107.70308,-165.44647,29
-3.002554,110.7799,-158.72437,32
-1.379076,113.83737,-146.69655,32
-0.740703,116.82708,-142.79172,30
-0.643277,119.805786,-143.35786,31
-0.570562,122.788506,-144.12689,31
-0.538976,125.77792,-145.23589,30
-0.733366,128.79243,-148.22414,29
-0.873021,131.81725,-150.76018,29
-0.752272,134.82213,-151.12688,32
-0.695341,137.83885,-152.02388,29
-0.536234,140.84288,-152.0653,25
-0.72234,143.9152,-154.993,31
-0.860444,146.99312,-157.52203,34
-0.836512,150.04594,-158.69414,33
-0.883339,153.12413,-160.4601,35
-0.72667,156.15396,-160.51523,34
-1.563694,159.49228,-168.93556,34
-1.294942,164.06221,-168.73793,30
-5.303911,168.6447,-203.97835,30
-2.751949,170.86253,-183.8141,28
-2.015052,173.7205,-178.9667,30
-1.338146,176.57886,-174.61307,30
-0.597395,179.38493,-169.70392,29
0.064903,182.20277,-165.44662,29
-0.022245,185.37701,-167.55226,27
-0.078674,188.54742,-169.39818,26
0.034681,191.63516,-169.79768,22
-4.064895,197.15125,-206.16592,20
-5.896414,201.50977,-223.22966,17
-6.370028,205.11787,-228.70943,18
-5.770028,209.72641,-225.71292,15
-8.351272,216.52022,-250.02289,15
-14.315699,30.066357,-227.1611,15
-15.802889,32.339096,-240.76366,16
-13.69255,38.195576,-225.98657,17
-10.077292,52.332703,-202.67331,18
-10.413836,55.257507,-206.9302,18
-8.526806,59.108532,-193.00507,18
-6.047085,64.615776,-174.91824,18
-4.628966,68.12451,-164.74551,18
-4.187084,71.25509,-162.56412,19
-3.530321,74.440346,-158.60538,20
-3.162956,77.52054,-157.01646,23
-2.612502,80.6408,-153.90955,27
-2.08217,83.73926,-150.95705,27
-1.553385,86.82138,-148.00598,24
-1.650558,89.76071,-150.22581,20
-3.167269,92.45479,-164.21423,21
-3.84786,95.35503,-171.29437,43
-3.147361,98.481476,-166.9115,28
-2.714033,101.55371,-164.73674,27
-1.96732,104.64334,-159.94199,30
-0.267297,107.77507,-147.17976,31
0.34902,110.78597,-143.43259,33
0.730897,113.77059,-141.63274,33
0.930658,116.74477,-141.34952,32
0.940096,119.72074,-142.6573,36
1.110129,122.697235,-142.61679,33
0.912204,125.69653,-145.66478,29
0.777097,128.70688,-148.18813,24
0.721428,131.72229,-150.04494,27
0.652321,134.74956,-152.01614,25
0.64252,137.77852,-153.48781,26
0.791994,140.78777,-153.61292,30
0.976983,143.79091,-153.43417,30
0.874082,146.85698,-155.69174,33
0.986026,149.88329,-156.1282,37
1.067202,152.92053,-156.82375,36
1.22797,155.93895,-156.84056,41
1.159287,159.0297,-158.80849,35
1.29463,162.06314,-159.03793,31
0.42002,165.4607,-167.88803,32
0.033098,168.72067,-172.58731,28
0.064449,171.8375,-173.7148,27
0.836714,174.64374,-168.49268,25
1.521206,177.46188,-164.00787,27
2.262909,180.2291,-159.01762,28
2.294141,183.32423,-160.1228,25
1.926524,186.63463,-164.66212,29
2.325632,189.55222,-162.59926,29
-0.387252,194.23239,-187.39041,26
-3.476117,199.27313,-215.48766,21
-4.061766,202.92465,-221.99054,20
-3.121872,207.28374,-216.007,17
-3.638401,212.5995,-222.64279,16
7.096035,209.81212,-131.42009,14
7.265128,212.76997,-131.27635,15
10.911361,216.04663,-102.099304,15
6.686469,222.53949,-140.3211,15
-11.879885,32.02146,-221.2388,16
-12.597639,36.275726,-229.46465,21
-13.685997,38.822926,-239.96918,16
-12.157452,44.317123,-229.75954,15
-7.935505,49.460247,-196.53787,19
-9.207958,51.929966,-208.55122,17
-8.423902,55.352795,-203.60474,18
-6.868994,59.066612,-192.2659,20
-4.930388,62.870327,-177.71631,20
-3.35633,66.46291,-166.148,18
-3.271317,69.477234,-166.90875,19
-2.814421,72.6159,-164.57602,19
-1.935523,75.86991,-158.72069,24
-1.270989,79.032196,-154.633,25
-0.733676,82.13937,-151.59268,24
-0.160305,85.23864,-148.2394,24
-0.384593,88.147224,-151.54718,20
-1.031285,90.99066,-158.39795,20
-2.070406,93.80214,-168.55373,31
-1.547269,96.901436,-165.6114,30
-1.155227,99.96811,-163.76007,33
1.102958,103.22218,-146.18846,32
1.800937,106.2527,-141.72128,32
2.089456,109.23428,-140.69524,35
2.177737,112.20251,-141.35513,36
2.398804,115.17631,-140.8895,34
2.496209,118.148285,-141.46675,33
2.848956,121.11603,-139.87573,40
3.254945,124.072586,-137.82498,26
3.464015,127.03277,-137.44019,24
3.134756,130.04303,-141.63474,20
2.597873,133.10066,-147.60631,19
2.411443,137.65236,-151.29881,21
2.345797,140.69325,-153.26233,25
2.640491,143.67317,-152.14183,30
2.637119,146.71365,-153.57051,39
2.671601,149.75294,-154.67445,44
2.754924,152.7855,-155.35803,43
2.866241,155.81401,-155.79909,48
2.997086,158.83925,-156.06972,37
3.096904,161.87703,-156.60542,34
2.982451,164.99583,-158.9899,34
2.904224,168.1143,-161.06378,31
2.770853,171.26726,-163.61708,23
3.238355,174.17488,-160.96468,26
3.762391,177.04295,-157.81207,30
4.00597,180.02925,-157.0859,26
3.768736,183.25464,-160.53838,27
3.569785,186.47963,-163.66286,28
3.144106,189.84776,-168.76955,27
-1.379315,195.60379,-209.66985,24
-2.171812,199.34868,-218.04668,23
-2.213873,202.67274,-219.87181,22
-1.887632,205.76932,-218.47047,19
-2.187403,209.28017,-222.55638,18
-0.982636,211.76683,-213.43068,16
1.717385,219.6335,-193.96648,15
3.174881,221.74303,-182.51987,15
9.16158,221.6295,-131.67941,15
10.767941,231.06583,-122.11989,15
17.584179,230.6675,-64.09221,15
-10.857832,34.70784,-227.66776,17
-10.825624,37.841484,-228.98112,28
-6.626408,47.73118,-197.97203,19
-6.608028,50.789383,-199.35312,18
-6.772325,53.771633,-202.25845,19
-5.779174,57.263565,-195.49348,18
-3.110759,61.400177,-174.68712,18
-1.898261,64.86767,-166.02249,18
-1.71374,67.91635,-165.95656,18
-1.6997,70.905876,-167.31877,17
-0.556437,74.26189,-159.18135,21
0.254559,77.47603,-153.8177,25
0.574323,80.5265,-152.57925,25
1.274079,83.665955,-148.12485,22
1.276054,86.62065,-149.55527,19
0.715192,89.465164,-155.7508,23
-0.330629,92.251625,-166.06946,27
0.148175,95.34164,-163.46951,36
2.312443,98.65578,-146.5344,29
3.019302,101.70692,-141.95451,33
3.403681,104.702515,-140.107,34
3.603267,107.67451,-139.8277,32
3.748242,110.64202,-140.0105,36
3.850924,113.60915,-140.55186,35
4.185772,116.580444,-139.10266,36
4.611823,119.54244,-136.86423,30
5.007868,122.49371,-134.87415,29
5.22315,125.44571,-134.42946,27
5.492486,128.3908,-133.51486,25
5.654991,131.34273,-133.51524,28
5.38788,134.35136,-137.21947,23
4.847427,137.42238,-143.29124,22
4.850407,140.4295,-144.67372,24
4.556882,143.504,-148.62457,27
4.577576,146.52956,-149.85686,30
4.529657,149.57913,-151.6847,37
4.640993,152.59578,-152.12923,33
4.718509,155.62526,-152.86594,33
4.80337,158.65689,-153.5373,29
4.900299,161.68857,-154.1018,27
4.847743,164.77858,-155.97076,30
4.920666,167.83052,-156.74347,30
5.320382,170.75227,-154.65239,26
5.417895,173.79543,-155.20348,24
5.546793,176.82788,-155.47737,26
5.222229,180.08257,-159.736,26
4.719367,183.45218,-165.5717,26
4.996566,186.43869,-164.54349,23
0.729638,191.95358,-203.61157,23
0.079633,197.21588,-211.54852,21
-0.594389,200.9107,-218.98322,20
-0.814706,204.35608,-222.41214,24
-0.790725,207.65854,-223.6788,18
1.772619,209.2125,-202.38358,17
6.725461,212.09807,-161.17613,15
1.970858,218.90927,-204.97772,17
3.290653,221.1623,-194.64737,17
10.408026,220.1809,-133.14165,16
11.741796,225.23683,-123.91066,15
11.449397,230.14867,-128.5656,14
9.995327,234.63239,-143.00153,14
-7.603756,29.435041,-210.78119,15
-8.608732,33.44632,-221.56435,17
-9.344113,36.128544,-229.32011,27
-9.504462,39.16178,-232.26372,22
-6.016082,44.109924,-204.53218,18
-4.080668,48.13813,-189.79791,19
-5.464881,50.504364,-203.00586,19
-4.601646,53.961807,-197.27306,17
-2.982799,57.716103,-185.13435,18
-0.779596,61.64686,-168.01398,18
-0.249673,64.8359,-165.02501,19
-0.404184,67.75714,-167.83228,19
-0.269225,70.792244,-168.18335,18
1.438501,74.336586,-155.15044,20
1.972682,77.4591,-152.07704,26
2.337762,80.517815,-150.43422,22
3.163838,83.68547,-144.8458,19
2.8333,86.55291,-149.13083,20
1.794953,89.292854,-159.48439,21
1.893129,92.30136,-160.11594,31
3.509179,95.56507,-147.7134,29
4.526541,98.6771,-140.42178,29
4.842672,101.66555,-139.1437,28
5.035773,104.63495,-138.91902,25
5.161297,107.59785,-139.27332,33
5.30136,110.563194,-139.49925,34
5.681918,113.53673,-137.64133,31
6.126521,116.5007,-135.22021,29
6.345485,119.45552,-134.7467,28
6.669104,122.40365,-133.3594,33
6.873711,125.35188,-133.00012,33
7.012785,128.30388,-133.20708,43
7.135198,131.25896,-133.55641,47
7.088369,134.23846,-135.38065,35
6.782757,137.26828,-139.46823,35
6.765175,140.26868,-141.04199,33
6.719192,143.28357,-142.86533,31
6.605093,146.324,-145.28761,29
6.514486,149.37201,-147.5064,33
6.542949,152.39981,-148.68015,37
6.640362,155.41388,-149.24628,39
6.726795,158.43506,-149.90758,39
6.852018,161.44698,-150.22491,34
6.737329,164.54977,-152.66087,28
7.122195,167.46997,-150.67778,27
7.478423,170.392,-148.94048,33
7.527879,173.4407,-149.91824,27
7.142107,176.69823,-154.76283,26
5.743518,180.47942,-168.62752,28
4.48954,184.26294,-181.23592,29
3.35013,188.05476,-192.85117,25
2.007161,192.02602,-206.31055,29
1.853164,195.37326,-209.16948,30
1.885637,198.62311,-210.36328,24
1.018159,204.10745,-220.37215,19
2.252264,208.23392,-211.52687,17
3.810086,212.05493,-199.72797,15
4.032564,215.16072,-199.19054,18
3.70456,218.6911,-203.6178,21
11.662991,217.1719,-133.86171,17
11.826743,220.14209,-133.76306,18
12.383131,222.77422,-130.10274,16
12.317051,225.94019,-132.08084,17
13.194569,229.80757,-126.17243,15
12.96417,233.13632,-129.64265,14
9.964932,240.79813,-159.06587,14
-6.526038,33.65088,-217.53546,18
-7.637909,36.100903,-228.56462,26
-7.433383,39.33004,-228.43951,28
-3.816054,44.357433,-199.2881,19
-2.212467,48.21501,-187.20213,19
-3.849922,50.442417,-202.71452,20
-2.407011,54.17008,-191.96458,18
-0.501936,58.043888,-177.23083,19
1.161473,61.739487,-164.5228,18
1.185741,64.72141,-165.82753,18
2.152678,68.06023,-159.04077,19
3.198274,74.338524,-153.04602,19
3.533179,77.3959,-151.65007,22
3.973664,80.475174,-149.33568,18
4.67832,83.610374,-144.72896,18
4.557079,86.52511,-147.25137,21
4.345093,89.433174,-150.56273,21
5.01689,92.527534,-146.2132,26
5.963485,95.64497,-139.46179,27
6.36067,98.646355,-137.46709,26
6.560919,101.61268,-137.17836,22
6.601459,104.56129,-138.27791,30
6.983589,107.54175,-136.39433,30
7.118745,110.49877,-136.66133,34
7.467652,113.46363,-135.05443,36
7.711691,116.4191,-134.35895,40
7.896769,119.371765,-134.17561,39
8.105426,122.32251,-133.78111,47
8.290863,125.272644,-133.58646,58
8.428577,128.22595,-133.80832,51
8.521809,131.18546,-134.41977,43
8.638151,134.1453,-134.82526,43
8.695292,137.1168,-135.75206,36
8.729948,140.09761,-136.87701,31
8.767394,143.0842,-137.97694,30
8.51335,146.14362,-141.66432,28
8.353251,149.19955,-144.52278,32
8.421436,152.20827,-145.3534,33
8.481944,155.22424,-146.25136,33
8.543778,158.24515,-147.13664,33
8.625049,161.26459,-147.84744,36
8.591514,164.33131,-149.58405,31
8.899525,167.27243,-148.2625,33
9.032807,170.28065,-148.50174,31
8.821295,173.44475,-151.83524,28
8.878491,176.50134,-152.75803,27
5.634386,181.19867,-183.40489,37
5.362168,184.51964,-187.33412,36
4.801335,188.02023,-193.87569,27
4.172995,191.59619,-201.04121,29
4.052844,194.91052,-203.62306,36
3.925161,198.2448,-206.27693,32
3.47365,201.80342,-211.87268,27
3.568521,205.0284,-212.51654,22
3.863745,208.11897,-211.337,17
4.432131,211.00761,-207.6641,18
5.249917,213.69128,-201.70517,18
5.441929,216.82513,-201.442,21
13.137169,215.53615,-133.28395,18
13.259542,218.53842,-133.56543,22
13.413349,221.51651,-133.5571,18
13.439877,224.60861,-134.71535,24
13.951002,227.26698,-131.41908,18
13.926457,230.4103,-133.04361,16
15.69295,234.93282,-119.54358,15
-3.58918,34.375664,-206.09184,21
-5.791583,36.155853,-226.58496,22
-5.801175,39.2606,-228.29266,39
-1.955273,44.43219,-196.83678,19
-1.707565,49.117863,-197.0738,20
-0.544611,52.71872,-188.61543,19
0.728708,56.32503,-179.17648,19
2.19065,59.963203,-168.07588,18
3.873784,65.106804,-155.78235,18
4.862532,68.43123,-148.71211,18
4.609552,72.75163,-153.16873,19
4.97555,75.82178,-151.48714,19
5.728906,78.997795,-146.41815,18
6.05914,82.03043,-145.02794,19
6.31327,85.036064,-144.29588,21
6.786245,88.08749,-141.64145,22
7.212259,91.11482,-139.38812,27
7.478318,94.10067,-138.52979,30
7.79484,97.08966,-137.22179,25
8.086902,100.06812,-136.12212,24
8.142345,103.013664,-137.10191,34
8.740358,106.013,-133.29105,29
8.822185,108.95757,-134.02943,32
8.911093,111.90619,-134.7035,34
9.109345,114.86046,-134.40677,36
9.317782,117.81302,-134.01538,49
9.502707,120.764114,-133.82838,49
9.646182,123.71637,-134.00635,37
9.870523,126.66359,-133.46083,31
9.966817,129.62059,-134.05287,31
9.857045,132.60612,-136.48381,30
9.984227,135.57022,-136.79832,30
10.067245,138.54369,-137.50595,33
10.246756,141.50253,-137.34679,39
10.315234,144.48509,-138.18103,37
10.177988,147.52235,-140.86382,36
10.049749,150.57213,-143.46931,40
10.102712,153.58363,-144.44504,42
10.162037,156.59888,-145.36275,44
10.28102,159.59935,-145.74052,37
10.27521,162.64795,-147.24559,32
10.258263,165.70963,-148.85237,35
10.531904,168.66049,-147.82397,30
10.244668,171.85233,-151.88512,35
10.244738,174.93402,-153.34053,27
8.908061,178.67683,-166.9715,31
6.261147,183.16725,-192.58339,39
6.948214,186.00526,-187.81514,36
6.659675,189.36739,-191.95163,36
6.150689,192.88286,-198.11414,34
5.950572,196.24384,-201.45844,32
5.939898,199.50334,-203.06989,29
5.73116,202.90436,-206.50298,28
5.710601,206.1958,-208.21066,22
5.751912,209.45361,-209.35007,22
6.352215,212.30502,-205.33289,23
6.994619,215.10307,-200.91405,26
14.507742,213.98462,-133.64465,19
14.667485,216.95583,-133.58655,23
14.598746,220.12378,-135.64615,25
14.938523,222.944,-133.91353,22
15.197471,225.82938,-132.92632,21
15.695825,228.48671,-129.70462,19
15.887048,231.42258,-129.33707,18
23.50345,228.49052,-60.29232,15
-1.842425,29.837114,-202.27191,16
-0.601903,33.643536,-193.14157,21
-3.656926,34.837635,-221.2348,25
-4.260992,37.583717,-228.11606,33
-0.976107,42.511337,-201.19342,20
0.0845,46.12061,-193.56207,19
-0.10898,49.053417,-196.84131,20
2.149006,53.18997,-178.72028,19
2.361152,56.2867,-178.4337,21
3.82861,59.93233,-167.15181,18
5.87692,63.760326,-150.74312,18
5.798842,66.66523,-152.95361,18
6.296102,69.79419,-150.10857,19
6.29963,72.73589,-151.59825,19
6.921021,75.88541,-147.64194,19
7.435322,78.981285,-144.61646,17
7.719047,81.99652,-143.61702,20
8.383183,85.10316,-139.24448,20
8.781789,88.124695,-137.20958,25
8.991555,91.09563,-136.84135,28
9.134481,94.0518,-137.06238,23
9.587879,97.05915,-134.518,22
9.608398,99.99269,-135.81984,30
10.046744,102.981,-133.39412,32
10.359383,105.94472,-132.08125,33
10.386866,108.88186,-133.31216,32
10.485168,111.82854,-133.90855,29
10.676721,114.78017,-133.66666,42
10.842052,117.73053,-133.65616,40
11.065863,120.67924,-133.11633,37
11.369287,123.62104,-131.8548,29
11.518127,126.56778,-131.98032,31
11.250463,129.5565,-135.86327,30
11.250971,132.53311,-137.32877,29
11.379575,135.49889,-137.63527,29
11.507897,138.46655,-137.94186,25
11.663912,141.43073,-137.99469,32
11.778759,144.40459,-138.41862,38
11.894677,147.38081,-138.83073,32
11.797808,150.41699,-141.17966,37
11.790588,153.43991,-142.71371,37
11.837219,156.45448,-143.75676,31
11.923287,159.4617,-144.4387,33
11.887732,162.5179,-146.2335,28
11.860057,165.58142,-147.95773,29
11.876838,168.63637,-149.2752,32
11.752523,171.76173,-151.89078,29
11.705765,174.8658,-153.79616,31
11.541098,178.0392,-156.79071,33
9.768784,182.06349,-174.63199,35
8.896878,185.69676,-184.19365,42
8.431802,189.15189,-190.01186,54
8.383917,192.3919,-191.9759,43
7.9859,195.8609,-197.19168,32
7.793639,199.22682,-200.50635,36
7.804907,202.47552,-201.93335,29
7.71124,205.80643,-204.33902,26
7.679487,209.1071,-206.17087,29
8.112038,212.07137,-203.66809,30
8.28392,215.22502,-203.59428,23
14.70158,213.37585,-145.02715,20
16.100588,215.3528,-133.36548,25
16.137262,218.42857,-134.46262,24
16.3081,221.39381,-134.2991,24
16.673275,224.18335,-132.30371,21
17.130358,226.87741,-129.43477,21
17.140633,229.98528,-130.77344,19
17.26575,232.9889,-131.02834,19
25.124544,229.62982,-58.7737,14
0.828095,33.48154,-194.34644,21
-2.090943,34.73616,-221.5756,25
-2.482543,37.600716,-226.66887,33
0.876204,42.587563,-198.77492,19
1.559437,49.02543,-195.98262,20
3.883235,53.204876,-177.06267,19
4.101082,56.299892,-176.71785,20
7.396292,62.22407,-149.87636,17
6.992481,64.988884,-155.002,18
6.785965,69.33471,-159.15868,20
8.037079,72.73871,-149.56392,18
9.289931,77.55134,-140.68365,17
9.337467,80.48847,-141.77896,19
9.95472,83.58514,-137.77472,23
10.293236,86.59132,-136.25392,27
10.431404,89.54418,-136.52335,30
10.791297,92.54246,-134.79736,24
11.090579,95.52055,-133.60855,23
11.206505,98.464,-134.06512,30
11.647958,101.45164,-131.58223,34
11.746767,104.38977,-132.18481,31
11.902392,107.33549,-132.27156,35
11.914617,110.27322,-133.6542,34
11.982279,113.22004,-134.53413,36
12.103622,116.171936,-134.92545,28
12.382544,119.12359,-133.88106,31
12.763004,122.06573,-131.90565,36
12.846596,125.016106,-132.62914,35
12.787604,127.98287,-134.6534,27
12.843325,130.94774,-135.63075,32
12.877749,133.92091,-136.80249,35
12.976991,136.89018,-137.37975,36
13.051391,139.86736,-138.1834,41
13.202172,142.83315,-138.28386,40
13.313968,145.80894,-138.7403,36
13.467619,148.77673,-138.80896,34
13.487434,151.78336,-140.11015,40
13.529846,154.79048,-141.20282,39
13.629852,157.78477,-141.76237,33
13.609509,160.82594,-143.43571,29
13.5414,163.89511,-145.5538,32
13.438612,166.99066,-147.99681,36
13.382172,170.08002,-150.01213,31
13.386012,173.15335,-151.46838,30
13.332683,176.26318,-153.45897,30
11.802564,180.14005,-169.24672,34
10.768495,183.83786,-180.43375,46
10.476202,187.1805,-184.70026,44
10.32585,190.46408,-187.64423,54
10.353587,193.65541,-188.92099,59
10.01365,197.09024,-193.65558,35
9.73966,200.50839,-197.77914,32
9.706207,203.78397,-199.64336,33
9.818735,206.96613,-200.13184,35
9.848781,210.21364,-201.3988,33
9.938787,213.4232,-202.09909,22
15.587565,212.20618,-150.11647,22
17.607334,213.68958,-132.4333,29
17.684189,216.72734,-133.16357,25
17.816267,219.72214,-133.36823,21
18.346632,222.35951,-129.77681,22
18.545689,225.2863,-129.33452,24
18.460028,228.48457,-131.6088,28
19.958563,230.13808,-118.73442,19
2.758049,29.134699,-188.70027,18
2.71939,32.108196,-190.67097,22
-0.595402,34.591217,-222.5453,22
-0.021194,38.022907,-219.1111,25
2.549666,47.12343,-200.3367,22
5.256025,51.547615,-177.79173,21
5.417709,54.61812,-177.94644,21
8.665149,60.57853,-151.23242,17
9.215015,63.74484,-147.8563,18
8.568871,66.4093,-155.2191,17
9.164232,69.58418,-151.4221,19
10.004387,72.82606,-145.40405,17
10.549273,75.93729,-142.03119,17
11.150239,79.04767,-138.13844,20
11.571637,82.08563,-135.85669,25
11.795109,85.05909,-135.35922,29
11.84633,87.98821,-136.42023,33
12.327218,91.01503,-133.57523,27
12.651478,93.99648,-132.14438,24
12.834407,96.94636,-131.99426,30
13.241043,99.92723,-129.79846,36
13.15172,102.83699,-132.12582,36
13.461989,105.79688,-130.79916,39
13.375265,108.72134,-133.10349,40
13.397779,111.66297,-134.40825,29
13.541193,114.61413,-134.6022,28
13.640604,117.566315,-135.19818,30
13.82203,120.51952,-135.03676,37
14.164823,123.46367,-133.38272,43
14.346837,126.411156,-133.20628,38
14.431151,129.36763,-133.92995,39
14.53405,132.32578,-134.48022,40
14.589575,135.29413,-135.46817,41
14.70729,138.25719,-135.87794,37
14.822627,141.22318,-136.30782,43
14.907505,144.19862,-137.01938,42
14.958371,147.18674,-138.04698,51
15.061552,150.16647,-138.58572,48
15.160124,153.15091,-139.166,44
15.305877,156.12363,-139.30302,41
15.329021,159.14061,-140.58719,37
15.302953,162.18362,-142.33392,38
15.215913,165.2612,-144.65565,39
15.234448,168.307,-145.98682,28
15.273864,171.35132,-147.12195,31
15.142053,174.48447,-149.87367,30
13.727237,178.2804,-164.75775,38
12.35937,182.13379,-179.23459,48
12.2267,185.38058,-182.04034,47
12.225774,188.56705,-183.6006,60
12.181444,191.78947,-185.57483,72
12.201246,194.98308,-186.94145,73
12.205304,198.19574,-188.4592,37
11.625428,201.81909,-195.55,33
11.443514,205.19885,-198.85506,33
11.478768,208.43752,-200.08876,35
11.810407,211.45702,-198.4841,23
17.46357,210.24724,-145.82588,23
19.141693,212.00476,-131.20633,39
19.191332,215.06108,-132.20872,25
19.451721,217.94014,-131.18188,20
19.851215,220.68944,-128.80875,24
19.950937,223.70494,-129.32214,30
19.951105,226.81984,-130.79756,24
19.155983,230.7258,-139.97552,15
25.615261,230.34918,-80.25156,14
4.507169,29.187174,-187.01591,20
4.228507,31.997139,-191.15704,26
1.877256,33.51784,-213.91554,17
1.316884,36.244564,-220.63135,25
3.597686,40.66815,-201.77953,19
3.571265,45.220684,-204.50346,22
6.304408,49.716526,-181.46541,20
6.947222,53.03887,-177.27327,22
8.356821,56.706963,-166.11746,18
10.494711,62.109356,-149.10484,18
10.009606,66.302345,-155.87947,18
11.116033,69.67821,-147.37857,18
11.794956,72.85413,-142.75104,17
12.51972,76.02078,-137.6881,20
13.018941,79.08939,-134.67111,23
13.150213,82.03463,-135.01357,29
13.241563,84.97049,-135.71971,34
13.603014,87.97513,-133.94241,30
14.165318,91.013916,-130.30869,24
14.284821,93.947075,-130.74113,29
14.676003,96.92842,-128.6647,34
14.759201,99.85352,-129.42455,34
14.779553,102.77471,-130.76445,34
14.972752,105.71955,-130.50327,39
14.988189,108.64989,-131.88718,30
15.063594,111.59028,-132.71428,29
15.206961,114.53654,-132.90816,36
15.35812,117.483765,-133.02657,34
15.513129,120.43148,-133.10612,37
15.673485,123.379364,-133.13263,38
15.969686,126.31719,-131.88521,51
16.112389,129.26392,-132.06898,49
16.046797,132.23792,-134.20383,45
16.149195,135.19823,-134.76343,43
16.301693,138.15294,-134.8502,51
16.475685,141.10406,-134.73167,55
16.603586,144.0653,-135.04448,54
16.647112,147.04987,-136.15189,53
16.695126,150.03954,-137.21687,56
16.784517,153.02289,-137.88994,59
16.885696,156.0065,-138.45009,64
16.988216,158.9932,-138.99612,50
16.992311,162.0208,-140.47664,48
17.036402,165.04085,-141.57753,40
17.058907,168.07689,-142.88443,36
17.0314,171.14359,-144.66948,34
16.763145,174.33728,-148.75839,37
15.544768,178.03859,-161.95158,43
14.415339,181.76534,-174.32516,46
13.958641,185.18246,-180.27193,48
13.883415,188.4086,-182.56528,67
13.992603,191.53487,-183.08713,89
14.01165,194.72287,-184.47668,84
14.175012,197.82315,-184.47458,72
13.80085,201.29817,-189.66498,40
13.171861,204.98706,-197.33311,33
13.084097,208.3145,-199.7747,28
17.652103,208.04497,-157.0412,24
20.275269,209.09985,-133.08778,37
20.730421,211.82162,-130.16266,30
20.781837,214.87436,-131.16129,23
21.26476,217.55235,-127.95049,19
21.464378,220.47198,-127.49684,29
21.349255,223.68602,-130.1191,30
21.416521,226.73996,-130.95993,20
17.914448,236.58345,-168.36455,15
27.288004,231.48149,-78.43184,14
10.091115,24.664513,-146.5182,15
6.287381,29.264565,-185.00443,21
5.849648,31.959728,-190.63383,24
2.827177,34.567947,-220.6172,18
5.116754,39.03791,-201.46867,21
5.472171,42.2834,-199.90205,21
5.625734,45.407112,-200.17067,21
8.122848,49.783382,-179.00127,21
8.363359,52.89679,-178.43687,21
11.085503,57.21479,-155.10489,18
11.477849,60.33182,-153.10277,17
11.545908,63.295143,-154.07416,17
12.3071,66.5507,-148.65997,18
13.000921,69.75096,-143.84824,19
13.590482,72.88714,-139.98239,19
14.402507,76.07889,-134.04419,20
14.596935,79.04187,-133.8066,26
14.641027,81.958626,-134.95926,33
14.976106,84.95971,-133.40855,28
15.524541,88.00476,-129.86533,25
15.832461,90.977356,-128.54909,26
16.148745,93.944305,-127.14773,27
16.28271,96.87193,-127.44199,43
16.241642,99.7748,-129.37105,28
16.436718,102.7168,-129.08995,40
16.458244,105.63989,-130.4327,32
16.429703,108.56617,-132.24614,34
16.590708,111.51124,-132.2782,39
16.77157,114.456894,-132.12006,39
17.027634,117.401566,-131.24878,39
17.189222,120.34402,-131.26422,41
17.537117,123.277145,-129.51413,42
17.728277,126.21288,-129.24065,50
17.848091,129.15448,-129.63991,52
17.871244,132.11055,-130.95523,51
17.852175,135.08032,-132.67278,50
17.915213,138.04497,-133.60991,51
18.0523,140.99985,-133.8402,47
18.195248,143.95496,-134.01222,46
18.28619,146.92458,-134.67905,49
18.396856,149.89268,-135.15584,49
18.45643,152.87944,-136.12102,50
18.543118,155.8629,-136.82553,60
18.691347,158.82867,-136.93726,51
18.827938,161.80014,-137.15858,41
18.907038,164.79694,-137.93213,36
18.901808,167.83546,-139.51942,31
18.728666,170.96106,-142.73225,33
18.243994,174.25734,-148.968,37
17.681435,177.6287,-155.97351,37
16.868189,181.1752,-165.43004,46
15.900583,184.86232,-176.4109,45
15.474749,188.28801,-182.14403,73
15.617685,191.39218,-182.34444,104
15.839244,194.44745,-181.77518,98
15.958948,197.5695,-182.19772,82
16.14516,200.64824,-181.9679,62
15.34816,204.44508,-191.37474,31
17.042435,206.40753,-176.34616,25
21.124855,206.41264,-137.7953,30
21.991728,208.81674,-130.79288,34
22.181744,211.75157,-130.44174,23
22.555817,214.52602,-128.27066,22
22.890257,217.32509,-126.48334,23
22.820919,220.48817,-128.68623,26
22.862585,223.55945,-129.79286,20
22.877909,226.66417,-131.16223,17
20.438356,232.24954,-156.93471,15
23.866693,233.46924,-125.12711,15
18.789845,245.34561,-178.86884,14
9.029825,25.595503,-171.62567,15
7.741603,29.11946,-185.92955,24
7.191917,31.73616,-192.65508,20
6.457922,37.298058,-202.78662,24
7.659872,41.05952,-193.39265,22
6.731799,43.541725,-203.64844,20
9.791032,49.772972,-177.86295,20
12.661237,57.169697,-154.5209,17
12.861187,60.195995,-154.28018,19
14.114556,65.14474,-145.02548,19
14.463057,68.203545,-143.37479,18
15.340144,71.45648,-136.77562,19
15.804902,74.5257,-134.01317,24
16.050966,77.506355,-133.28899,31
16.22344,80.459694,-133.2498,36
16.61655,83.47563,-131.13322,27
17.150698,86.517,-127.67971,26
17.501528,89.49619,-125.94076,26
17.717472,92.437096,-125.46662,29
17.756529,95.34178,-126.659775,36
17.622604,98.22412,-129.49033,39
17.910677,101.17954,-128.32523,44
17.771887,104.08008,-131.20557,39
17.842457,107.01415,-132.10051,66
18.105148,109.96497,-131.16577,58
18.510645,112.91611,-128.86368,57
18.95805,115.85551,-126.15173,53
19.403135,118.78052,-123.45116,35
19.58767,121.70101,-123.23411,35
19.44048,124.641426,-126.19338,42
19.404682,127.58778,-128.08847,50
19.439175,130.53633,-129.30998,56
19.56487,133.47879,-129.65378,61
19.724876,136.41759,-129.66472,59
19.799423,139.37314,-130.49774,52
19.82444,142.34422,-131.80884,58
19.908401,145.30833,-132.55005,58
20.04339,148.26305,-132.7957,48
20.092075,151.24506,-133.87697,47
20.130392,154.23676,-135.05913,44
20.230417,157.2138,-135.64105,48
20.384224,160.17442,-135.69745,45
20.526726,163.14047,-135.86157,38
20.517218,166.17314,-137.50964,38
20.481258,169.22746,-139.41847,34
20.32627,172.35027,-142.49692,42
19.85945,175.64915,-148.6427,32
19.294767,179.03487,-155.7652,38
17.438505,183.18651,-175.62032,50
17.078789,186.56647,-180.77457,75
17.122335,189.72722,-181.95946,105
17.347012,192.77892,-181.35443,105
17.74475,195.71227,-179.03195,88
17.848476,198.83911,-179.61539,83
18.13449,201.83803,-178.38835,68
18.73334,204.59569,-174.04562,28
22.76379,204.65074,-135.52637,29
23.353018,207.27502,-131.20323,30
23.341747,210.37862,-132.86061,23
23.680689,213.1901,-131.0197,24
24.274178,215.76543,-126.623375,21
24.463594,218.68929,-126.26351,30
24.44909,221.80595,-127.94797,22
23.677576,225.67302,-137.24516,22
24.686651,230.93098,-130.18507,17
25.56243,233.13792,-122.89012,17
10.21796,23.790485,-174.02063,15
9.001581,25.85188,-186.98041,16
9.1451,28.936995,-187.34428,25
8.385551,31.407665,-196.10472,17
6.024803,32.86984,-219.801,20
7.295364,36.752136,-209.68959,22
8.834782,40.74502,-197.03343,22
9.176535,43.970753,-195.54083,20
11.056032,48.050453,-179.63342,20
11.346277,51.193798,-178.58687,19
15.355251,62.041473,-145.83478,17
16.110567,65.28701,-140.32957,20
16.69533,68.43241,-136.41666,18
17.159561,71.5097,-133.62958,24
17.440186,74.504616,-132.57101,27
17.62261,77.45988,-132.43791,40
18.07279,80.49854,-129.75601,27
18.504324,83.517204,-127.24032,28
19.02777,86.54669,-123.83784,25
19.127096,89.4554,-124.470695,30
19.299932,92.38293,-124.399315,37
19.160166,95.24986,-127.3169,34
19.122252,98.14873,-129.26306,39
19.495008,101.11544,-127.268745,51
19.57531,104.03755,-128.0771,65
20.009457,106.99565,-125.47766,61
20.540209,109.94614,-121.93606,52
21.048906,112.87687,-118.59403,40
21.395687,115.787544,-116.804924,35
21.564945,118.6908,-116.726524,31
21.3696,121.60733,-120.18023,37
21.089588,124.5477,-124.46291,49
20.996532,127.494286,-126.9367,67
21.100262,130.43152,-127.497955,73
21.26171,133.36371,-127.49487,72
21.421392,136.29645,-127.506004,72
21.538097,139.2378,-127.9345,77
21.595541,142.1948,-128.94168,71
21.681723,145.15048,-129.66693,67
21.807005,148.09976,-130.00731,65
21.868221,151.07051,-130.97594,68
21.921007,154.04967,-132.02747,71
22.076159,156.99898,-132.06953,71
22.23775,159.94664,-132.0454,70
22.391745,162.89783,-132.09349,68
22.40027,165.9129,-133.58005,64
22.38595,168.9473,-135.29483,47
22.306133,172.02365,-137.66243,43
22.447918,174.99976,-137.82973,39
22.376848,178.09283,-140.11528,45
18.920181,183.125,-176.17911,65
18.621964,186.47319,-180.78967,99
18.687592,189.62079,-181.77083,137
19.114145,192.53975,-179.13652,100
19.907104,195.19643,-172.81645,91
19.638533,198.56941,-177.14078,90
19.950502,201.54106,-175.63441,79
20.356647,204.4337,-173.17268,34
24.540703,204.32727,-132.5856,25
24.759283,207.24219,-131.9467,26
24.634098,210.4459,-134.78209,26
24.695795,213.50319,-135.73,28
25.78342,215.64009,-126.26914,29
26.0603,218.4809,-125.01742,27
25.789852,221.8418,-129.32947,24
25.375711,225.37059,-135.11603,25
26.688116,227.17566,-123.299644,20
26.44576,230.54323,-127.33531,20
26.092287,234.05463,-132.5178,20
24.492449,238.97415,-150.48538,18
12.555377,21.405321,-164.85904,15
10.795037,27.438818,-185.61646,19
11.126348,30.651644,-184.21104,24
8.969534,35.208122,-207.98827,21
10.421859,42.189648,-197.7242,20
11.307329,45.731636,-191.0535,20
14.406139,50.47,-163.34535,21
18.115578,61.120983,-132.98866,18
17.871706,63.88651,-136.94058,20
18.255104,66.943565,-134.90137,19
18.647562,69.993004,-132.76582,26
18.885328,72.97126,-132.10432,33
19.115515,75.9427,-131.51025,39
19.684511,79.023445,-127.65169,31
20.116701,82.041275,-125.09633,29
20.560751,85.04856,-122.41577,29
20.661428,87.95271,-123.04154,33
20.875854,90.8862,-122.56519,37
21.070509,93.81264,-122.2757,29
21.097042,96.70665,-123.61351,41
21.475191,99.662315,-121.53482,43
21.936634,102.617676,-118.63619,37
22.222761,105.539055,-117.43465,45
22.550554,108.45722,-115.819664,37
22.916462,111.3687,-113.82428,34
23.141815,114.26565,-113.19583,36
23.202024,117.158905,-114.18117,34
22.950706,120.06497,-118.22459,44
22.737196,122.990654,-121.90486,68
22.766882,125.91736,-123.19841,77
22.923178,128.83804,-123.24426,72
23.129698,131.75262,-122.791405,69
23.246416,134.67894,-123.22217,71
23.341135,137.61183,-123.86911,79
23.42019,140.55174,-124.67026,81
23.501928,143.49562,-125.44425,81
23.620934,146.43427,-125.84692,78
23.755056,149.37114,-126.097466,80
23.941936,152.2931,-125.81963,78
24.139292,155.21051,-125.43371,75
24.356129,158.11914,-124.84909,76
24.51835,161.04686,-124.80717,73
24.61062,164.00464,-125.4642,69
24.573555,167.02505,-127.41966,68
24.449884,170.09836,-130.24942,65
24.321352,173.1903,-133.1337,60
24.438593,176.16756,-133.54425,48
22.69919,180.19089,-152.7113,54
20.582687,184.54266,-175.74626,82
20.110638,188.00694,-182.18309,143
20.397242,191.01814,-180.93835,120
22.016117,193.12646,-166.15022,104
22.03104,196.2791,-167.6387,95
21.613008,199.75693,-173.54108,84
22.073534,202.60284,-170.49257,73
26.10347,204.16922,-131.75017,24
26.492947,206.9393,-129.35303,23
26.274475,210.21857,-133.1822,23
26.81637,212.84668,-129.21082,25
27.44416,215.37517,-124.34263,29
27.494871,218.42244,-125.4027,26
27.324493,221.69217,-128.74472,23
27.698288,224.43684,-126.47322,23
28.062866,227.17964,-124.28882,22
26.259418,233.80043,-145.36372,22
26.231853,237.0183,-147.26585,19
26.330063,240.10588,-147.86436,18
26.290922,246.57733,-151.51817,15
13.104664,20.55284,-174.13536,16
13.4274,26.684069,-174.50224,19
12.476982,28.944143,-185.2694,22
13.65849,32.74978,-175.73047,20
13.032105,36.773956,-184.29118,20
12.515834,39.42896,-190.95953,24
11.858634,42.030636,-198.99518,20
12.994982,45.729164,-189.82938,20
16.37831,50.64743,-159.02531,23
19.922993,56.918076,-127.3895,18
19.728523,59.6767,-130.9017,19
19.518528,62.445248,-134.57086,19
19.802183,65.455215,-133.46863,22
20.150412,68.486244,-131.7336,25
20.333467,71.44118,-131.59367,32
20.800749,74.50174,-128.68623,34
21.322514,77.56564,-125.23618,25
21.625751,80.53974,-123.90372,29
22.005802,83.529396,-121.813675,36
22.314121,86.48789,-120.4158,32
22.591642,89.43093,-119.31203,42
23.049694,92.40814,-116.43086,35
23.214481,95.31176,-116.418816,38
23.409864,98.22027,-116.10258,35
23.716173,101.143036,-114.6892,39
23.973768,104.05222,-113.74918,41
24.204268,106.953674,-113.070854,36
24.475048,109.854126,-111.98887,41
24.6504,112.7447,-111.84638,35
24.60754,115.63106,-113.86601,40
24.485039,118.52892,-116.68015,57
24.414307,121.43984,-118.984184,73
24.64074,124.344154,-118.3296,71
24.933628,127.23905,-117.00653,65
25.131165,130.13814,-116.62995,66
25.23175,133.04932,-117.220116,70
25.227798,135.98172,-118.85735,77
25.264788,138.91502,-120.08525,83
25.33408,141.848,-120.9891,85
25.440062,144.77698,-121.52326,86
25.57232,147.70189,-121.7911,83
25.772173,150.60797,-121.37432,83
26.032179,153.49228,-120.34512,83
26.299044,156.36905,-119.240776,80
26.522495,159.25719,-118.571,76
26.670782,162.17354,-118.660255,75
26.75492,165.1194,-119.39994,75
26.750416,168.11172,-121.04232,72
26.554955,171.20898,-124.6355,69
26.36819,174.32207,-128.14787,57
26.37943,177.34538,-129.64172,52
25.839306,180.69902,-136.78812,53
21.807585,186.22565,-179.78825,78
21.572378,189.56372,-183.88979,115
23.101334,191.74788,-169.8421,85
23.926384,194.34532,-163.00717,127
23.8386,197.56729,-165.57336,110
23.957382,200.64908,-166.00932,87
24.185652,203.64886,-165.31087,77
26.747515,204.75412,-140.41287,25
28.265396,206.59828,-126.280365,21
28.4621,209.51228,-125.843025,24
28.891567,212.21616,-122.97861,26
28.967402,215.23305,-123.791954,28
29.041056,218.25792,-124.628624,24
29.104483,221.29901,-125.573044,23
29.243452,224.27013,-125.72726,23
29.345234,227.28241,-126.27028,22
29.05587,230.71954,-130.92238,20
28.281576,234.72012,-140.68831,18
27.64705,238.61925,-149.00859,17
28.107279,246.10687,-148.26872,14
15.851753,20.002674,-161.68092,16
14.582255,23.369873,-176.46811,16
14.283331,27.571905,-181.95818,22
13.859954,30.233347,-187.79071,21
15.706785,34.505642,-171.68788,26
15.028333,38.48167,-180.85425,19
12.999813,40.169533,-202.28021,21
14.111049,43.881386,-193.25072,20
16.084227,48.049778,-175.80032,19
20.043581,53.238976,-138.93167,20
21.09123,56.680275,-130.37616,21
21.149006,59.572247,-131.47003,21
21.182798,62.457436,-132.79865,20
21.508663,65.48266,-131.26338,27
21.689379,68.43626,-131.14565,30
22.053185,71.46318,-129.22318,32
22.66566,74.57446,-124.84201,25
22.961342,77.54934,-123.569664,33
23.33473,80.54269,-121.522385,29
23.699265,83.522095,-119.55327,34
24.096811,86.499916,-117.247856,33
24.496223,89.46567,-114.91372,33
24.755213,92.386856,-113.965096,39
24.92449,95.2846,-113.90346,34
25.259523,98.21072,-112.18591,34
25.518097,101.116104,-111.22356,35
25.686357,104.00512,-111.15812,35
25.930677,106.90085,-110.32773,33
26.110212,109.78752,-110.14145,36
26.093025,112.6646,-111.9272,48
26.047762,115.55057,-113.99769,73
26.109463,118.44643,-114.99379,79
26.425562,121.338165,-113.42355,69
26.833868,124.21569,-110.91407,70
27.032045,127.09901,-110.52026,73
27.1039,129.99521,-111.40237,70
27.102207,132.90694,-113.030495,82
27.057833,135.83492,-115.0944,85
27.075197,138.76195,-116.533195,87
27.142899,141.68562,-117.46042,95
27.249159,144.60478,-117.99398,91
27.396727,147.5156,-118.104095,94
27.63223,150.40027,-117.31163,91
27.931847,153.25949,-115.85674,90
28.22135,156.11508,-114.49878,85
28.465887,158.98148,-113.59658,83
28.632872,161.87616,-113.48794,81
28.7467,164.79472,-113.92477,80
28.790197,167.74985,-115.08677,73
28.702755,170.77814,-117.60422,71
28.523964,173.86961,-121.07316,70
28.36534,176.96965,-124.340675,64
28.166933,180.1119,-128.02898,57
26.754177,184.02635,-144.3618,63
24.994972,188.25598,-164.35094,65
25.301538,191.20065,-162.83778,79
25.62126,194.12872,-161.18045,116
25.656858,197.25722,-162.49008,116
25.756718,200.34505,-163.12779,109
25.99892,203.32486,-162.27086,90
26.58284,206.0205,-157.81664,33
29.84192,206.41725,-125.179955,28
30.284931,209.11081,-122.13961,26
30.396288,212.09018,-122.59088,28
30.432644,215.14389,-123.83489,29
30.573524,218.10463,-123.97369,24
30.702349,221.07965,-124.23922,23
30.887451,223.99957,-123.90584,25
31.078175,226.91318,-123.51016,23
31.191895,229.9099,-123.932274,23
31.162088,233.07114,-125.88549,21
30.543413,236.92188,-134.13603,19
30.922302,241.22731,-132.558,17
32.367855,244.19891,-119.52035,14
15.723876,22.977907,-180.36842,17
15.728036,25.937248,-182.09209,19
15.535511,28.757725,-185.73935,22
14.739272,31.161392,-195.3028,22
14.146128,35.26631,-203.79791,24
15.13357,38.94553,-195.89198,21
12.195101,40.10499,-226.58736,20
16.635183,45.891804,-184.66066,20
21.624258,51.780342,-137.18466,20
22.399473,55.084118,-131.21237,22
22.608906,58.05652,-130.8194,21
22.618658,60.925373,-132.40146,19
22.98372,63.971546,-130.45692,22
23.357046,67.01058,-128.42088,28
23.647614,70.003,-127.199524,26
24.077488,73.04421,-124.58158,25
24.43273,76.04316,-122.69779,32
24.996725,79.104515,-118.716606,26
25.35182,82.07709,-116.81313,27
25.650448,85.02243,-115.467285,36
26.01714,87.97865,-113.430145,36
26.297651,90.90272,-112.25094,35
26.516815,93.80682,-111.68342,35
26.89585,96.73818,-109.49704,35
27.112331,99.63093,-108.94447,37
27.217222,102.50506,-109.517105,31
27.525726,105.4047,-108.02341,29
27.58514,108.2751,-109.05205,44
27.529217,111.14415,-111.25386,72
27.610336,114.02897,-112.06324,93
27.814941,116.91853,-111.6123,83
28.212957,119.801186,-109.18073,72
28.595448,122.67173,-106.897896,85
28.781382,125.545395,-106.619675,79
28.869967,128.42792,-107.336784,78
28.869682,131.32613,-108.9668,92
28.825079,134.24034,-111.05506,94
28.800152,137.16234,-112.94399,95
28.832659,140.08234,-114.24275,99
28.910795,142.99857,-115.07082,101
29.061623,145.9,-115.14592,100
29.286276,148.78018,-114.45292,96
29.567394,151.63861,-113.168655,90
29.867098,154.48402,-111.684685,94
30.163849,157.32298,-110.224365,92
30.383709,160.18623,-109.55948,95
30.543829,163.07278,-109.514435,90
30.64246,165.9885,-110.11025,90
30.693624,168.93172,-111.20309,83
30.649899,171.93147,-113.29283,76
30.548332,174.97557,-115.99452,74
30.35358,178.08957,-119.683105,64
30.130098,181.24231,-123.68348,58
29.73675,184.52687,-129.4873,54
29.208336,187.93484,-136.73485,45
28.375507,191.59677,-147.22609,67
27.47621,195.36623,-158.45172,107
27.418015,198.56157,-160.77383,113
27.659578,201.5349,-159.91158,95
27.92946,204.48146,-158.74298,85
30.551786,205.43065,-132.46585,26
31.748278,207.48415,-121.34581,24
31.800364,210.51414,-122.43936,31
31.901976,213.50517,-123.00361,31
32.07041,216.43611,-122.85042,23
32.15722,219.44893,-123.57264,22
32.342,222.36661,-123.24061,25
32.553757,225.25528,-122.61504,23
32.75972,228.14818,-122.04852,27
32.90532,231.10695,-122.13194,24
32.867867,234.27817,-124.19712,21
31.770569,238.71407,-137.76544,20
31.503618,242.22293,-142.35136,18
31.63815,245.26083,-142.58101,15
31.840845,248.21494,-142.06717,15
15.641789,14.138546,-191.93192,15
17.386377,18.58444,-176.55504,15
17.550114,24.601084,-178.4991,19
16.887102,27.043272,-186.84001,22
16.582853,29.793026,-191.6479,20
15.537336,32.034863,-203.82361,23
16.520092,35.739986,-195.87248,21
16.22449,40.06324,-201.5244,19
19.76922,46.787914,-168.84554,21
23.69442,52.04946,-131.3494,22
23.938416,55.04372,-130.6069,23
24.143732,58.012432,-130.24684,21
24.254131,60.929882,-130.83589,20
24.69908,64.01194,-128.05687,23
25.253153,67.128944,-124.16625,25
25.316324,70.01233,-125.21507,24
25.904352,73.1141,-120.95824,26
26.44554,76.17524,-117.15926,26
26.852858,79.16854,-114.702736,29
27.086279,82.09143,-114.001434,33
27.360647,85.02246,-112.87833,38
27.662302,87.95463,-111.470634,36
27.933285,90.87137,-110.36832,41
28.304733,93.80415,-108.23295,36
28.615507,96.713585,-106.708954,35
28.746197,99.58444,-107.022736,30
28.869514,102.45564,-107.41012,30
29.052296,105.33543,-107.18425,44
28.967403,108.19058,-109.71055,72
29.065392,111.06986,-110.355965,104
29.322357,113.957535,-109.358406,93
29.682322,116.840355,-107.28981,78
30.086916,119.71116,-104.74955,86
30.407703,122.572685,-103.06816,87
30.506105,125.44262,-103.68929,82
30.538342,128.32295,-104.998055,100
30.538843,131.21465,-106.63871,104
30.51372,134.11946,-108.54912,102
30.50216,137.03218,-110.320816,96
30.512833,139.94984,-111.86239,99
30.57448,142.86359,-112.87153,106
30.755438,145.75055,-112.62825,107
30.985432,148.62173,-111.86587,99
31.287342,151.46553,-110.341125,100
31.618477,154.29106,-108.500946,99
31.901836,157.12566,-107.15746,104
32.137524,159.97336,-106.31176,100
32.319084,162.8412,-106.03476,100
32.417183,165.74771,-106.6403,101
32.479614,168.67612,-107.62453,102
32.49544,171.63551,-109.1055,93
32.47913,174.62173,-110.93134,83
32.35533,177.68231,-113.90827,78
32.223503,180.76508,-116.977974,72
32.06082,183.88573,-120.38538,55
31.831194,187.07158,-124.519104,48
31.52404,190.33612,-129.49614,55
30.571142,194.10591,-141.43407,66
29.490072,198.04152,-154.78758,85
29.504747,201.17819,-156.35435,89
29.67767,204.19374,-156.2135,92
31.345657,205.92674,-139.88614,26
33.151604,207.44713,-122.01145,29
33.277435,210.41232,-122.323296,26
33.304424,213.47438,-123.70923,26
33.565536,216.31618,-122.54777,22
33.70238,219.2784,-122.73668,22
33.77064,222.31447,-123.67389,22
34.02076,225.16232,-122.62266,21
34.33794,227.93172,-120.831924,23
34.392056,230.99088,-121.921265,26
34.378613,234.13654,-123.75532,26
33.03919,238.88142,-140.19075,18
32.728848,242.4577,-145.32933,16
33.05083,245.26826,-143.49988,16
33.094822,248.4292,-144.73824,17
33.214123,251.49927,-145.14502,16
36.71663,249.98741,-108.02003,15
19.281528,21.741243,-174.82216,15
19.575241,24.913559,-173.67871,19
18.454708,26.978079,-186.70796,21
17.384182,29.14549,-199.2721,19
16.4229,31.455317,-210.773,21
18.696812,36.091465,-189.71648,20
21.27471,42.289124,-166.41232,18
20.684715,44.85018,-174.15718,19
24.464336,50.118023,-137.66568,19
25.333939,53.496063,-130.57672,23
25.379705,56.376625,-131.83235,19
25.719877,59.41943,-130.09277,19
26.205877,62.52617,-126.85817,23
26.715208,65.62654,-123.37212,21
26.9805,68.59753,-122.366776,24
27.669693,71.74339,-117.014565,27
28.147394,74.77618,-113.81145,26
28.436827,77.721375,-112.52872,29
28.694752,80.64837,-111.56296,30
28.878897,83.546196,-111.35099,37
29.23179,86.4918,-109.394196,39
29.61923,89.43592,-107.071,40
29.99924,92.36564,-104.81456,36
30.185759,95.24221,-104.55385,32
30.272371,98.0986,-105.326385,33
30.401613,100.965454,-105.65506,33
30.426668,103.82027,-107.06687,49
30.378424,106.6748,-109.24453,93
30.59353,109.56037,-108.67481,104
30.916613,112.44789,-106.97073,95
31.296907,115.32743,-104.658875,89
31.675283,118.19468,-102.35722,95
32.09139,121.048325,-99.64895,82
32.166897,123.90943,-100.5152,86
32.14928,126.78381,-102.36327,112
32.194233,129.66064,-103.55344,108
32.201763,132.54959,-105.140465,98
32.199215,135.44905,-106.83643,95
32.200115,138.35713,-108.49826,94
32.182796,141.2787,-110.35627,93
32.331482,144.16707,-110.450836,100
32.55112,147.03566,-109.786995,101
32.840496,149.87881,-108.37407,100
33.172462,152.69994,-106.49898,101
33.487465,155.51785,-104.79736,103
33.73704,158.35362,-103.789604,109
33.937565,161.20592,-103.30321,106
34.0896,164.07878,-103.33458,111
34.182545,166.9817,-104.00042,112
34.22908,169.91327,-105.16681,107
34.265022,172.85788,-106.44897,102
34.257355,175.83572,-108.20502,93
34.216846,178.84421,-110.3203,85
34.133194,181.89293,-112.90847,80
34.036987,184.96533,-115.63905,60
33.95204,188.04588,-118.253494,54
33.70335,191.26192,-122.65998,48
33.242035,194.66566,-129.40088,50
32.436844,198.38084,-139.92308,56
31.70527,202.0951,-149.66919,85
31.393116,205.50659,-154.84065,75
34.06889,206.30345,-127.18309,23
34.54734,208.95924,-123.62819,24
34.718174,211.8877,-123.45259,23
34.978172,214.72926,-122.289955,21
35.157734,217.64679,-122.011986,26
35.199226,220.70778,-123.26089,22
35.534214,223.46281,-121.256,22
35.769714,226.3176,-120.348915,34
35.734047,229.47646,-122.45562,28
35.615913,232.74495,-125.48663,24
35.008755,236.61824,-133.98549,21
34.07205,240.9469,-146.19421,19
34.06371,244.17572,-148.0433,23
34.114754,247.3399,-149.23094,26
34.252434,250.39781,-149.44775,22
34.283905,253.60304,-150.85939,16
21.325266,19.178837,-167.8972,16
21.56549,22.294119,-167.27129,15
21.686684,25.307793,-167.84766,20
20.179155,28.519579,-185.89015,19
17.189047,29.246037,-218.18266,19
19.45103,33.941616,-196.98831,21
21.916346,40.143353,-174.55167,23
22.986572,43.80266,-165.40277,20
25.526426,48.343895,-141.1449,20
26.754494,51.963882,-130.28584,20
27.02365,54.970848,-129.25769,17
27.19006,57.914734,-129.2819,19
27.660368,61.017975,-126.16556,21
28.28438,64.18117,-121.44688,21
28.772778,67.254944,-118.11445,24
29.428955,70.38563,-113.028175,27
29.746841,73.34725,-111.43689,31
29.996115,76.27299,-110.55132,27
30.225187,79.186104,-109.87042,34
30.43693,82.08925,-109.36512,38
30.881102,85.06156,-106.42526,45
31.357147,88.027115,-103.13935,42
31.586334,90.91164,-102.42884,40
31.70416,93.76652,-102.88259,35
31.825987,96.62423,-103.29275,41
31.824608,99.46231,-104.99924,40
31.753704,102.29891,-107.44179,60
31.80819,105.16301,-108.56383,97
32.079166,108.05247,-107.394714,98
32.462944,110.94267,-105.02307,92
32.859623,113.82067,-102.50426,91
33.209995,116.684944,-100.46713,103
33.61662,119.53715,-97.821594,90
33.7901,122.38699,-97.65244,80
33.73871,125.25359,-99.88265,99
33.79243,128.121,-100.992424,111
33.866528,130.99171,-101.88445,101
33.9035,133.87347,-103.17531,96
33.946384,136.76125,-104.4039,89
33.922398,139.67073,-106.35394,80
34.006203,142.56396,-107.14485,80
34.197315,145.43185,-106.776535,96
34.42463,148.28694,-106.01281,93
34.684086,151.12749,-104.896065,106
35.00287,153.94066,-103.12934,107
35.29722,156.75452,-101.62044,108
35.521046,159.59079,-100.87225,110
35.685738,162.45058,-100.76422,109
35.81636,165.32704,-101.0258,113
35.910633,168.22433,-101.68359,117
35.944088,171.15918,-103.00743,111
35.958195,174.11313,-104.54566,115
35.979588,177.07204,-106.00657,103
35.985878,180.04941,-107.63615,88
35.983715,183.04234,-109.36223,83
35.992363,186.03821,-110.97215,71
35.98415,189.05621,-112.77179,47
35.792374,192.2244,-116.60832,47
35.521275,195.47752,-121.33511,43
35.15263,198.83806,-127.158936,52
34.65188,202.3446,-134.46942,52
34.884968,205.2461,-133.62134,38
35.66547,207.64435,-126.65747,28
35.88145,210.53786,-125.9823,24
36.301685,213.22964,-123.01599,22
36.658875,215.96954,-120.74582,27
36.748146,218.97638,-121.47701,23
36.977222,221.8391,-120.635864,25
37.076317,224.84178,-121.255646,29
36.982883,228.06795,-124.04924,22
36.948563,231.24257,-126.18211,28
35.778023,235.79315,-141.1867,25
35.642067,239.1572,-144.5038,23
35.476234,242.57967,-148.16945,25
35.466057,245.82306,-150.07475,24
35.779285,248.64929,-148.29932,18
35.88676,251.74727,-148.8658,16
33.073788,258.9241,-182.82083,15
26.71484,289.40967,-267.4094,15
23.7396,17.003683,-157.01009,15
22.721758,20.444916,-170.17381,17
23.152542,23.72532,-167.57892,17
22.893547,26.429602,-172.07271,20
23.981436,30.216688,-162.69052,20
21.707827,34.372105,-189.84691,20
22.668983,38.039097,-181.7504,20
25.535582,42.963375,-153.85301,21
27.664516,47.25988,-133.52959,18
28.247814,50.47889,-129.22733,19
28.586851,53.52773,-127.45456,17
28.894796,56.54859,-125.997475,21
29.103697,59.506737,-125.568535,21
29.591784,62.607395,-122.210144,24
30.363213,65.82995,-115.86497,27
30.991173,68.95187,-111.00395,28
31.291012,71.90352,-109.57821,28
31.412634,74.77351,-110.02354,29
31.681309,77.70185,-108.914375,32
31.974007,80.63241,-107.54455,45
32.530205,83.64231,-103.37598,46
32.89467,86.57192,-101.22546,42
33.07023,89.437874,-101.07233,43
33.1857,92.28776,-101.55533,40
33.27397,95.133804,-102.326805,34
33.20481,97.953445,-104.7788,43
33.093952,100.778854,-107.681496,76
33.265358,103.65744,-107.56716,85
33.578075,106.55028,-105.933525,98
33.978085,109.441216,-103.3539,89
34.386086,112.31876,-100.6771,95
34.71914,115.18042,-98.79701,111
35.118942,118.031624,-96.18754,104
35.359142,120.87461,-95.292885,74
35.29602,123.732414,-97.67793,105
35.338425,126.59316,-98.92322,121
35.45567,129.45158,-99.356476,103
35.586933,132.31033,-99.636154,89
35.692833,135.17535,-100.190384,88
35.657784,138.07317,-102.28262,84
35.706493,140.9625,-103.46316,70
35.871872,143.82724,-103.3673,94
36.106636,146.6712,-102.507675,94
36.27743,149.53185,-102.345566,101
36.499134,152.37393,-101.62044,104
36.82042,155.17409,-99.793045,109
37.061897,157.99811,-98.8386,117
37.249744,160.84152,-98.4719,121
37.39925,163.70186,-98.52631,118
37.516922,166.57933,-98.93185,116
37.594055,169.48152,-99.78681,111
37.616665,172.42017,-101.24917,111
37.646996,175.36296,-102.62801,109
37.69159,178.30525,-103.85007,105
37.739143,181.25322,-105.04085,98
37.783688,184.21074,-106.26715,86
37.82737,187.17668,-107.50532,68
37.79108,190.21066,-109.64379,66
37.70594,193.29588,-112.33691,47
37.58728,196.42453,-115.41466,46
37.507797,199.53831,-118.05826,56
37.300434,202.7803,-122.154305,46
37.26929,205.88614,-124.26655,60
37.129375,209.10745,-127.61731,36
37.101757,212.23965,-129.7018,35
38.070038,214.38342,-120.459946,23
38.230106,217.3151,-120.397484,25
38.298542,220.34589,-121.37954,24
38.130184,223.64464,-125.070526,23
38.364822,226.50862,-124.157234,21
38.441727,229.55296,-125.04885,32
37.44978,233.88661,-138.22145,24
38.01354,236.37917,-133.534,21
37.828045,239.79492,-137.46577,20
38.13449,244.19492,-136.63013,18
38.050274,247.51549,-139.40811,19
37.780434,251.11037,-144.34567,18
35.82952,257.1152,-168.81512,16
48.31701,249.64157,-29.552198,15
30.65164,285.6192,-240.7687,16
26.214767,-17.201883,-124.52086,14
26.815899,14.125232,-138.09508,14
24.532139,16.267889,-164.50443,15
24.350883,19.00296,-168.23485,18
24.828022,23.777172,-166.04132,19
24.858557,26.711426,-167.57011,20
28.300026,32.379383,-133.4417,18
27.317728,37.31993,-147.3341,19
27.286201,41.613388,-150.38945,18
29.478107,47.40755,-130.01967,18
29.938374,50.542805,-126.94726,19
30.22564,53.55551,-125.69071,18
30.503849,56.55553,-124.52273,19
30.82667,59.573483,-122.8746,21
31.414164,62.722206,-118.406105,23
32.169857,65.93151,-112.13012,24
32.64112,68.97258,-108.8622,28
32.783077,71.848816,-109.09618,27
33.048656,74.777405,-108.00596,31
33.352623,77.714714,-106.49801,41
33.80075,80.696014,-103.43568,42
34.23015,83.65454,-100.56173,45
34.420933,86.52412,-100.24337,47
34.56949,89.379745,-100.37615,40
34.680916,92.226295,-100.90734,36
34.652664,95.04409,-102.94769,41
34.489834,97.84597,-106.44923,62
34.58543,100.70898,-107.15571,82
34.877907,103.60258,-105.72235,94
35.234703,106.49543,-103.58142,94
35.680573,109.38399,-100.4599,94
36.027855,112.25082,-98.40198,109
36.372833,115.106606,-96.35983,107
36.753696,117.95131,-93.91533,78
36.883354,120.79186,-94.21633,84
36.82346,123.64629,-96.59865,123
36.908615,126.49991,-97.389465,122
37.089066,129.34616,-97.129814,95
37.296284,132.18707,-96.57103,87
37.4146,135.04141,-96.99121,89
37.38672,137.92921,-99.02983,72
37.44791,140.80678,-100.08433,59
37.57625,143.67213,-100.39351,101
37.79861,146.51122,-99.65462,105
37.969936,149.36362,-99.4801,107
38.133327,152.21841,-99.39129,111
38.44552,155.01501,-97.635666,111
38.67477,157.83759,-96.801155,124
38.844555,160.68315,-96.62921,125
39.00473,163.53304,-96.562454,122
39.136555,166.39786,-96.81254,121
39.228188,169.28665,-97.51454,121
39.270004,172.20872,-98.779495,113
39.300133,175.14565,-100.17866,104
39.329453,178.09164,-101.58949,103
39.381027,181.03139,-102.75036,118
39.46082,183.95874,-103.59255,93
39.509647,186.91434,-104.78805,90
39.5287,189.90038,-106.32517,76
39.54641,192.89705,-107.88092,66
39.533863,195.92853,-109.786125,58
39.5525,198.94493,-111.338615,55
39.440414,202.08766,-114.39477,48
39.216084,205.35233,-118.74983,56
38.965683,208.66759,-123.41785,54
38.893875,211.83398,-126.03935,34
39.408306,214.41853,-121.89521,26
39.687195,217.22899,-120.46173,26
39.452057,220.5907,-124.98031,22
39.30486,223.88118,-128.49136,21
39.9043,226.33347,-123.32995,28
40.020477,229.33029,-123.77957,30
39.779434,232.7662,-128.39716,23
39.94185,235.72536,-128.31372,23
39.955704,238.8765,-129.96797,23
39.951862,242.06216,-131.83421,22
40.081062,245.08041,-132.14307,21
39.444866,249.16275,-141.4556,18
39.131126,252.84288,-146.99844,16
35.311287,261.65445,-193.9384,15
42.739597,265.11267,-114.376564,15
34.922497,281.1668,-209.29642,16
37.976807,279.52744,-174.83557,16
38.565376,281.91394,-169.72496,21
25.376276,-20.183207,-148.38094,15
22.653511,-1.780263,-190.72166,15
29.904703,11.452962,-118.61163,15
32.227547,16.510363,-96.03996,14
26.121717,16.255735,-163.81682,16
25.813948,18.869757,-168.92865,21
25.8976,21.852278,-169.9209,22
26.645172,25.404087,-163.8913,21
29.2533,30.458893,-138.12906,19
29.87291,33.79429,-133.37862,18
29.070408,36.0078,-143.72342,19
30.192535,39.70463,-133.61043,19
30.947548,44.4982,-128.27763,18
31.433584,49.07029,-125.78884,18
31.725443,52.086014,-124.46335,18
32.011436,55.09043,-123.193306,20
32.23286,58.049953,-122.60999,24
33.005077,61.30949,-116.09089,22
33.560966,64.421196,-111.88047,21
34.0856,67.49489,-107.99069,30
34.253773,70.3808,-107.94236,25
34.516304,73.30728,-106.86817,27
34.872322,76.26605,-104.77234,38
35.364502,79.26557,-101.1862,47
35.699043,82.18982,-99.30226,36
35.90321,85.06105,-98.83143,50
36.02823,87.90569,-99.22095,47
36.10773,90.73959,-100.10701,47
36.002174,93.53304,-103.02174,43
35.853508,96.33221,-106.41655,76
35.99515,99.202286,-106.6266,102
36.31616,102.10103,-104.85862,104
36.695343,104.99757,-102.44011,97
37.131718,107.88669,-99.37885,91
37.490986,110.75427,-97.158485,111
37.803635,113.608215,-95.44507,112
38.171875,116.4535,-93.10593,92
38.380688,119.28959,-92.53007,92
38.33869,122.13512,-94.74453,131
38.39418,124.98477,-95.875534,126
38.60532,127.82351,-95.26767,108
38.844486,130.65536,-94.34148,97
38.986404,133.49878,-94.50051,82
39.042442,136.36044,-95.62232,90
39.178917,139.20995,-95.84054,54
39.168674,142.09901,-97.71044,86
39.32455,144.95036,-97.70881,109
39.518402,147.78998,-97.27557,119
39.665585,150.64406,-97.36719,112
39.909126,153.46237,-96.36371,110
40.168095,156.26942,-95.179504,118
40.357735,159.10135,-94.778244,123
40.527454,161.94112,-94.60058,120
40.68035,164.7891,-94.61247,117
40.806095,167.65242,-94.9329,121
40.874973,170.55054,-95.90397,115
40.909863,173.47513,-97.266205,115
40.93414,176.41475,-98.753,112
40.97272,179.35394,-100.078,114
41.051964,182.27315,-100.93686,114
41.133766,185.19618,-101.76705,98
41.194447,188.14085,-102.84261,95
41.246975,191.09895,-104.01447,72
41.307278,194.05826,-105.09825,64
41.284492,197.09576,-107.15011,70
41.34723,200.06998,-108.211044,67
41.232513,203.21458,-111.344215,55
41.04936,206.44322,-115.28586,54
40.884167,209.67761,-119.02889,51
40.77928,212.87299,-122.07595,49
40.989117,215.75592,-121.43573,29
40.719574,219.15668,-126.43092,23
40.7802,222.21802,-127.55127,23
41.310036,224.74687,-123.13639,30
41.446472,227.71837,-123.35638,29
41.428307,230.88106,-125.40646,26
41.591366,233.83011,-125.312965,27
41.68488,236.86969,-126.044304,25
41.963055,239.67116,-124.57944,23
41.936718,242.87859,-126.73876,23
41.858425,246.17233,-129.52472,18
39.61475,254.21124,-159.17279,16
39.255634,259.69775,-166.35179,15
40.680225,260.84933,-151.1537,16
40.753166,264.0275,-152.17966,15
40.577896,270.93234,-158.12036,15
39.459812,276.13425,-173.57639,17
39.704742,279.1051,-172.56015,22
40.28251,281.49243,-167.49791,28
39.79622,-17.249752,-4.371222,15
35.785027,-14.016987,-51.889957,16
25.562649,-20.516525,-163.135,15
33.787224,-0.858068,-83.209885,16
29.650505,8.216627,-135.9345,15
31.599998,13.000597,-117.05672,15
28.401588,14.037047,-153.86249,15
27.04309,17.065737,-171.18806,21
27.266735,20.178919,-170.69751,19
27.799059,23.55937,-166.89342,21
29.255058,27.705345,-153.15656,18
32.47788,33.235806,-120.370514,21
29.893652,33.972755,-150.02466,18
31.517815,38.096127,-134.3669,19
32.162968,42.825645,-130.15001,17
32.629974,45.985146,-126.92322,18
32.866352,48.972004,-126.18533,20
33.362263,52.121338,-122.62069,21
33.573486,55.075867,-122.140724,20
33.964985,58.133102,-119.69001,25
34.836746,61.446045,-111.98148,23
35.20294,64.44926,-109.776306,21
35.631844,67.47191,-106.87359,24
35.834675,70.37124,-106.44009,26
36.22571,73.3518,-103.932526,32
36.62555,76.322395,-101.31659,41
37.069973,79.29619,-98.197296,39
37.247665,82.15673,-98.01246,43
37.464535,85.02881,-97.39029,50
37.549892,87.857185,-98.22135,49
37.45404,90.6396,-101.06502,48
37.24946,93.40975,-105.12476,64
37.31216,96.25875,-106.2167,102
37.570972,99.149925,-105.12062,99
37.947678,102.053734,-102.70021,103
38.34783,104.94757,-100.00629,96
38.755573,107.82777,-97.21563,103
39.080063,110.68728,-95.348564,119
39.40623,113.53686,-93.45361,102
39.70624,116.37609,-91.84477,89
39.890846,119.20903,-91.53112,86
39.82179,122.05291,-94.082794,156
39.960316,124.89389,-94.288635,119
40.216007,127.72318,-93.163246,102
40.42528,130.55313,-92.55922,104
40.55599,133.39343,-92.84523,88
40.65367,136.24217,-93.50658,54
40.73547,139.09839,-94.34911,89
40.833546,141.95525,-95.00588,96
40.931473,144.816,-95.664375,112
41.09793,147.65852,-95.53602,127
41.260284,150.50226,-95.45226,118
41.483585,153.32248,-94.66385,117
41.749657,156.12108,-93.37736,121
41.936302,158.94894,-93.00253,127
42.11155,161.78087,-92.75608,123
42.273617,164.61885,-92.6597,125
42.40156,167.47557,-92.95734,120
42.4806,170.36285,-93.8231,123
42.534523,173.27092,-94.98242,115
42.570057,176.19798,-96.35855,112
42.606873,179.13257,-97.722244,106
42.671867,182.05583,-98.758896,115
42.755493,184.97205,-99.57867,113
42.832275,187.89903,-100.47989,103
42.92876,190.81635,-101.15052,84
42.9897,193.76805,-102.24094,61
43.01051,196.76181,-103.80738,77
43.076694,199.7246,-104.84078,69
43.008415,202.81996,-107.4696,61
42.97251,205.9,-109.72149,56
42.808083,209.12247,-113.5075,51
42.655716,212.3552,-117.16162,52
42.540028,215.57076,-120.388885,44
42.398827,218.83408,-123.93086,26
42.671516,221.64922,-122.52919,23
42.868435,224.54639,-122.030045,30
42.926342,227.60953,-123.19777,28
42.99454,230.6681,-124.24448,25
43.087036,233.70348,-125.00103,23
43.294327,236.5947,-124.37317,23
43.470585,239.5256,-124.11751,28
43.52179,242.62889,-125.37511,24
43.838154,245.36694,-123.41851,17
39.8593,255.97466,-174.64613,16
40.825848,257.87137,-164.8405,16
43.923187,258.05545,-129.93951,15
41.305973,265.44583,-163.87273,15
41.714718,268.12317,-160.82564,16
40.83987,274.6059,-174.5233,17
41.226288,277.3355,-171.75523,26
41.73142,279.84302,-167.51299,28
41.20156,-17.179592,-3.433927,15
41.27514,-14.641048,-4.30772,16
30.293165,-24.718288,-123.57163,16
30.939157,-19.74983,-119.508606,16
34.68537,-5.536799,-86.0791,15
36.82266,-0.30321,-65.06803,15
31.822615,-2.201186,-121.16019,15
31.162994,-0.194708,-130.0696,14
26.598995,4.818553,-185.76146,16
29.310617,10.504049,-158.4489,16
27.841759,13.377466,-177.20058,16
28.458937,16.881748,-172.44891,23
28.70457,20.018972,-171.71106,23
29.497911,23.639523,-165.01175,20
30.958559,27.80142,-151.01825,18
33.524117,32.815243,-124.919586,20
32.758842,36.417065,-136.06374,19
33.49791,39.822365,-129.83339,17
34.12107,43.10905,-124.85102,17
33.991756,45.834156,-128.12047,19
34.436,48.966614,-125.08223,28
34.882393,52.083897,-122.006905,23
35.157745,55.077305,-120.80782,19
35.93469,58.363567,-114.05055,22
36.443798,61.461628,-110.236664,19
36.883114,64.50145,-107.181786,26
37.295513,67.510925,-104.41305,26
37.601887,70.454056,-102.81339,28
38.02,73.43903,-99.958374,35
38.382843,76.38501,-97.70856,34
38.636833,79.27549,-96.6673,37
38.88205,82.156746,-95.71809,50
39.05938,85.00954,-95.52533,44
39.00471,87.78907,-97.94014,48
38.795475,90.5375,-102.1025,55
38.655273,93.324585,-105.49654,82
38.834564,96.19962,-105.285736,116
39.18297,99.105545,-103.15531,104
39.5582,102.00435,-100.71068,104
39.9732,104.89527,-97.803,99
40.342766,107.76605,-95.40034,109
40.650856,110.61964,-93.68818,124
40.9611,113.46412,-91.94296,99
41.21772,116.29868,-90.80308,92
41.353367,119.129486,-91.04352,99
41.318897,121.970055,-93.23581,146
41.520676,124.803406,-92.71567,127
41.82412,127.62281,-91.01987,108
41.974487,130.455,-91.082695,104
42.101288,133.29175,-91.41589,79
42.101246,136.15637,-93.21654,68
42.27453,138.9903,-93.01065,105
42.415405,141.83202,-93.17833,103
42.494457,144.69334,-94.06382,126
42.657234,147.53242,-93.974106,133
42.8173,150.37244,-93.913506,126
43.051353,153.18364,-92.985275,117
43.311623,155.97926,-91.744705,118
43.50728,158.79808,-91.2562,122
43.689194,161.62158,-90.92554,122
43.866325,164.44644,-90.64822,119
43.987537,167.30132,-91.02766,125
44.079254,170.17624,-91.75503,116
44.14365,173.07278,-92.80656,116
44.185318,175.9907,-94.129105,117
44.21355,178.92596,-95.61415,116
44.28604,181.83873,-96.576004,117
44.374233,184.74599,-97.35223,120
44.47597,187.64801,-97.967766,106
44.58695,190.54703,-98.47352,86
44.64832,193.4919,-99.57341,76
44.74378,196.41405,-100.266754,72
44.784924,199.39085,-101.61362,71
44.747734,202.45062,-103.90686,69
44.758106,205.47789,-105.633064,63
44.74734,208.53757,-107.61909,52
44.599995,211.75311,-111.263695,63
44.4044,215.04288,-115.504295,57
44.142216,218.43254,-120.56689,40
44.194542,221.48993,-121.819984,29
44.355362,224.4272,-121.75434,28
44.406113,227.5001,-123.03094,21
44.6354,230.3575,-122.12786,26
44.7826,234.89441,-123.17728,18
44.66541,238.21559,-126.52318,22
44.787487,241.2276,-126.93629,26
45.117905,243.9488,-124.7827,20
44.987568,247.32782,-128.30846,17
41.14177,257.9309,-178.79726,15
42.577106,260.74698,-164.01552,15
42.84874,263.6478,-162.63533,15
43.477287,265.9603,-156.80534,16
42.198284,271.4224,-174.75008,19
42.41459,274.44287,-174.07141,26
42.89198,277.0068,-170.12184,29
43.401184,279.49292,-165.75911,29
39.909286,-22.296991,-30.356848,15
41.77949,-17.090336,-12.123429,16
39.96471,-17.21738,-33.193703,15
32.31906,-25.380632,-116.73296,15
33.174686,-21.489882,-109.420654,15
26.522396,-20.480024,-187.63655,15
37.60317,-2.426458,-70.81053,15
38.335567,1.079927,-64.66036,15
32.513535,-3.187258,-129.58893,15
33.569138,3.559005,-121.86404,15
26.525928,1.540406,-202.5285,16
27.730986,7.24175,-192.3417,16
29.04869,12.973846,-180.85858,17
30.035154,16.848835,-171.97878,23
30.302992,20.006554,-170.98126,23
31.054361,23.595758,-164.64163,20
34.47602,29.495142,-128.76393,17
34.59716,32.4068,-129.30193,18
34.191326,34.88705,-135.68272,18
34.96076,39.739925,-129.9654,18
35.318424,42.832832,-127.86315,17
35.460136,45.757923,-128.1599,19
36.068176,49.00701,-123.24318,25
36.33955,52.00596,-122.07543,19
37.02038,55.258556,-116.30932,20
37.661633,58.45657,-110.96502,21
38.053104,61.48162,-108.40997,20
38.557404,64.55473,-104.57157,20
38.95678,67.55261,-101.90168,31
39.31567,70.51603,-99.67764,30
39.72889,73.49236,-96.82761,31
40.010128,76.39612,-95.462746,38
40.312634,79.30075,-93.84861,49
40.46734,82.14113,-93.90898,56
40.467648,84.92809,-95.72768,42
40.382153,87.697,-98.53008,37
40.09066,90.421394,-103.69668,59
40.1409,93.259544,-104.96067,109
40.428738,96.15741,-103.49786,110
40.783398,99.0603,-101.258736,104
41.160645,101.95487,-98.74921,103
41.564003,104.83952,-95.92698,100
41.914845,107.703636,-93.699776,116
42.22304,110.55271,-91.956314,118
42.4933,113.39083,-90.64457,100
42.77394,116.22206,-89.205025,84
42.793217,119.05048,-90.80071,112
42.82706,121.88669,-92.22937,144
43.07216,124.71354,-91.19315,126
43.378113,127.5282,-89.43895,116
43.499153,130.36005,-89.8436,98
43.563877,133.20407,-90.908516,66
43.539352,136.07239,-93.02445,134
43.822304,138.87943,-91.52333,108
43.980343,141.71231,-91.48876,109
44.047295,144.57272,-92.52865,130
44.212624,147.40648,-92.40516,127
44.386414,150.23692,-92.17877,117
44.619877,153.04295,-91.24055,115
44.876217,155.8346,-90.02485,117
45.07821,158.64532,-89.45097,127
45.270027,161.45857,-88.994644,125
45.44075,164.28108,-88.78731,127
45.573273,167.12453,-89.03515,120
45.667496,169.99278,-89.74181,117
45.74078,172.87881,-90.70108,119
45.770638,175.79953,-92.18487,121
45.808952,178.72345,-93.57016,123
45.88219,181.63065,-94.53647,120
45.985374,184.52148,-95.141914,120
46.101048,187.40674,-95.5964,105
46.208015,190.3028,-96.1567,107
46.302876,193.21341,-96.864815,80
46.40614,196.12163,-97.47146,70
46.471146,199.06989,-98.5461,69
46.52031,202.04065,-99.81706,65
46.523552,205.0655,-101.65398,60
46.566288,208.06133,-103.01125,62
46.473465,211.21054,-106.03924,55
46.302216,214.46455,-110.042885,57
46.02767,217.85991,-115.33448,47
45.905586,221.1084,-118.75847,41
46.1336,223.95578,-117.857025,23
46.206272,226.99234,-118.87879,21
46.22463,230.10564,-120.57843,18
46.03159,233.50763,-124.91537,24
45.921227,236.8247,-128.23546,19
45.657173,240.37532,-133.4869,19
45.72688,243.48405,-134.57825,22
46.49898,245.57812,-126.86481,17
48.307655,246.08228,-106.102036,15
43.57368,258.1375,-168.61653,15
43.446934,261.6824,-172.25533,16
43.47125,265.0056,-173.99693,16
43.428562,270.146,-177.62334,22
43.850445,272.8214,-174.33334,26
44.307644,275.41763,-170.58202,28
44.78831,277.9518,-166.51796,30
45.244923,280.50784,-162.74591,29
41.432373,-20.85487,-29.357302,16
38.895176,-20.7762,-59.455696,15
32.093452,-27.841812,-135.0871,15
31.665838,-24.28529,-142.6138,15
27.093897,-24.75334,-196.40872,16
28.768164,-16.773792,-182.10042,15
27.88152,-7.643771,-198.87418,15
34.34256,2.695626,-129.53302,14
28.56413,1.970126,-197.39061,15
30.509684,12.815467,-181.79053,17
31.631765,16.837374,-171.26303,23
31.834324,19.932735,-170.97536,22
32.710682,23.645079,-163.13792,20
35.65636,33.386555,-134.92293,17
36.499302,39.71732,-129.2429,17
36.625637,42.63411,-129.71988,19
37.13218,45.83129,-125.889984,19
37.71309,49.06028,-121.20005,24
37.927452,52.016464,-120.6562,19
38.72213,55.34427,-113.50183,23
39.301548,58.50148,-108.77417,19
39.916733,61.65454,-103.618774,22
40.20712,64.59868,-102.15899,26
40.58768,67.58224,-99.657715,26
41.005672,70.570854,-96.71506,28
41.39796,73.53146,-94.05511,37
41.6854,76.43145,-92.59121,39
41.84863,79.2722,-92.55281,49
41.951817,82.08934,-93.2057,40
41.918983,84.861626,-95.43343,38
41.670635,87.57596,-100.16598,52
41.48514,90.33275,-104.182,91
41.71647,93.21844,-103.35699,115
42.025135,96.11717,-101.62466,113
42.377598,99.01518,-99.37197,101
42.76772,101.90743,-96.66841,102
43.142166,104.783066,-94.136665,109
43.481388,107.64141,-92.00713,117
43.779224,110.485245,-90.35457,124
44.02411,113.31788,-89.317635,101
44.29235,116.14527,-87.99911,79
44.240482,118.9714,-90.458374,138
44.34635,121.80283,-91.055595,132
44.625957,124.62342,-89.59113,119
44.910755,127.43572,-88.05765,127
44.990192,130.26965,-88.96151,85
44.913002,133.13622,-91.73436,89
45.0364,135.97612,-92.11815,173
45.36406,138.7693,-90.0566,112
45.512344,141.60054,-90.13625,125
45.592274,144.45345,-91.03488,131
45.744453,147.28725,-91.06546,136
45.954166,150.10039,-90.400665,121
46.19799,152.89674,-89.31995,110
46.42838,155.6936,-88.39596,120
46.624695,158.50198,-87.87961,128
46.83312,161.30206,-87.21265,129
47.012653,164.11465,-86.89279,127
47.138355,166.95671,-87.22559,128
47.23255,169.82028,-87.94198,130
47.315495,172.69571,-88.797,121
47.37222,175.59422,-89.97412,117
47.421135,178.5056,-91.2497,118
47.496906,181.4052,-92.198105,112
47.598526,184.29109,-92.830345,113
47.70636,187.1765,-93.38656,115
47.82736,190.05504,-93.78093,109
47.922066,192.95978,-94.50035,98
48.041992,195.8468,-94.908394,88
48.112854,198.78354,-95.92587,71
48.229237,201.68268,-96.37946,76
48.23138,204.70123,-98.25695,59
48.337463,207.62279,-98.84219,76
48.31923,210.68356,-100.98312,56
48.155117,213.92082,-104.95787,64
47.99516,217.17726,-108.89358,55
47.82655,220.46785,-112.95125,52
47.77455,223.64023,-115.553696,23
47.842754,226.67749,-116.64808,21
47.19962,230.64499,-126.735916,20
47.091316,233.95903,-130.08736,20
47.18418,237.01859,-130.89844,21
46.089172,243.37798,-147.81764,20
46.52884,245.99217,-144.24374,17
47.53731,252.58548,-136.41057,15
44.776524,260.22913,-173.82834,15
44.991055,263.2474,-173.16202,16
44.684532,267.13205,-179.19812,19
44.959797,270.0628,-177.75554,28
45.469006,272.57938,-173.28554,28
45.896835,275.21652,-169.85205,29
46.393547,277.71017,-165.51286,30
46.802296,280.34348,-162.29985,32
38.985832,-24.03943,-72.81349,16
34.618732,-27.780787,-122.71385,16
34.048203,-25.867624,-130.92056,16
30.352009,-23.99282,-176.68729,14
29.57125,-22.159761,-187.35934,15
28.733692,-17.417675,-200.74509,15
27.235205,-11.855613,-222.63857,15
25.502775,-10.889382,-244.13446,16
31.410265,0.401671,-180.98624,15
31.730757,6.570295,-181.4158,18
33.246765,18.29447,-171.31306,25
33.99959,21.911465,-164.76544,21
35.298046,25.996021,-151.98369,17
37.15605,33.329308,-134.71306,17
37.750828,38.05662,-130.81607,17
37.937996,41.024807,-130.60368,17
38.406128,44.20449,-127.15985,17
39.017635,47.470364,-122.05112,25
39.318745,50.49122,-120.499535,19
40.023876,53.77479,-114.27407,20
40.725327,57.023148,-108.066444,19
41.495125,60.280643,-101.04218,21
41.839767,63.25316,-98.925865,23
42.170284,66.20614,-96.963715,25
42.58836,69.19408,-93.97158,26
42.901905,72.11425,-92.186134,33
43.101604,74.97176,-91.722404,37
43.282608,77.81813,-91.473465,44
43.37868,80.62842,-92.217,48
43.377605,83.405846,-94.10221,44
43.08041,86.091385,-99.47715,50
42.919926,88.846954,-103.25618,85
43.154522,91.73253,-102.37865,106
43.446785,94.62748,-100.813034,119
43.79721,97.52657,-98.54983,107
44.155685,100.41501,-96.18041,106
44.51993,103.29164,-93.7316,111
44.874977,106.154,-91.38136,113
45.179394,108.999084,-89.62473,132
45.426193,111.83119,-88.54859,120
45.70079,114.65838,-87.133385,92
45.74618,117.47835,-88.461464,96
45.752544,120.30666,-90.26111,153
45.997814,123.129005,-89.18756,128
46.31024,125.939156,-87.29779,133
46.44963,128.7618,-87.49041,115
46.37083,131.62094,-90.3233,36
46.442326,134.46623,-91.341034,133
46.75963,137.26157,-89.37384,101
46.96223,140.07635,-88.79353,116
47.05373,142.92087,-89.56403,135
47.195328,145.7536,-89.72312,135
47.38549,148.57025,-89.28661,127
47.61504,151.36961,-88.363815,120
47.855076,154.16006,-87.307144,120
48.073025,156.9554,-86.51646,120
48.285618,159.74968,-85.78728,123
48.476643,162.55194,-85.3199,132
48.624447,165.37653,-85.3837,134
48.738907,168.22197,-85.85923,130
48.837875,171.08049,-86.527016,131
48.915073,173.95789,-87.46627,119
48.987934,176.84435,-88.461334,115
49.049824,179.7452,-89.59536,122
49.146683,182.62657,-90.29473,123
49.253124,185.50516,-90.87525,119
49.388416,188.36394,-91.09449,119
49.50969,191.23723,-91.48949,101
49.63093,194.11382,-91.8849,90
49.7048,197.03827,-92.8779,77
49.837692,199.91196,-93.12751,68
49.852554,202.90752,-94.870995,96
49.998875,205.77667,-94.952515,66
50.03213,208.76988,-96.46962,55
49.969982,211.87965,-99.20539,56
49.974392,214.92953,-101.10133,45
49.743008,218.27222,-106.01536,47
49.334732,221.8612,-113.20986,42
49.51749,224.74652,-112.85259,23
48.39333,229.32971,-129.27853,20
48.357132,232.55478,-131.76506,22
48.570023,235.45378,-131.04893,23
48.31892,239.00473,-136.32149,20
46.820942,246.03624,-158.78629,17
53.477325,240.84834,-75.48668,16
54.11049,244.4515,-70.15477,16
46.596092,259.66968,-170.11723,15
45.93787,264.12125,-180.84293,17
46.09837,267.25052,-180.88814,25
46.570927,269.8413,-176.83965,27
47.050156,272.3984,-172.68803,29
47.47663,275.02856,-169.21548,28
47.92898,277.5924,-165.38837,31
48.334164,280.22467,-162.17049,31
40.013405,-25.971851,-76.106705,15
31.505892,-34.607788,-173.94176,15
35.37013,-26.167933,-132.72269,15
35.77706,-22.840225,-130.1174,16
36.11628,-19.621511,-128.26042,15
30.116116,-25.056475,-197.72006,16
29.996979,-20.829447,-202.17444,16
31.07761,-15.038622,-193.07437,16
26.334164,-16.523544,-249.96877,15
27.124174,-10.977031,-244.23637,15
31.752684,-2.523349,-193.66951,15
32.317345,3.980298,-191.3537,16
32.044285,6.621122,-196.54486,16
34.60386,16.598501,-172.2959,24
35.2862,20.166937,-166.46536,23
35.968357,23.704327,-160.61302,22
37.50873,28.000738,-144.81319,17
39.01668,36.400303,-132.26718,17
39.242653,39.404938,-131.60112,17
39.641376,42.541164,-128.91612,19
40.32995,45.882378,-122.83434,20
40.80747,49.03775,-119.196556,26
41.352695,52.220806,-114.749695,18
42.113964,55.52459,-107.74816,20
42.866875,58.78623,-100.81717,25
43.363598,61.855522,-96.8767,22
43.7881,64.86197,-93.771614,28
44.052006,67.76368,-92.55152,27
44.249756,70.62412,-92.10743,28
44.487057,73.50079,-91.19,36
44.635384,76.33149,-91.32403,42
44.72977,79.1393,-92.09805,44
44.80586,81.943344,-93.09054,53
44.42111,84.58449,-99.58994,52
44.324368,87.35469,-102.66257,95
44.589985,90.24956,-101.39857,92
44.874638,93.142555,-99.89894,124
45.19631,96.03615,-97.94601,114
45.541744,98.9241,-95.69702,108
45.89019,101.80051,-93.40126,114
46.244675,104.665474,-91.02172,118
46.549374,107.51213,-89.23465,132
46.80372,110.34519,-88.05038,151
47.04261,113.17116,-87.04736,109
47.24672,115.99121,-86.46222,93
47.164345,118.81295,-89.36972,150
47.340076,121.63745,-89.12924,146
47.642723,124.45036,-87.33084,126
47.863842,127.26312,-86.52439,152
47.934734,130.09386,-87.5599,50
47.89681,132.94986,-89.93701,51
48.088005,135.77008,-89.49386,136
48.380856,138.56316,-87.790695,119
48.50571,141.39435,-88.159615,138
48.609985,144.23436,-88.78306,143
48.813667,147.04372,-88.17157,128
49.028458,149.84601,-87.41761,119
49.25265,152.64081,-86.54188,119
49.4917,155.42474,-85.47568,120
49.720676,158.20833,-84.52987,120
49.909443,161.00812,-84.08304,133
50.079033,163.8167,-83.874016,130
50.21383,166.6452,-84.1003,125
50.321243,169.49258,-84.671104,133
50.434395,172.34021,-85.16996,123
50.513523,175.21481,-86.09959,131
50.594215,178.09436,-87.01145,122
50.681435,180.97488,-87.84227,125
50.8008,183.8355,-88.26568,111
50.924816,186.69562,-88.63006,115
51.06385,189.5458,-88.8026,109
51.20361,192.39742,-88.96527,94
51.327347,195.26608,-89.33275,66
51.440235,198.1485,-89.83953,67
51.495396,201.09319,-91.08978,76
51.579327,204.01614,-91.97271,71
51.6269,206.98463,-93.327286,53
51.6723,209.96458,-94.713875,54
51.676098,213.00175,-96.643875,55
51.66162,216.07307,-98.81731,61
51.43933,219.4134,-103.70078,45
51.01007,223.0449,-111.29847,46
50.47852,226.85469,-120.259,43
49.191956,231.72893,-139.12679,23
49.60862,234.36746,-135.74638,25
49.78561,237.32729,-135.4989,22
49.56288,240.86827,-140.50731,21
52.251553,244.82954,-110.22218,16
52.662453,247.34846,-106.82579,15
47.91326,259.92087,-172.94014,17
47.255177,264.40387,-183.86385,25
47.672256,267.10022,-180.50072,27
48.191326,269.599,-175.76277,28
48.616364,272.2413,-172.26463,29
49.012547,274.91815,-169.13983,31
49.462883,277.4765,-165.27576,32
49.855957,280.12415,-162.16739,32
36.230938,-35.39822,-133.8546,15
30.733267,-38.14158,-200.1781,16
37.228004,-22.951403,-130.4605,16
37.500813,-19.821709,-129.32808,15
31.47506,-21.033838,-203.29446,16
31.775084,-16.236479,-203.01523,15
29.634617,-16.016262,-229.7512,15
32.95851,-4.487227,-196.74257,16
27.854565,-7.522295,-257.93182,15
32.23828,0.574082,-209.30055,14
33.259712,4.685856,-199.55655,18
36.836452,12.942806,-161.05017,17
36.524715,18.36467,-168.77611,26
37.157444,21.875559,-163.41867,23
38.363293,25.902754,-151.3142,17
39.55143,29.851082,-139.37132,16
40.50547,36.337288,-132.12558,17
41.000984,39.56635,-128.26012,18
41.150826,42.497643,-128.47015,17
41.87143,45.868988,-121.90869,21
42.299232,48.98889,-118.79956,19
43.031235,52.30802,-112.05564,18
43.781067,55.603832,-105.07198,22
44.670033,58.953293,-96.398155,21
45.070824,61.955246,-93.53256,23
45.356457,64.87392,-92.03454,26
45.515003,67.71324,-92.054665,24
45.745342,70.58972,-91.208565,26
45.9159,73.431496,-91.0771,33
46.03647,76.24872,-91.54631,51
46.13478,79.0581,-92.28382,63
46.08567,81.811516,-94.80789,55
45.695934,84.45141,-101.473976,56
45.806725,87.29493,-102.07377,118
46.14424,90.2107,-99.91086,103
46.423714,93.09878,-98.44595,123
46.753387,95.99103,-96.35947,112
47.08958,98.873405,-94.18309,108
47.44671,101.74784,-91.73941,105
47.768368,104.60397,-89.72075,121
48.063,107.44618,-88.025154,138
48.30167,110.27471,-87.011665,136
48.52911,113.09723,-86.13126,102
48.70047,115.9141,-85.93978,85
48.61876,118.73399,-88.885414,141
48.81053,121.55613,-88.440414,144
49.09538,124.36833,-86.8323,129
49.29764,127.181564,-86.24677,143
49.359264,130.01277,-87.41464,51
49.39847,132.85448,-88.86541,57
49.620556,135.66478,-88.025475,98
49.85657,138.46738,-87.00561,129
49.97614,141.29779,-87.44593,148
50.09849,144.1301,-87.850975,145
50.327698,146.92743,-86.90548,138
50.53005,149.73045,-86.29466,128
50.765118,152.517,-85.264946,114
50.998775,155.2991,-84.24776,122
51.235714,158.07468,-83.18314,127
51.422604,160.87123,-82.75136,129
51.59737,163.6729,-82.47117,133
51.73763,166.49423,-82.63015,125
51.854115,169.33212,-83.09297,125
51.96846,172.17476,-83.58353,130
52.0625,175.03517,-84.33577,134
52.15659,177.9006,-85.08869,126
52.242603,180.77734,-85.94748,130
52.36503,183.63046,-86.33694,126
52.49825,186.47768,-86.58659,127
52.6468,189.31389,-86.63679,118
52.82037,192.12857,-86.360405,102
52.985474,194.9509,-86.19219,79
53.07601,197.84709,-86.99635,78
53.193756,200.72119,-87.4463,72
53.24237,203.67241,-88.80337,54
53.282085,206.6424,-90.28161,61
53.33743,209.60432,-91.558525,50
53.320213,212.66,-93.79629,50
53.29225,215.74289,-96.18361,64
53.174557,218.95279,-99.76683,47
52.84828,222.45296,-106.12855,49
52.00935,226.67003,-119.32465,49
50.27683,232.18185,-144.46416,32
50.35787,235.29985,-145.51323,27
50.587048,238.21243,-144.58627,24
50.72569,241.25522,-144.86743,26
51.305794,243.63177,-139.22792,21
50.975388,247.39388,-145.80196,17
51.46115,249.89442,-141.41211,16
53.56745,249.72282,-115.14517,15
48.743065,260.9996,-182.44698,20
48.80797,264.29593,-183.80045,28
49.303078,266.84796,-179.32214,28
49.782864,269.40314,-175.03479,29
50.191273,272.06583,-171.70277,30
50.609108,274.69318,-168.22911,30
51.025406,277.30493,-164.76312,31
51.38908,280.0011,-162.00462,31
35.800045,-38.492207,-155.86867,15
29.975561,-43.245445,-225.95969,15
38.655396,-24.466148,-130.08136,16
33.021626,-26.989481,-199.38501,15
28.41398,-22.829597,-260.59775,16
29.238033,-15.619419,-255.44096,15
34.274284,-4.866719,-199.68166,16
28.245787,-7.532101,-273.83557,15
30.930014,-1.326149,-244.45615,16
34.836414,6.094135,-200.53052,17
37.037083,11.440118,-176.62666,17
38.6935,16.089619,-159.08492,20
38.13318,18.374313,-167.80331,26
38.67441,21.799084,-163.44408,21
39.89596,25.857891,-150.9566,17
40.57558,30.763382,-145.91176,16
41.616337,35.943882,-136.5047,16
42.34896,39.389065,-129.73517,18
42.76576,42.541306,-126.7371,17
43.6638,46.05461,-117.926094,18
44.18734,49.23975,-113.600945,18
44.737236,52.420834,-108.93865,17
45.599266,55.793068,-100.474724,22
46.36776,59.05923,-93.11231,24
46.59231,61.944233,-92.33514,21
46.795288,64.811485,-91.81522,21
46.983616,67.66697,-91.46943,24
47.21599,70.54351,-90.581314,27
47.307926,73.34394,-91.4075,42
47.432117,76.1632,-91.83844,54
47.564114,78.98749,-92.17248,63
47.20267,81.611115,-98.582756,40
47.09505,84.363144,-101.88204,102
47.33003,87.25003,-100.95556,115
47.646873,90.15723,-99.00932,110
47.950077,93.05002,-97.22287,125
48.275738,95.93866,-95.14813,112
48.63334,98.82301,-92.66572,104
48.977516,101.69158,-90.33924,115
49.282238,104.54179,-88.49513,124
49.55679,107.37855,-87.019775,145
49.795315,110.204315,-85.988594,137
50.00816,113.02324,-85.27427,101
50.14684,115.836975,-85.48882,85
50.078125,118.65506,-88.318596,138
50.268852,121.475464,-87.877754,141
50.553406,124.28584,-86.245125,123
50.724133,127.10085,-86.04837,121
50.74818,129.93701,-87.7129,35
50.83878,132.77005,-88.53434,52
51.110207,135.56824,-87.0504,101
51.32551,138.37291,-86.27631,139
51.44275,141.20187,-86.75292,152
51.595432,144.02238,-86.77487,139
51.821854,146.81723,-85.84775,150
52.01615,149.62,-85.3287,139
52.267456,152.39621,-84.070786,126
52.511066,155.16971,-82.90613,125
52.742496,157.94347,-81.89313,122
52.93468,160.7332,-81.38376,136
53.106045,163.53261,-81.1416,130
53.25233,166.34657,-81.22354,129
53.372154,169.1786,-81.649536,127
53.48431,172.01894,-82.17593,136
53.592133,174.86615,-82.75964,131
53.69345,177.7223,-83.42967,130
53.793224,180.58434,-84.12126,130
53.92373,183.426,-84.40947,127
54.060608,186.26483,-84.61358,129
54.2215,189.08438,-84.499695,127
54.41104,191.87778,-84.00509,119
54.566692,194.70233,-83.95726,100
54.714256,197.53595,-84.015686,68
54.82438,200.41002,-84.571915,72
54.866085,203.36237,-86.04226,58
54.89952,206.33357,-87.62806,72
54.95799,209.28621,-88.883675,60
54.994305,212.27376,-90.44072,51
54.883877,215.45226,-93.976006,46
54.822712,218.58989,-96.86064,64
54.65364,221.88663,-101.212166,63
54.072166,225.76544,-111.15753,56
51.625103,232.28828,-146.42041,44
51.499943,235.70773,-150.29541,41
51.69078,238.68863,-149.88618,30
51.8672,241.69061,-149.67154,29
52.199215,244.45302,-147.33086,26
52.27906,247.6028,-148.43094,21
52.5517,250.44795,-146.89203,18
53.972015,251.37741,-129.58215,17
50.36972,260.7622,-181.33078,27
50.374557,264.16336,-183.53989,28
50.838844,266.7597,-179.40927,29
51.32347,269.29645,-174.98033,28
51.744476,271.92783,-171.41669,30
52.185986,274.501,-167.55392,30
52.64146,277.0261,-163.4814,30
53.072193,279.5782,-159.7382,30
27.317745,-53.0546,-273.53992,16
31.50792,-43.439312,-226.86333,16
32.676594,-38.68306,-215.38652,16
39.71908,-22.413883,-137.00926,16
28.961521,-32.121563,-267.96857,15
28.166393,-25.457169,-283.10883,15
34.461735,-6.653585,-216.16393,15
36.68326,-0.988991,-191.8195,15
33.330776,-0.505346,-235.20479,16
36.906292,6.585852,-194.52602,16
38.08465,10.824926,-182.51523,17
39.434387,15.186193,-168.39273,18
39.692924,18.336216,-167.38295,26
40.266174,21.79859,-162.56169,21
42.363537,28.141132,-140.28879,20
43.17252,33.124546,-133.54788,17
43.373432,36.115376,-133.15102,16
43.717003,39.225666,-131.00925,17
44.398888,42.60434,-124.72107,17
45.366726,46.178062,-114.90498,18
45.897114,49.36536,-110.41684,18
46.5147,52.59289,-104.83746,18
47.39133,55.97332,-96.04465,20
47.815598,59.003605,-92.79763,20
48.015602,61.872654,-92.30799,20
48.246216,64.756996,-91.43464,25
48.467106,67.63042,-90.676254,25
48.59506,70.448494,-91.06743,32
48.742577,73.27791,-91.21408,39
48.888733,76.10674,-91.37561,53
48.802494,78.831436,-94.43988,66
48.46959,81.4686,-100.601746,57
48.56249,84.30079,-101.442314,122
48.83407,87.19966,-100.03801,122
49.153378,90.10597,-98.02489,115
49.47309,93.00149,-95.99693,118
49.8031,95.88864,-93.8288,108
50.160686,98.77018,-91.30111,106
50.48954,101.63281,-89.12625,120
50.77959,104.47781,-87.43418,134
51.04114,107.3103,-86.096466,149
51.27454,110.13311,-85.110756,144
51.481674,112.949234,-84.454865,99
51.56784,115.75951,-85.34332,86
51.53322,118.57626,-87.783005,134
51.72232,121.39507,-87.35404,134
52.00549,124.20383,-85.71012,124
52.149445,127.02028,-85.854225,101
52.15635,129.85847,-87.76838,53
52.319805,132.6779,-87.66059,54
52.57337,135.4771,-86.38131,118
52.778748,138.28201,-85.72179,143
52.89993,141.10826,-86.1546,165
53.090805,143.91443,-85.67782,128
53.29707,146.71295,-84.99653,160
53.50409,149.5079,-84.30103,136
53.76501,152.27625,-82.89381,127
54.00539,155.04718,-81.74985,130
54.230465,157.82016,-80.80162,134
54.427418,160.60376,-80.219345,133
54.595886,163.40129,-80.01016,134
54.736835,166.21521,-80.16331,138
54.858376,169.04335,-80.57339,134
54.985306,171.87086,-80.91213,139
55.100594,174.7095,-81.40578,135
55.215664,177.55194,-81.9033,132
55.332253,180.39685,-82.38092,130
55.467274,183.23004,-82.61227,124
55.61819,186.0517,-82.63001,126
55.78957,188.85594,-82.37139,123
55.97019,191.65112,-81.986374,121
56.146202,194.4498,-81.6609,105
56.307774,197.26262,-81.528725,88
56.40062,200.1487,-82.3271,76
56.486317,203.04837,-83.22458,61
56.49266,206.04457,-85.20501,55
56.557163,208.98505,-86.39916,68
56.58101,211.98303,-88.15285,48
56.53225,215.08339,-90.906975,50
56.483707,218.20067,-93.66816,47
56.439903,221.32896,-96.37445,60
56.05421,224.94284,-103.799416,38
53.511414,231.64275,-141.01949,57
53.129787,235.4257,-148.50471,54
53.20216,238.57729,-149.72955,51
53.28209,241.72618,-150.85396,50
53.434147,244.77016,-150.97928,43
53.550835,247.87364,-151.59767,40
53.85532,250.67242,-149.59589,28
54.542618,252.81332,-142.22969,27
53.433044,258.02847,-160.02618,28
52.168255,263.62604,-180.07451,27
52.39525,266.63385,-179.20422,28
52.863068,269.19104,-174.93382,27
53.34438,271.6993,-170.4552,28
53.72923,274.37042,-167.32504,30
54.11576,277.0216,-164.15833,31
54.502064,279.65643,-160.9822,33
29.902689,-50.136402,-263.8888,15
30.640833,-42.885735,-259.71237,15
37.527706,-26.56629,-182.0208,16
31.116808,-33.020756,-260.92047,15
35.583416,-22.130148,-210.75589,15
39.10525,-14.328863,-170.60936,15
27.87429,-26.637413,-308.0689,16
30.638973,-19.79679,-277.08755,16
31.27761,-15.853852,-271.69983,15
34.045284,-9.258183,-240.49185,15
31.6708,-6.023335,-273.9145,16
38.174793,4.704444,-197.00055,17
39.46632,10.566771,-184.50893,18
40.422314,14.524569,-174.97565,17
41.150326,18.190989,-168.19994,28
41.63739,21.573584,-164.35623,20
43.480473,27.703335,-144.8507,18
45.053066,36.225414,-130.64186,17
45.735382,39.628315,-124.25522,17
46.624428,44.558426,-116.29716,18
47.100018,47.71686,-112.42263,19
48.10243,51.257187,-101.953896,17
48.688316,54.438023,-96.652885,19
49.21455,57.549046,-92.07687,20
49.336456,60.365433,-92.55711,20
49.563595,63.250385,-91.71307,21
49.72854,66.09261,-91.64709,24
49.929485,68.95431,-91.1239,29
50.099205,71.7957,-90.991,39
50.236656,74.6194,-91.26411,53
50.21915,77.370384,-93.503426,81
49.87697,79.98911,-99.87906,61
49.92658,82.800224,-101.282875,109
50.192238,85.699104,-99.9307,128
50.503517,88.60608,-97.98745,120
50.81605,91.50285,-96.018364,119
51.16033,94.3977,-93.63195,107
51.506596,97.280205,-91.20867,109
51.854065,100.14994,-88.75844,116
52.139977,102.99585,-87.0918,131
52.396774,105.8287,-85.79332,143
52.637424,108.65283,-84.69718,145
52.84779,111.468834,-83.988266,115
53.0009,114.278885,-84.01955,85
52.992085,117.08854,-86.16031,80
53.067486,119.90688,-87.20723,151
53.30194,122.720314,-86.174355,129
53.5368,125.52833,-85.13024,133
53.613983,128.3523,-86.151985,68
53.707535,131.17914,-86.96043,63
53.900425,133.99,-86.45993,105
54.140285,136.78712,-85.33498,146
54.286957,139.60431,-85.43779,146
54.45925,142.41444,-85.199684,137
54.6782,145.2074,-84.338844,163
54.86107,148.00998,-83.95327,144
55.124073,150.7773,-82.495705,129
55.37802,153.54134,-81.15214,134
55.603897,156.3125,-80.17774,130
55.80511,159.09203,-79.52907,148
55.98776,161.87918,-79.126205,141
56.14063,164.68282,-79.121704,135
56.275513,167.4987,-79.3585,135
56.411076,170.31622,-79.58594,132
56.528538,173.14874,-80.05807,140
56.659843,175.97438,-80.34329,130
56.791225,178.80243,-80.627235,124
56.93377,181.62376,-80.759056,111
57.096813,184.42911,-80.61047,118
57.26854,187.2268,-80.34122,108
57.431953,190.03195,-80.18425,121
57.5978,192.83495,-79.99209,116
57.76777,195.63374,-79.74155,103
57.875675,198.4981,-80.34527,104
57.98325,201.36746,-80.95524,70
58.0608,204.27565,-81.982635,67
58.100433,207.23557,-83.539566,65
58.12556,210.22337,-85.30384,61
58.121906,213.25873,-87.47546,57
58.12127,216.30403,-89.61286,54
58.08257,219.41383,-92.29084,51
57.868862,222.78117,-97.4318,39
57.294685,226.68971,-107.654945,38
54.984344,233.18597,-142.34914,46
54.80725,236.69283,-147.1048,57
54.908264,239.8015,-147.95007,57
55.023193,242.89499,-148.60172,55
55.113483,246.03395,-149.60513,51
55.225487,249.14452,-150.30382,50
55.34322,252.25142,-150.92374,48
55.613228,255.09814,-149.3725,48
55.515873,260.26297,-154.22607,32
54.43548,265.61154,-172.04626,29
54.61348,268.68597,-171.85014,28
55.00387,271.35025,-168.5941,31
55.23837,274.3057,-167.5749,43
55.50448,277.1933,-166.0946,60
55.776703,280.06152,-164.51976,61
33.037304,-47.81333,-246.11652,15
31.581234,-47.135246,-265.99814,16
32.945118,-41.941517,-251.83809,15
31.95697,-40.43626,-266.12762,15
38.785168,-27.077131,-185.5564,16
31.78759,-34.550106,-272.87616,16
33.409737,-29.113956,-255.46077,15
41.922092,-12.598614,-154.9033,16
31.235405,-24.45916,-287.90872,15
31.580898,-20.85721,-286.05795,15
30.826752,-18.708553,-297.71396,16
32.418694,-13.498705,-280.5175,15
38.177834,-1.685054,-212.95825,16
40.375954,6.84265,-190.21652,18
41.012978,10.491022,-184.51503,17
41.993942,14.491396,-174.50885,17
42.764214,19.64877,-168.17323,21
43.51473,23.303448,-160.96248,19
46.30644,31.75126,-130.25085,18
46.429024,36.06212,-131.86687,17
47.211464,39.565224,-124.109505,17
47.9063,42.952644,-117.426636,17
48.511005,46.230553,-111.85656,20
49.50985,49.792095,-101.26373,17
50.1156,52.999195,-95.62296,19
50.554657,56.054935,-92.08024,20
50.675728,58.870007,-92.57755,20
50.890194,61.748768,-91.880554,22
51.047443,64.58698,-91.91128,24
51.28076,67.4701,-90.9634,27
51.489597,70.3337,-90.32436,35
51.646744,73.16578,-90.34593,50
51.56771,75.879265,-93.412636,79
51.260708,78.50167,-99.43581,63
51.27395,81.29324,-101.33178,116
51.54718,84.19789,-99.85876,124
51.850914,87.10554,-97.98139,120
52.17667,90.01026,-95.80754,112
52.50281,92.90334,-93.61808,113
52.83133,95.78521,-91.38686,108
53.187534,98.66146,-88.78208,111
53.501564,101.51552,-86.718796,126
53.75782,104.34925,-85.40536,143
53.99568,107.17352,-84.32726,145
54.211437,109.98994,-83.53495,139
54.40747,112.800934,-82.99826,87
54.458942,115.60589,-84.37393,75
54.454792,118.41888,-86.49183,132
54.605465,121.23557,-86.55563,147
54.864777,124.04354,-85.16951,124
54.9989,126.85919,-85.44841,100
55.093864,129.68259,-86.2509,76
55.205273,132.50734,-86.83431,171
55.469322,135.30081,-85.3672,119
55.665344,138.10458,-84.80858,134
55.818924,140.9184,-84.81875,139
56.05632,143.7045,-83.69431,161
56.22724,146.5097,-83.464386,154
56.482254,149.27972,-82.090965,120
56.743435,152.04007,-80.626724,133
56.97336,154.80806,-79.581154,134
57.1836,157.58122,-78.79875,144
57.36871,160.36475,-78.35577,146
57.539017,163.15533,-78.11248,139
57.685665,165.96028,-78.19188,139
57.82395,168.772,-78.385376,132
57.955444,171.59044,-78.672165,130
58.087326,174.41107,-78.95374,132
58.227207,177.22783,-79.12452,121
58.37834,180.03725,-79.13906,112
58.574078,182.80931,-78.53259,95
58.736897,185.60863,-78.38129,117
58.877884,188.42871,-78.533035,111
59.03921,191.23085,-78.400185,112
59.197025,194.03696,-78.31525,103
59.315075,196.8858,-78.78733,120
59.437366,199.73386,-79.20086,82
59.551197,202.59518,-79.73464,68
59.61704,205.5173,-80.94788,77
59.67187,208.46107,-82.32095,73
59.669285,211.48624,-84.51331,65
59.718586,214.45802,-85.97695,67
59.638565,217.6127,-89.287186,61
59.585556,220.75069,-92.225235,45
59.33462,224.1882,-98.00454,38
57.911625,229.37354,-120.59664,31
56.61648,234.49918,-141.44643,46
56.579098,237.80492,-144.29031,53
56.64693,240.96204,-145.62892,69
56.77791,244.02597,-146.06113,55
56.86531,247.16708,-147.12573,59
56.964855,250.29549,-148.01855,55
57.062294,253.43475,-148.94559,61
57.145092,256.60782,-150.08998,59
57.094604,260.03506,-153.18419,54
56.923183,263.71063,-158.06029,47
56.777874,267.36688,-162.57443,50
56.827694,270.66733,-164.24203,61
56.964783,273.80392,-164.6325,72
57.159004,276.8273,-164.18236,77
57.353386,279.84976,-163.72818,83
35.000435,-47.34679,-242.10721,16
32.79193,-47.94436,-271.53534,16
37.02399,-33.71044,-225.31512,15
34.745476,-28.121483,-260.47925,15
31.660763,-29.463802,-301.17587,15
35.63846,-13.104105,-260.00797,16
42.0713,4.031707,-186.20988,16
41.86376,6.68734,-191.06035,17
42.49439,10.339704,-185.34106,19
43.18524,14.029986,-178.83464,18
44.177025,18.016832,-168.48491,29
44.650673,21.39739,-164.67415,20
45.703014,25.356432,-153.48065,17
47.060673,29.564034,-138.34802,16
48.118454,33.402878,-126.98546,18
48.254696,36.317993,-127.37279,17
48.9644,39.75367,-120.403786,18
49.71629,43.18975,-112.86307,18
50.154522,46.322575,-109.32896,20
51.275776,49.98873,-96.96762,17
51.66856,53.025764,-93.97134,20
51.98317,55.9885,-91.973175,19
52.070072,58.778442,-92.91926,23
52.247852,61.63381,-92.6852,20
52.490154,64.52865,-91.607376,24
52.73252,67.41719,-90.52219,31
52.92296,70.269455,-90.109215,41
53.107716,73.115776,-89.76671,58
52.678185,75.64684,-97.4846,50
52.585747,78.37735,-100.79653,99
52.770657,81.24676,-100.46405,113
53.05168,84.15304,-98.85886,124
53.368504,87.063805,-96.77149,117
53.686584,89.963684,-94.6572,118
54.005272,92.85231,-92.52439,110
54.344658,95.73499,-90.10557,105
54.680477,98.603874,-87.722824,107
54.99661,101.45603,-85.59161,129
55.24347,104.28537,-84.37733,143
55.473484,107.10596,-83.38232,151
55.696045,109.920425,-82.48163,141
55.86386,112.72681,-82.31252,95
55.905533,115.52932,-83.84289,87
55.897327,118.34055,-86.05179,143
56.04751,121.15584,-86.12236,142
56.292046,123.9636,-84.91062,130
56.4218,126.77886,-85.253395,104
56.47886,129.60751,-86.58638,122
56.593838,132.43233,-87.13227,173
56.904007,135.21536,-85.00828,114
57.10229,138.01718,-84.40804,123
57.31226,140.81252,-83.64334,132
57.529606,143.60161,-82.7728,166
57.710392,146.40024,-82.40102,141
57.971703,149.16388,-80.914,129
58.219746,151.92595,-79.60318,135
58.440807,154.69467,-78.66016,144
58.649624,157.46535,-77.88232,144
58.8361,160.24509,-77.411255,147
59.011402,163.02968,-77.09328,146
59.154396,165.834,-77.22434,141
59.296726,168.6403,-77.36452,130
59.434975,171.45119,-77.56143,128
59.570248,174.26619,-77.79992,134
59.72794,177.06554,-77.72199,121
59.924263,179.83311,-77.0974,97
60.117744,182.60066,-76.50944,91
60.294453,185.38132,-76.156204,104
60.424164,188.206,-76.46886,97
60.564903,191.02254,-76.6248,105
60.687157,193.8603,-77.04451,98
60.793083,196.71918,-77.69906,107
60.94649,199.53,-77.67498,79
61.068607,202.37813,-78.09957,59
61.16495,205.2609,-78.89638,59
61.21895,208.20198,-80.30661,67
61.25361,211.17723,-82.00168,72
61.29622,214.15315,-83.58827,82
61.22391,217.29623,-86.848816,56
61.20131,220.3898,-89.39984,45
61.067657,223.66025,-93.57938,47
60.405285,227.74353,-105.4973,32
58.664864,233.54787,-133.24065,36
58.285686,237.37338,-141.13902,54
58.31324,240.58939,-143.09346,59
58.462452,243.61678,-143.26437,62
58.542355,246.76501,-144.459,62
58.64719,249.87857,-145.28986,71
58.748642,253.005,-146.17465,62
58.832264,256.1714,-147.32802,61
58.871567,259.42972,-149.14621,57
58.868862,262.78152,-151.59889,67
58.869835,266.14282,-154.00748,65
58.846897,269.56863,-156.78484,65
58.862408,272.9342,-158.9973,72
58.982536,276.0955,-159.64607,74
59.143597,279.17502,-159.68073,78
34.549217,-53.96147,-265.62476,16
36.467335,-47.69617,-244.1398,15
35.162487,-43.82354,-265.17978,16
37.578777,-36.931725,-237.31938,15
35.72296,-36.842953,-262.9609,16
40.381233,-22.29233,-210.23636,15
30.133482,-32.607975,-343.29984,15
36.63989,-15.593752,-267.03568,15
46.251156,4.429607,-150.35614,16
43.66612,8.364396,-189.03201,18
44.426243,12.164287,-181.53409,21
45.29559,16.04904,-172.59695,21
45.800476,19.485777,-168.32635,20
46.469715,23.075495,-161.91074,19
47.9966,27.521461,-144.35303,19
49.50035,31.854496,-127.02435,18
49.448566,34.58653,-129.8617,19
50.499763,39.751102,-119.40435,16
51.16445,43.116447,-112.86727,18
51.916096,46.522057,-105.16313,17
53.125088,51.62091,-92.473976,19
53.243317,54.433033,-93.02329,19
53.387463,57.26618,-93.23055,23
53.583138,60.13586,-92.755035,21
53.805275,63.020046,-91.92509,23
54.117023,65.95636,-89.9004,30
54.252792,68.77509,-90.20499,38
54.471474,71.64196,-89.40389,59
53.93266,74.09769,-98.70761,58
54.024765,76.91742,-99.608406,97
54.127464,79.7461,-100.36868,115
54.397038,82.65037,-98.88914,119
54.701893,85.56046,-96.92719,120
55.028465,88.46774,-94.66232,119
55.33835,91.357346,-92.61177,113
55.666767,94.24125,-90.30022,107
56.00976,97.11651,-87.779724,108
56.344147,99.97633,-85.364105,121
56.62123,102.81257,-83.717155,141
56.84737,105.63225,-82.7566,155
57.058483,108.44497,-81.99569,153
57.272144,111.25373,-81.19485,114
57.356617,114.05269,-82.16229,95
57.324524,116.85596,-84.73451,104
57.39551,119.66977,-85.89539,165
57.60428,122.48058,-85.15644,133
57.798084,125.28912,-84.620186,134
57.846127,128.1154,-86.10071,100
57.90422,130.94797,-87.4462,171
58.195183,133.73798,-85.55394,104
58.439793,136.52982,-84.29909,108
58.662617,139.32153,-83.342415,122
58.89638,142.10486,-82.226944,151
59.070843,144.90419,-81.93789,154
59.32485,147.67038,-80.52762,127
59.566116,150.435,-79.289986,136
59.798485,153.19771,-78.171486,147
60.01498,155.96312,-77.27183,143
60.217945,158.73178,-76.55915,144
60.391483,161.51472,-76.26044,143
60.548622,164.30717,-76.19299,141
60.683125,167.1152,-76.4469,134
60.83479,169.91325,-76.45572,129
60.97013,172.72446,-76.697426,130
61.14947,175.50304,-76.3075,115
61.36525,178.25008,-75.39113,87
61.61496,180.96341,-73.98125,67
61.75522,183.76968,-74.14507,78
61.879436,186.59326,-74.541405,96
61.996586,189.4272,-75.04123,92
62.113564,192.26518,-75.544685,95
62.233677,195.10384,-76.00409,93
62.375366,197.92226,-76.15009,73
62.542633,200.71318,-75.922104,53
62.65191,203.57361,-76.54242,63
62.75762,206.44333,-77.2174,48
62.801144,209.39809,-78.8104,59
62.841873,212.367,-80.450554,69
62.83675,215.40956,-82.77538,62
62.80074,218.51048,-85.56752,52
62.756218,221.64143,-88.497604,47
62.45441,225.17558,-95.26744,36
61.706444,229.43698,-108.717384,27
60.368034,234.71223,-131.0465,45
60.021774,238.50684,-138.61687,49
60.047462,241.72672,-140.63925,59
60.14602,244.8354,-141.57472,74
60.243202,247.95393,-142.53484,67
60.367485,251.03117,-143.09004,71
60.453106,254.18515,-144.23341,70
60.533573,257.3574,-145.45961,65
60.632217,260.5039,-146.41536,78
60.669865,263.779,-148.30505,71
60.71707,267.04803,-150.05743,73
60.75267,270.35376,-151.99556,73
60.801517,273.6452,-153.73946,72
60.90179,276.838,-154.70134,79
35.110497,-57.48507,-278.30423,15
37.035423,-49.593105,-257.61896,16
37.241196,-43.20909,-259.85156,15
37.121098,-38.85226,-265.02805,14
31.247099,-41.791813,-345.10965,16
31.440718,-34.98763,-347.83185,15
38.43387,-17.02052,-264.05594,15
44.219147,-1.696917,-195.10725,16
48.923355,7.261728,-136.24995,15
45.023468,8.050684,-191.5781,16
45.869717,11.971741,-182.82335,21
46.702526,15.831966,-174.20732,23
47.342506,19.431133,-168.08688,24
47.890163,22.897598,-163.15407,19
49.62664,27.594028,-142.52339,20
50.67454,31.480673,-130.90555,17
51.458427,36.431335,-123.82869,17
51.888084,39.61313,-120.317955,17
52.615597,43.04603,-112.82805,18
53.902176,46.92794,-97.8527,17
54.528294,50.17862,-91.63723,18
54.66096,52.999355,-91.99902,20
54.641766,55.703857,-94.39635,22
54.90043,58.6244,-93.0672,21
55.109028,61.502064,-92.40465,23
55.430004,64.4506,-90.220764,27
55.590607,67.28548,-90.19392,37
55.789387,70.14233,-89.64774,61
55.234142,72.57007,-99.33151,55
55.382843,75.41966,-99.47825,94
55.469715,78.2388,-100.46586,119
55.742065,81.14759,-98.9224,124
56.04544,84.061,-96.9461,124
56.364586,86.96974,-94.74369,118
56.680813,89.86556,-92.57034,120
57.010082,92.75377,-90.2067,111
57.34171,95.62994,-87.798706,113
57.677982,98.4943,-85.31503,111
57.97307,101.33681,-83.38977,130
58.215107,104.15979,-82.19089,151
58.41466,106.97047,-81.57617,168
58.632114,109.77956,-80.707855,140
58.77487,112.57923,-80.87723,103
58.805042,115.37681,-82.620995,105
58.776104,118.18427,-85.19923,147
58.91465,120.997345,-85.433235,163
59.11382,123.806526,-84.81278,140
59.265236,126.6184,-84.86219,126
59.26795,129.45462,-87.01244,99
59.433266,132.27023,-86.866646,97
59.768787,135.04509,-84.302635,114
60.007004,137.83311,-83.110695,107
60.25341,140.6126,-81.795876,142
60.437744,143.4071,-81.360794,165
60.672825,146.17993,-80.19632,134
60.910076,148.94594,-78.99465,146
61.144245,151.70741,-77.83103,139
61.371128,154.46681,-76.766464,141
61.57346,157.23439,-76.05061,150
61.757217,160.00964,-75.59947,158
61.9161,162.79865,-75.5058,151
62.054874,165.60124,-75.702866,143
62.211094,168.3934,-75.64593,138
62.356564,171.19412,-75.74479,131
62.55302,173.95613,-75.097755,113
62.82022,176.65706,-73.41134,75
63.05536,179.37733,-72.18734,63
63.22493,182.15134,-71.92185,71
63.322117,184.99355,-72.72165,82
63.405266,187.85533,-73.73187,98
63.510715,190.70087,-74.415375,100
63.63436,193.53183,-74.83125,93
63.810043,196.30835,-74.475075,69
63.956398,199.11803,-74.5537,55
64.07656,201.96086,-75.02332,69
64.19438,204.81065,-75.529976,72
64.300186,207.68011,-76.21842,57
64.40287,210.55908,-76.95639,64
64.38473,213.60944,-79.51715,70
64.39372,216.63765,-81.67945,53
64.38733,219.70227,-84.08372,53
64.23823,222.99672,-88.66149,40
63.87603,226.6489,-96.49726,38
62.86179,231.38516,-114.29492,36
62.105534,235.80524,-128.23416,54
61.743168,239.64713,-136.2115,56
61.74654,242.90694,-138.61813,59
61.854218,245.9983,-139.43387,66
61.946075,249.12503,-140.4966,80
62.090805,252.16162,-140.74883,66
62.178444,255.31052,-141.88522,62
62.278202,258.44452,-142.83942,72
62.356667,261.62878,-144.12883,79
62.435684,264.8217,-145.41591,75
62.50702,268.04047,-146.82915,80
62.572803,271.2817,-148.33606,74
62.64265,274.5254,-149.7868,76
62.72651,277.74872,-151.0247,84
38.341007,-50.269447,-262.05783,15
37.97117,-47.87884,-269.2967,15
38.90815,-43.26102,-259.66016,16
38.151237,-41.482853,-271.93253,15
35.610157,-42.529213,-307.41733,15
32.68398,-42.388054,-349.37256,15
33.47435,-37.914986,-341.70786,15
33.18343,-35.107754,-348.1477,15
35.12434,-28.98675,-325.36914,15
40.24481,-16.87647,-261.9945,16
43.3321,-9.52032,-223.82639,16
46.90627,-0.261844,-180.23781,15
46.94747,4.101993,-183.17993,15
47.329796,11.795228,-183.93318,21
48.00833,15.490897,-177.21988,22
48.872173,19.363388,-167.99976,30
49.25441,22.653706,-165.19054,19
50.905468,27.29428,-145.33801,18
52.66336,34.713886,-126.19358,17
53.271152,38.085114,-120.220535,17
53.92546,41.46877,-113.59153,17
55.153263,45.337807,-99.15805,17
55.85021,48.669575,-91.87499,20
55.962048,51.473022,-92.525085,22
56.04405,54.254818,-93.5822,20
56.194492,57.093613,-93.70606,19
56.471344,60.02489,-92.096756,21
56.677147,62.897427,-91.45376,25
56.94312,65.80577,-89.97846,38
57.12401,68.65226,-89.667465,85
56.522713,71.03223,-100.1533,62
56.681103,73.88922,-100.16878,88
56.822384,76.73669,-100.41952,113
57.097965,79.65016,-98.80333,129
57.405838,82.56923,-96.72893,123
57.720097,85.47968,-94.55473,118
58.030323,88.37683,-92.42598,118
58.34897,91.26532,-90.16866,111
58.660038,94.13936,-88.00658,115
59.000515,97.00966,-85.419815,109
59.31176,99.85933,-83.23261,115
59.572094,102.68734,-81.75369,142
59.784485,105.49975,-80.945465,161
59.972546,108.30478,-80.47731,166
60.15595,111.10683,-80.07142,129
60.254898,113.90271,-80.86514,109
60.22606,116.70163,-83.4846,113
60.262455,119.51256,-85.180214,175
60.433018,122.32354,-84.95867,149
60.59213,125.13458,-84.89928,143
60.69992,127.95289,-85.57674,109
60.73534,130.7881,-87.29917,110
61.060383,133.56891,-84.84209,105
61.328453,136.35155,-83.19828,100
61.5803,139.13051,-81.78183,124
61.7878,141.91716,-81.00285,164
62.01548,144.69243,-79.92551,138
62.24666,147.46082,-78.79121,144
62.478676,150.22319,-77.638725,131
62.711998,152.97922,-76.46141,136
62.918453,155.74373,-75.672646,152
63.104088,158.51662,-75.186195,159
63.266663,161.30174,-75.03738,159
63.416157,164.0953,-75.0803,148
63.559395,166.89429,-75.21559,134
63.733498,169.67198,-74.89171,125
63.951473,172.41457,-73.912796,111
64.19289,175.13338,-72.579056,89
64.48583,177.80122,-70.468315,62
64.65935,180.56628,-70.13759,68
64.7482,183.41063,-71.07622,92
64.8428,186.25565,-71.93194,92
64.912285,189.13245,-73.16979,95
65.03404,191.96127,-73.6224,91
65.17694,194.77025,-73.75621,75
65.32079,197.58017,-73.875946,80
65.47057,200.38486,-73.90545,92
65.61125,203.20236,-74.07368,63
65.74113,206.03613,-74.40754,56
65.84202,208.91182,-75.18662,73
65.932304,211.80798,-76.13185,62
65.97873,214.77338,-77.75609,62
65.931145,217.88737,-80.8369,54
65.90451,220.98909,-83.60754,47
65.68851,224.40285,-89.324005,41
65.2238,228.24915,-98.92627,31
64.33164,232.85622,-115.22229,38
63.684277,237.14653,-127.77471,51
63.544968,240.63046,-132.44409,60
63.454365,244.05688,-136.37183,57
63.524513,247.21455,-137.79413,66
63.62993,250.31639,-138.66837,93
63.767925,253.36287,-139.03331,62
63.896397,256.4322,-139.55072,65
63.979816,259.5974,-140.78477,74
64.066765,262.76486,-141.96907,85
64.164734,265.91815,-142.98392,84
64.2535,269.09958,-144.15077,85
64.343216,272.28812,-145.30865,79
64.42494,275.5039,-146.60075,81
39.28347,-56.153164,-267.6392,16
40.123398,-48.6158,-261.64655,16
45.401463,-33.631237,-197.12726,15
34.012062,-43.176258,-355.2233,15
34.604702,-38.981106,-350.05423,15
35.0636,-35.018326,-346.6406,15
37.364635,-28.314043,-318.64603,16
41.38693,-17.693146,-268.80093,16
44.51706,-10.184737,-229.38539,15
49.495007,-0.317376,-164.99133,15
48.503273,1.171363,-180.66513,16
49.606033,5.493514,-168.1573,15
49.051907,13.380689,-182.71182,27
49.959377,17.345882,-172.74959,24
50.458454,20.791025,-168.30722,22
51.2376,24.524473,-160.0207,18
53.20428,29.497177,-135.45392,17
53.91883,33.036312,-127.94622,18
54.332405,36.23218,-124.53902,16
55.01241,39.669804,-117.44837,17
56.454647,43.788265,-99.81341,17
57.178303,47.16487,-92.0346,19
57.30402,49.9797,-92.50169,24
57.304497,52.69108,-94.70666,21
57.59887,55.648224,-92.83152,19
57.775753,58.50485,-92.58364,22
58.06641,61.44247,-90.74362,25
58.171856,64.24106,-91.48552,37
58.321095,67.0715,-91.61443,44
57.797394,69.48226,-101.19724,66
57.98103,72.35694,-100.85809,78
58.185226,75.24052,-100.22578,111
58.460205,78.15662,-98.587875,121
58.76673,81.07875,-96.49405,123
59.072964,83.98936,-94.393936,119
59.37399,86.88646,-92.35699,117
59.68494,89.77617,-90.16803,115
59.986744,92.65103,-88.09906,118
60.306053,95.51987,-85.76856,115
60.63411,98.378456,-83.30136,109
60.915382,101.21359,-81.49444,138
61.13834,104.02842,-80.518555,169
61.32947,106.83338,-79.99645,173
61.514545,109.63478,-79.55823,153
61.65715,112.43087,-79.73222,139
61.707817,115.22515,-81.24153,128
61.653454,118.02837,-84.28517,141
61.762173,120.839966,-84.96057,182
61.918224,123.651085,-84.94525,146
62.061306,126.46385,-85.11846,137
62.150887,129.28654,-86.07672,123
62.311058,132.10014,-85.9991,96
62.643223,134.8717,-83.38282,111
62.912064,137.64742,-81.690186,107
63.126488,140.43195,-80.79529,143
63.36132,143.20459,-79.59226,142
63.587215,145.97481,-78.51615,138
63.825733,148.73404,-77.24591,128
64.059006,151.48941,-76.047676,127
64.26638,154.25246,-75.23108,149
64.455795,157.02179,-74.67962,155
64.61393,159.80777,-74.59525,177
64.766365,162.59763,-74.59562,146
64.91537,165.39066,-74.64702,135
65.10368,168.15598,-74.102745,126
65.31521,170.90115,-73.2033,111
65.5885,173.59193,-71.36011,85
65.89515,176.2447,-68.999825,56
66.07647,178.99812,-68.54256,62
66.19748,181.80688,-69.00612,85
66.24447,184.69223,-70.606705,96
66.321976,187.55626,-71.74489,100
66.40224,190.42487,-72.84501,99
66.537094,193.23994,-73.10665,96
66.69806,196.0275,-72.96532,100
66.8464,198.8307,-73.01897,99
67.008415,201.61847,-72.85987,62
67.12955,204.45941,-73.336914,64
67.26754,207.28198,-73.552956,63
67.36855,210.15825,-74.34835,66
67.47086,213.03879,-75.12744,87
67.528946,215.99031,-76.605156,63
67.50962,219.06937,-79.3097,46
67.42746,222.26392,-83.019264,48
67.175835,225.75424,-89.428665,30
66.48229,230.01492,-102.88028,31
65.74685,234.42726,-117.06003,34
65.34077,238.34898,-126.05532,39
65.07702,242.06996,-132.81833,57
65.121605,245.26472,-134.67479,59
65.184326,248.43823,-136.24954,76
65.30928,251.50247,-136.8306,78
65.44007,254.56053,-137.32074,81
65.556496,257.6528,-138.04634,75
65.67315,260.75095,-138.77196,80
65.77219,263.89304,-139.78761,93
65.86792,267.0506,-140.86288,91
65.96691,270.20956,-141.89082,88
66.07258,273.36166,-142.81482,87
66.17966,276.51837,-143.72125,89
40.85494,-53.377666,-271.4159,16
40.6782,-50.660683,-276.33408,15
41.2483,-46.60987,-271.2752,15
40.255184,-42.197716,-289.75037,15
45.00739,-29.747562,-229.60866,16
36.53133,-35.56536,-350.662,16
37.4666,-30.876846,-340.704,16
43.233574,-19.025227,-264.97324,15
44.649426,-13.899478,-248.23958,16
48.761696,-5.013108,-194.60104,16
50.886646,5.092456,-171.50192,15
49.43516,7.495141,-195.07187,16
50.68643,13.418721,-181.44034,24
51.235104,16.965328,-176.25493,26
51.916904,20.640333,-169.19843,23
52.973923,24.70466,-156.89313,17
54.596226,29.328157,-136.65858,18
55.51614,33.100376,-126.14295,18
55.44692,35.79906,-129.41922,16
56.671307,39.80075,-114.5711,17
58.255825,44.072247,-94.59872,18
58.545307,47.044254,-92.772644,18
58.566757,49.767654,-94.71771,19
58.766216,52.651768,-94.15213,18
59.03307,55.587124,-92.62737,22
59.291325,58.50704,-91.21613,24
59.468407,61.358356,-90.95153,29
59.376236,64.01648,-94.522446,34
59.263603,66.67826,-98.39876,49
59.161312,69.36565,-102.14168,69
59.406605,72.27989,-100.911064,96
59.67024,75.19741,-99.4097,124
59.96125,78.12093,-97.50553,125
60.260868,81.03824,-95.46697,122
60.570812,83.9491,-93.26858,118
60.86674,86.84226,-91.26219,115
61.165245,89.72549,-89.207954,119
61.466915,92.59869,-87.097084,118
61.783676,95.465034,-84.755264,109
62.105507,98.32016,-82.327446,117
62.374966,101.15054,-80.6553,137
62.58894,103.96161,-79.78944,167
62.772057,106.76337,-79.37256,180
62.947758,109.56196,-79.061676,170
63.091015,112.356544,-79.22754,147
63.15659,115.14954,-80.54388,124
63.09857,117.95052,-83.699486,144
63.183228,120.761444,-84.74437,175
63.335903,123.57204,-84.77819,151
63.47214,126.38503,-85.05683,139
63.587643,129.20311,-85.645805,147
63.758987,132.01302,-85.397896,95
64.091156,134.78204,-82.72838,107
64.34614,137.55922,-81.20972,113
64.580246,140.3354,-79.99874,128
64.82473,143.10161,-78.62419,130
65.06028,145.86452,-77.37835,126
65.297844,148.62021,-76.09552,129
65.529976,151.37212,-74.88874,134
65.71487,154.14326,-74.39762,162
65.89084,156.9175,-74.039894,157
66.046036,159.70326,-73.998886,160
66.20451,162.48735,-73.90637,142
66.36898,165.26747,-73.7205,127
66.57511,168.01628,-72.88928,118
66.82199,170.72923,-71.423004,97
67.11207,173.3991,-69.27953,69
67.40643,176.05414,-67.0589,50
67.55364,178.8328,-67.12159,81
67.659836,181.65225,-67.825325,86
67.68452,184.55861,-69.80812,113
67.72591,187.4597,-71.5372,98
67.81767,190.31659,-72.48161,107
67.98533,193.0937,-72.23384,110
68.15128,195.87259,-72.01123,108
68.30409,198.66768,-71.9961,95
68.46152,201.45807,-71.90714,72
68.58531,204.29361,-72.353035,80
68.7659,207.05571,-71.89521,52
68.86339,209.9337,-72.763725,74
68.979675,212.79079,-73.3349,60
69.085205,215.66882,-74.08177,51
69.06742,218.74367,-76.81713,49
68.98358,221.94135,-80.63156,45
68.80609,225.31654,-85.97802,34
68.02059,229.75175,-101.205894,34
67.43032,233.93887,-113.33354,37
67.01379,237.88904,-122.68937,37
66.76816,241.58308,-129.30008,43
66.76229,244.86714,-132.01892,57
66.81895,248.0486,-133.726,62
66.90328,251.18756,-134.98694,78
67.03062,254.24883,-135.54576,75
67.14998,257.33197,-136.23944,68
67.28068,260.39725,-136.74954,82
67.40602,263.4793,-137.35156,87
67.51595,266.60156,-138.21419,82
67.619446,269.74573,-139.18906,91
67.72341,272.89703,-140.1617,92
67.83485,276.03864,-141.01491,93
42.830494,-52.88413,-267.24115,14
43.698868,-45.28479,-260.59445,16
52.361874,-27.057997,-144.89427,16
42.552334,-41.23153,-281.448,15
60.4739,-6.636666,-39.423523,16
59.155357,-6.314991,-59.683353,15
44.915817,-20.585224,-263.28864,15
45.832806,-14.645254,-254.4656,16
50.101658,-1.058374,-201.37321,16
51.935627,4.362389,-178.20633,16
56.204033,12.911088,-120.81921,16
52.530975,12.295119,-175.94287,17
52.36997,14.960413,-180.6498,27
53.124825,18.756273,-172.44296,22
53.80813,22.425653,-165.21092,19
56.091938,27.882074,-135.25137,17
56.55087,31.171598,-131.09308,17
57.079,34.51296,-125.92916,17
58.522858,38.773293,-107.673454,16
59.365204,42.340717,-97.93955,17
59.83185,45.496773,-93.54647,18
59.963776,48.319893,-93.93916,18
60.066326,51.117805,-94.75423,18
60.36056,54.082245,-92.80597,20
60.672676,57.050407,-90.58884,23
60.838505,59.892353,-90.47927,25
60.419453,62.298656,-98.85737,32
60.624897,65.187325,-98.18465,45
60.51779,67.862885,-102.0637,67
60.74332,70.76737,-101.09783,100
61.003075,73.68651,-99.62456,121
61.301163,76.61868,-97.58062,133
61.601177,79.54069,-95.4976,124
61.89529,82.448524,-93.49076,123
62.193714,85.34735,-91.40992,119
62.488503,88.23341,-89.371994,128
62.78894,91.110504,-87.23978,114
63.087044,93.97534,-85.131256,115
63.40904,96.835724,-82.65597,111
63.7073,99.67694,-80.52272,125
63.93717,102.492325,-79.40202,154
64.12874,105.29505,-78.84947,181
64.30113,108.09218,-78.58087,188
64.456924,110.886215,-78.560005,162
64.57748,113.67819,-79.06948,150
64.59715,116.47156,-81.10636,128
64.55638,119.277405,-84.067375,151
64.67583,122.08813,-84.605675,177
64.83562,124.897446,-84.53067,147
64.97872,127.708984,-84.708694,147
65.08158,130.5293,-85.50236,106
65.40572,133.30302,-82.90564,112
65.665596,136.0806,-81.283905,107
65.932144,138.84766,-79.55098,113
66.20087,141.60495,-77.77577,108
66.43418,144.3671,-76.53963,111
66.6636,147.12468,-75.35726,118
66.88832,149.87865,-74.242035,126
67.087494,152.64044,-73.5187,148
67.24182,155.42424,-73.49157,169
67.398674,158.207,-73.42405,162
67.56128,160.98628,-73.26533,141
67.73388,163.75854,-72.94852,132
67.94249,166.50323,-72.06206,111
68.194855,169.20967,-70.48047,98
68.486946,171.87543,-68.26233,84
68.79227,174.51826,-65.8238,55
68.97901,177.25671,-65.25874,58
69.1123,180.04425,-65.54275,77
69.11171,182.96861,-67.96594,109
69.12441,185.89377,-70.18743,115
69.18104,188.78459,-71.71437,92
69.40416,191.49571,-70.57032,105
69.55268,194.28995,-70.62374,115
69.702805,197.08363,-70.65103,105
69.846054,199.88762,-70.79008,76
69.991264,202.69113,-70.89791,85
70.15409,205.47258,-70.71979,64
70.28282,208.3026,-71.09671,89
70.42154,211.12169,-71.312706,74
70.57343,213.9236,-71.31391,57
70.59651,216.92758,-73.43146,51
70.5508,220.05585,-76.692444,41
70.450615,223.29475,-80.868546,39
70.25881,226.71547,-86.58088,31
69.41402,231.31366,-103.151695,41
68.92726,235.3673,-113.85007,38
68.601776,239.18796,-121.91314,36
68.4017,242.82047,-127.920525,52
68.43421,246.03787,-130.0626,64
68.45422,249.29495,-132.42577,67
68.561035,252.39061,-133.34055,86
68.71098,255.40321,-133.53253,67
68.8462,258.4508,-133.9755,66
68.97295,261.5216,-134.56506,76
69.06955,264.66592,-135.67053,93
69.18465,267.77658,-136.46779,92
69.30315,270.88635,-137.21182,95
69.40961,274.03174,-138.16663,92
44.222126,-54.979004,-269.66147,15
46.35155,-47.9731,-242.83754,16
64.61256,-4.330824,1.55624,16
63.96044,-1.864637,-10.679156,16
46.394665,-20.93657,-265.733,16
46.788788,-17.28324,-262.81567,15
49.913776,-9.552567,-221.21342,15
52.56173,-2.726909,-186.19986,15
49.952984,-3.588584,-225.788,15
54.222645,6.746316,-168.74413,16
54.26744,12.485067,-173.02882,19
53.96676,14.957639,-179.82011,23
54.580025,18.590801,-173.48709,24
55.111744,22.093222,-168.29988,21
57.722134,30.758986,-135.44742,17
58.90605,36.208904,-121.85931,18
60.677113,40.800865,-98.45259,18
61.203983,44.030647,-93.09861,17
61.350605,46.866302,-93.28025,21
61.377323,49.590797,-95.21777,18
61.52784,52.43405,-95.343414,20
62.073948,55.613796,-89.64429,21
62.226933,58.44357,-89.71785,23
61.822887,60.84013,-98.0254,33
61.923256,63.65092,-98.89353,44
61.86228,66.35213,-102.159325,60
62.074257,69.250305,-101.37536,106
62.338203,72.17619,-99.81115,111
62.63635,75.113434,-97.72716,130
62.926697,78.03502,-95.74882,133
63.219994,80.947296,-93.7159,126
63.51627,83.84992,-91.62733,127
63.80689,86.73876,-89.61329,122
64.10585,89.619965,-87.46253,125
64.40041,92.488014,-85.367294,116
64.70831,95.34899,-83.058815,107
65.01403,98.19694,-80.771706,111
65.271065,101.021194,-79.21555,141
65.48519,103.82867,-78.30654,167
65.66228,106.625374,-77.95938,178
65.82281,109.4182,-77.86354,186
65.96036,112.20868,-78.11981,160
66.05328,114.9989,-79.063896,141
66.03927,117.79481,-81.66432,135
66.04085,120.603775,-84.03333,146
66.20051,123.411415,-83.95806,165
66.39277,126.21448,-83.37366,167
66.506966,129.02803,-84.003555,166
66.71575,131.82494,-83.15636,112
66.98415,134.60236,-81.37044,105
67.310616,137.35316,-78.66364,98
67.594475,140.10425,-76.614204,102
67.829056,142.86348,-75.33196,104
68.05077,145.62167,-74.246445,108
68.28361,148.36925,-72.9792,117
68.45489,151.14194,-72.682945,139
68.58889,153.93423,-72.978325,152
68.76315,156.70468,-72.63181,131
68.92492,159.48193,-72.483444,125
69.08816,162.25803,-72.30979,132
69.30239,164.99677,-71.315674,108
69.55224,167.70323,-69.74318,99
69.835045,170.37482,-67.63045,83
70.11926,173.03429,-65.48448,65
70.40013,175.68582,-63.382954,52
70.56742,178.43498,-63.117714,65
70.591675,181.32672,-65.18227,94
70.596054,184.25189,-67.58123,107
70.54876,187.24812,-70.83742,78
70.87645,189.83713,-67.954285,84
71.011154,192.6396,-68.232574,101
71.112816,195.48561,-69.057205,101
71.24373,198.30016,-69.4022,96
71.3801,201.1108,-69.65864,101
71.54966,203.87874,-69.36526,83
71.69311,206.6834,-69.50521,81
71.859215,209.45709,-69.268166,59
72.011536,212.25182,-69.26081,65
72.09392,215.15752,-70.426994,66
72.12016,218.16219,-72.543236,55
72.1003,221.25748,-75.44716,43
71.94135,224.60962,-80.71624,37
71.48673,228.51546,-91.020164,31
70.86453,232.78728,-104.220894,40
70.5911,236.48938,-111.55086,46
70.40617,240.0674,-117.40751,51
70.04854,244.02121,-126.248436,52
70.05288,247.30045,-128.9265,50
70.11912,250.46986,-130.55447,72
70.23631,253.54314,-131.31339,68
70.36782,256.59198,-131.8296,88
70.51252,259.61676,-132.1208,68
70.61602,262.73907,-133.13022,90
70.7329,265.83844,-133.91248,93
70.85944,268.9219,-134.53165,89
70.968636,272.0535,-135.45831,101
71.08387,275.17798,-136.28494,95
47.646587,-51.636375,-244.91978,16
46.834087,-50.238834,-258.99338,15
60.78874,-17.285704,-67.917015,15
65.7619,-4.661585,-0.601218,15
65.65533,-1.276603,-5.287711,15
65.64223,1.094741,-7.59787,15
52.878983,-13.293453,-196.33974,15
44.896263,-22.905014,-313.84268,16
54.401726,-2.366373,-181.97786,15
54.082397,2.893785,-191.67134,15
57.395996,13.148249,-148.43492,17
55.47041,14.837365,-180.31737,19
56.09293,18.494623,-173.72147,25
56.63312,22.016924,-168.30418,21
61.113655,35.59558,-109.5709,17
62.17535,39.45853,-96.22044,17
62.516613,42.505,-93.51783,17
62.708385,45.387024,-93.0286,22
62.650856,48.025196,-96.25707,18
62.953876,51.0125,-94.10307,22
63.24216,53.974834,-92.15804,21
63.517742,56.91551,-90.39371,21
63.254017,59.408123,-96.74375,33
63.18306,62.081345,-100.20965,40
63.163757,64.80933,-102.90783,63
63.409225,67.73483,-101.6009,110
63.67654,70.667244,-99.954544,101
63.965984,73.60422,-97.96175,128
64.252144,76.528366,-96.008575,133
64.54452,79.44519,-93.95001,127
64.83543,82.35008,-91.902824,127
65.12904,85.24508,-89.80348,125
65.41586,88.125854,-87.79755,133
65.7064,90.99717,-85.72386,124
66.002815,93.85932,-83.5483,121
66.31046,96.71318,-81.187126,114
66.59203,99.54757,-79.21937,130
66.81854,102.359215,-78.09903,145
67.0149,105.15931,-77.443344,177
67.17603,107.95086,-77.33489,191
67.324554,110.740456,-77.42235,190
67.44422,113.52879,-77.96297,166
67.53069,116.31943,-79.02818,147
67.50691,119.11862,-81.83889,136
67.52583,121.92986,-83.98518,153
67.71023,124.73433,-83.51447,199
67.86889,127.540344,-83.45012,183
68.035515,130.34468,-83.257545,141
68.30898,133.12276,-81.35585,101
68.72062,135.85205,-77.231224,93
69.0332,138.59158,-74.67684,91
69.26567,141.34714,-73.39931,95
69.48587,144.10126,-72.312744,101
69.70229,146.85164,-71.28194,99
69.87188,149.62027,-71.00411,112
70.17873,152.31343,-68.495125,105
70.49517,154.98784,-65.81731,96
70.48726,157.85323,-68.42083,108
70.45422,160.75061,-71.44695,116
70.65954,163.49333,-70.57848,103
70.92064,166.18922,-68.78832,98
71.190575,168.86887,-66.84396,84
71.47411,171.5269,-64.66519,69
71.744026,174.18604,-62.70154,55
71.953766,176.89236,-61.726982,56
72.04784,179.70961,-62.67188,82
72.119125,182.55702,-64.00134,96
72.09405,185.51819,-66.94862,81
72.25995,188.2797,-66.70951,75
72.56674,190.87395,-64.10243,84
72.55255,193.85059,-66.888306,104
72.661766,196.68622,-67.604645,101
72.79162,199.49983,-67.97567,88
72.956215,202.26898,-67.75923,73
73.102585,205.06432,-67.85198,85
73.29175,207.79848,-67.216156,60
73.43964,210.59335,-67.28301,70
73.548225,213.45204,-68.023674,68
73.62553,216.36739,-69.30624,77
73.70827,219.28275,-70.50206,52
73.596214,222.54279,-75.067276,49
73.392815,225.99353,-81.23703,40
72.74409,230.29591,-95.165,35
72.391205,234.12671,-104.01836,41
72.22357,237.65425,-109.68708,51
71.85468,241.61618,-118.9039,53
71.72545,245.14757,-123.96827,47
71.7231,248.44656,-126.82988,49
71.78984,251.61688,-128.48958,73
71.897575,254.70949,-129.43497,74
72.02954,257.75543,-129.95757,84
72.15449,260.8228,-130.6082,70
72.26381,263.93298,-131.54153,93
72.38493,267.02264,-132.2702,93
72.50341,270.12552,-133.05138,96
72.62353,273.2312,-133.8084,98
69.362526,-11.902749,42.937187,16
47.302895,-49.5946,-278.69763,15
62.42828,-16.8948,-64.37184,15
68.69347,0.535149,20.892797,15
67.797966,3.666076,3.623946,16
71.09877,11.541136,49.73078,15
62.943104,0.500175,-71.79236,16
45.410168,-24.910175,-331.52795,15
58.823055,0.577471,-138.28526,16
57.613205,1.493541,-158.61592,15
56.195553,2.202606,-182.10857,15
56.32227,5.238346,-182.80176,16
56.720417,8.654801,-179.46167,15
57.584602,12.68672,-169.16263,17
57.11454,14.901369,-178.73299,16
57.62339,18.42045,-173.69814,22
58.16284,21.951262,-168.1794,21
62.942375,35.961567,-103.741264,17
63.560787,39.34342,-96.812416,17
63.98859,42.487213,-92.740524,18
63.93771,45.119884,-95.9237,20
64.16374,49.388706,-96.110634,19
64.461914,52.370712,-93.97968,21
64.95916,55.517776,-88.787445,22
64.57666,57.89026,-97.076965,33
64.43279,60.497265,-101.73011,39
64.4794,63.273945,-103.465256,60
64.73017,66.20811,-102.05027,98
65.00379,69.15006,-100.27336,104
65.29047,72.090675,-98.28403,126
65.58231,75.02359,-96.20334,127
65.86565,77.940254,-94.24424,134
66.15562,80.84976,-92.17108,129
66.44455,83.7475,-90.10295,122
66.72782,86.63144,-88.11296,131
67.01821,89.50754,-86.00023,124
67.30218,92.36986,-83.977745,125
67.594635,95.22406,-81.8106,113
67.89099,98.06776,-79.56977,119
68.13689,100.886955,-78.11926,141
68.346436,103.69082,-77.239914,158
68.52694,106.485085,-76.81904,185
68.687355,109.274506,-76.71644,181
68.821335,112.06115,-77.0361,166
68.94437,114.84899,-77.53261,154
69.0419,117.639496,-78.441154,144
69.012054,120.44094,-81.410866,128
69.01508,123.255226,-83.86101,145
69.17189,126.06219,-83.82661,159
69.331055,128.86873,-83.75268,136
69.64357,131.6413,-81.17702,99
70.14381,134.35081,-75.5204,91
70.46917,137.084,-72.70109,91
70.74253,139.82062,-70.72135,87
70.963356,142.56776,-69.596886,87
71.19838,145.30302,-68.23216,91
71.49137,148.00317,-65.901535,80
71.99504,150.57927,-60.065662,76
72.23067,153.27855,-58.65659,84
72.28151,156.08565,-60.31922,95
72.141396,159.03004,-65.17906,87
72.032524,161.97968,-69.53926,101
72.2733,164.68839,-68.05206,102
72.5587,167.35368,-65.80652,82
72.83534,170.01485,-63.697548,66
73.117516,172.66023,-61.48481,53
73.3817,175.31122,-59.566025,50
73.52573,178.07196,-59.679386,67
73.588135,180.91951,-61.183487,89
73.61644,183.81377,-63.277637,83
73.65158,186.71317,-65.265465,62
73.99346,189.26086,-61.999374,80
74.13135,192.04329,-62.226498,84
74.08965,195.05907,-65.552536,108
74.17278,197.92856,-66.736885,105
74.30445,200.73907,-67.08687,111
74.47806,203.4928,-66.70995,107
74.68537,206.1958,-65.74464,72
74.86519,208.9368,-65.25481,73
74.9877,211.76736,-65.76662,79
75.07573,214.6588,-66.88717,58
75.16089,217.56319,-68.064575,62
75.17044,220.60754,-70.58261,50
75.00971,223.97319,-76.12694,37
74.70865,227.63179,-84.18984,41
74.025,232.06468,-99.098335,43
73.83787,235.62073,-105.23294,56
73.6636,239.1895,-111.17112,49
73.44534,242.8859,-117.92923,58
73.35125,246.36299,-122.4928,54
73.37386,249.61726,-124.97877,62
73.463715,252.73958,-126.26459,66
73.54213,255.89772,-127.76557,77
73.67428,258.94205,-128.2998,81
73.80713,261.9902,-128.8256,66
73.90727,265.1233,-129.95232,93
74.03564,268.19528,-130.56987,90
74.15494,271.2963,-131.35843,99
74.27081,274.41342,-132.21585,104
74.43576,-4.226263,98.84131,15
54.531147,-38.838215,-197.2015,15
67.32456,-11.495296,-11.625998,16
68.54448,-2.101047,-0.186696,15
68.41748,0.0437,-4.254784,16
47.038906,-23.579067,-334.69073,15
58.00072,-0.306177,-175.52922,16
58.69248,4.965228,-168.98044,15
57.879242,8.039414,-185.19937,17
58.851162,15.096402,-175.67192,17
59.136948,18.324413,-173.92795,22
59.43171,21.553715,-172.03647,21
63.932842,32.668907,-108.10294,16
65.09047,39.388527,-95.19768,17
65.37896,42.383522,-93.19063,20
65.33756,46.36886,-97.52159,17
65.556854,49.285988,-96.58063,20
66.18233,52.581985,-89.297104,22
66.35864,55.432514,-89.001205,28
65.80812,57.64953,-100.09311,31
65.64921,60.246223,-105.083305,56
65.943184,63.22451,-102.96425,57
66.18366,66.15111,-101.67822,99
66.47325,69.10513,-99.60754,114
66.757256,72.044106,-97.61434,124
67.05009,74.97765,-95.470215,124
67.33027,77.89212,-93.51579,137
67.619576,80.80091,-91.405235,122
67.90562,83.69659,-89.33568,126
68.18032,86.5758,-87.437,131
68.46576,89.4492,-85.35544,119
68.74148,92.3077,-83.41933,125
69.02702,95.15906,-81.31433,122
69.31991,98.00128,-79.07901,118
69.56613,100.81969,-77.589615,139
69.78122,103.62346,-76.59862,149
69.97035,106.417404,-76.02524,181
70.12861,109.204285,-75.95261,170
70.27409,111.98959,-76.08818,162
70.40644,114.77504,-76.43939,156
70.537704,117.562294,-76.8092,146
70.64184,120.35282,-77.62794,126
70.5354,123.16691,-81.93369,116
70.5785,125.98386,-83.77931,119
70.80922,128.77719,-82.51389,106
71.39664,131.48416,-75.29725,92
71.81281,134.19864,-70.9057,88
72.07788,136.9371,-69.02258,90
72.333855,139.66905,-67.2826,87
72.618355,142.38048,-65.05373,86
72.93522,145.06566,-62.267277,79
73.34258,147.69135,-57.936245,77
73.674194,150.33499,-54.868008,85
73.784096,153.09282,-55.552277,95
73.71567,155.96822,-59.278103,90
73.706535,158.82436,-62.009422,88
73.543,161.80878,-67.39814,99
73.78838,164.50642,-65.7942,87
74.05238,167.18073,-63.86219,86
74.31814,169.84352,-61.889748,76
74.584465,172.49583,-59.898155,59
74.84464,175.14383,-58.002975,50
74.982414,177.90662,-58.226,90
75.06871,180.72656,-59.347534,87
75.06854,183.65022,-61.985455,84
75.21507,186.41922,-62.067715,66
75.50729,189.01306,-59.592453,74
75.64009,191.7955,-59.911636,86
75.56005,194.8605,-63.989178,106
75.62204,197.75647,-65.574875,105
75.756096,200.56094,-65.89124,114
75.9521,203.27776,-65.1074,96
76.17489,205.95087,-63.84289,70
76.3314,208.72208,-63.756996,95
76.46831,211.52608,-64.02314,82
76.57714,214.38017,-64.79569,59
76.63383,217.3304,-66.51313,54
76.629524,220.40077,-69.34233,40
76.57383,223.5836,-73.11817,44
76.246475,227.30263,-81.84957,27
75.63463,231.62682,-95.80941,40
75.37393,235.33583,-103.43281,50
75.2459,238.82048,-108.668625,51
75.1088,242.35744,-114.10023,56
74.99921,245.8696,-119.05577,58
75.007805,249.1521,-121.85803,64
75.06463,252.34413,-123.783936,71
75.14831,255.48752,-125.223526,73
75.271194,258.5484,-125.94245,72
75.39951,261.6025,-126.56537,72
75.49572,264.7428,-127.79377,86
75.616066,267.83127,-128.57797,91
75.72997,270.94363,-129.4889,98
75.852295,274.0414,-130.24747,106
65.746605,-12.239743,-59.77099,15
69.96599,-0.764189,0.505339,16
70.31198,2.220897,3.527904,16
71.23434,6.20114,15.322571,15
70.04342,10.080319,-8.373411,15
60.229897,-0.68333,-163.52196,15
60.3825,2.344834,-163.79231,15
59.484352,3.783383,-180.26404,16
60.594124,15.31206,-172.38194,18
60.66957,18.253326,-173.86626,18
60.412205,20.766985,-180.55273,20
65.01846,30.80863,-112.40267,16
65.953476,34.644657,-100.25066,16
66.37865,37.82428,-96.067314,16
66.78243,40.95769,-92.19994,18
66.737206,43.582302,-95.41488,17
66.851746,46.389256,-96.110245,17
67.459496,51.034946,-90.219955,22
67.54925,53.806973,-91.29815,23
66.973564,55.979347,-103.0169,29
66.96228,58.699554,-105.74585,52
67.25411,61.683292,-103.61811,54
67.49737,64.61716,-102.260506,101
67.79536,67.58406,-100.01183,113
68.07923,70.52878,-97.97927,125
68.37295,73.46889,-95.77614,121
68.6514,76.38751,-93.80916,122
68.93835,79.30035,-91.69294,123
69.21319,82.19516,-89.76316,119
69.495056,85.08295,-87.70788,130
69.763794,87.95365,-85.85673,123
70.04274,90.81853,-83.827675,131
70.32605,93.67405,-81.71582,118
70.61797,96.52102,-79.45036,115
70.88005,99.34742,-77.66742,127
71.11214,102.15708,-76.372955,144
71.318214,104.9546,-75.50396,158
71.49542,107.74297,-75.111984,171
71.657265,110.5275,-74.974,171
71.80049,113.30998,-75.14716,162
71.952194,116.093506,-75.17752,149
72.12551,118.87668,-74.84351,134
72.309616,121.65735,-74.32459,123
72.507065,124.43387,-73.57645,110
72.7364,127.20139,-72.28285,105
73.097595,129.93523,-68.73781,87
73.379326,132.67015,-66.53064,84
73.587814,135.41524,-65.56498,85
73.8119,138.15005,-64.326385,86
74.12128,140.84544,-61.615356,78
74.45516,143.51584,-58.467903,80
74.804276,146.16231,-55.041374,77
75.12994,148.80301,-52.003345,85
75.24559,151.54878,-52.596825,88
75.16762,154.41924,-56.56364,79
75.09657,157.30743,-60.429447,75
75.13227,160.14081,-62.4475,98
75.131836,163.01385,-65.10962,83
75.41089,165.67413,-62.87043,66
75.65187,168.35573,-61.291042,73
75.88799,171.03392,-59.789646,75
76.1519,173.67784,-57.788174,59
76.378555,176.34932,-56.43868,76
76.4877,179.1392,-57.175686,97
76.54714,181.9897,-58.80492,76
76.53089,184.93869,-61.7984,61
76.88569,187.45483,-58.145912,72
77.06407,190.17482,-57.650646,81
77.093155,193.08998,-59.84779,86
77.027306,196.14899,-63.775146,102
77.10706,199.02489,-65.08179,129
77.302055,201.73993,-64.300026,112
77.52221,204.41347,-63.05581,105
77.70145,207.14581,-62.553783,99
77.8573,209.91501,-62.479267,90
77.98869,212.72643,-62.85429,98
78.092834,215.5891,-63.735054,71
78.15348,218.53658,-65.42555,46
78.12723,221.65623,-68.73691,55
78.004555,224.98067,-73.85968,36
77.437675,229.20688,-87.2901,35
77.02464,233.20511,-97.920334,45
76.869804,236.73431,-103.77122,63
76.78536,240.15085,-108.33272,57
76.66632,243.67233,-113.572845,63
76.61923,247.06618,-117.48356,60
76.63191,250.34859,-120.28486,67
76.71057,253.49472,-121.84946,79
76.78904,256.65314,-123.42827,79
76.93143,259.6654,-123.79587,77
77.03012,262.7925,-125.004036,80
77.13378,265.91644,-126.12534,90
77.25109,269.01343,-126.99143,91
77.365425,272.1262,-127.92197,106
73.85131,-11.605394,55.357006,15
73.97834,-9.136742,55.17628,15
72.78621,-5.982542,31.615341,15
67.778786,-9.819088,-50.95477,15
71.28441,2.748408,-2.621721,15
71.2696,5.095594,-5.125532,14
71.46952,9.017476,-5.439331,15
69.620895,8.303902,-36.592842,15
59.801617,-2.483488,-195.36761,16
60.498875,1.473785,-187.14777,16
61.08752,5.223374,-180.59857,16
62.72809,10.503563,-157.39876,16
61.21057,11.093941,-184.09508,16
62.601562,17.320267,-166.09636,17
61.664124,20.310568,-185.09692,17
67.150635,32.94574,-102.69906,16
67.82053,37.77364,-95.77594,16
68.13857,40.8138,-93.20318,24
67.87294,43.19098,-100.0462,17
68.125755,46.1567,-98.52408,17
68.84286,49.592285,-89.45612,20
68.545166,51.97651,-96.85596,20
68.18321,54.33594,-105.33819,27
68.27075,57.1453,-106.51006,44
68.55951,60.134003,-104.38847,52
68.81477,63.083405,-102.80499,91
69.10911,66.05454,-100.56913,106
69.394936,69.00716,-98.46149,119
69.68787,71.953224,-96.22459,123
69.9745,74.88298,-94.0802,121
70.25382,77.7966,-92.04546,129
70.52655,80.695366,-90.109764,115
70.80762,83.58798,-88.024124,125
71.0796,86.46491,-86.07929,130
71.35203,89.33148,-84.11601,121
71.62631,92.188194,-82.1114,123
71.91592,95.03952,-79.836845,120
72.20276,97.87783,-77.59706,116
72.44118,100.69118,-76.16665,129
72.65074,103.49032,-75.218834,151
72.840065,106.28065,-74.610466,174
73.01652,109.06589,-74.21802,181
73.17728,111.84757,-74.09215,166
73.338974,114.62851,-73.94843,157
73.517105,117.40864,-73.5208,141
73.72817,120.18501,-72.52198,129
73.988846,122.95158,-70.65918,106
74.28508,125.70335,-68.1695,98
74.577324,128.44275,-65.73663,89
74.84273,131.17555,-63.75881,85
75.06917,133.90883,-62.45143,84
75.30379,136.63272,-60.993774,86
75.58999,139.32986,-58.622395,80
75.925446,141.99385,-55.37135,82
76.2381,144.65132,-52.505825,78
76.55392,147.29202,-49.56956,88
76.68793,150.0199,-49.84485,98
76.67209,152.84177,-52.788498,88
76.393585,155.85423,-60.433544,50
76.479546,158.65038,-61.599323,112
76.557335,161.45982,-62.917618,93
76.733246,164.19792,-62.478645,83
76.98323,166.87068,-60.70207,66
77.22877,169.53845,-58.99684,52
77.46171,172.20975,-57.511295,54
77.733635,174.83427,-55.310028,57
77.87845,177.5824,-55.41312,104
77.98083,180.37955,-56.29294,87
77.93859,183.3512,-59.82644,69
78.18278,185.99544,-58.119312,77
78.446754,188.60596,-56.039093,82
78.572266,191.38895,-56.50502,84
78.47955,194.47592,-61.01465,90
78.4821,197.45409,-63.7811,109
78.625916,200.24019,-63.933434,118
78.860954,202.88857,-62.3848,96
79.07351,205.56508,-61.24886,80
79.24406,208.3056,-60.89644,81
79.4018,211.06734,-60.784,85
79.51277,213.91202,-61.554863,80
79.57452,216.85191,-63.262547,65
79.63084,219.81363,-65.08369,61
79.59239,222.96992,-68.71961,48
79.29168,226.66809,-77.38209,35
78.81503,230.77763,-89.46132,37
78.49341,234.63692,-98.63477,46
78.38977,238.08456,-103.66626,63
78.32119,241.48701,-108.05084,65
78.25063,244.9224,-112.50027,59
78.229965,248.27078,-116.00789,63
78.27292,251.491,-118.2991,78
78.34066,254.66673,-120.120735,74
78.44498,257.76425,-121.2387,73
78.57281,260.81064,-121.903366,80
78.64787,264.00156,-123.612175,88
78.76618,267.08926,-124.47856,90
78.86586,270.23596,-125.72137,102
78.99348,273.3141,-126.41741,99
74.47966,-10.748748,43.850513,15
78.77634,0.48015,108.58559,16
75.10766,-4.990295,49.281055,16
68.37315,-13.887035,-60.703316,15
68.91707,-9.094454,-55.80739,15
72.20885,4.365039,-10.961843,15
71.482635,5.469615,-24.840076,15
70.308876,7.104925,-47.12358,16
62.46616,4.898049,-183.17012,16
61.92035,6.90961,-194.75313,17
62.340706,10.406816,-190.76213,17
63.756424,16.728397,-171.99014,18
63.22092,21.686628,-186.26678,17
68.57312,32.860138,-102.867065,18
68.952484,36.009884,-99.2566,15
69.52145,39.367695,-92.508064,18
69.493675,43.336845,-96.86914,17
69.9747,46.547142,-91.52502,20
70.20222,49.46222,-90.358826,20
69.985405,51.920235,-96.575226,20
69.62848,54.27236,-105.15666,28
69.728096,57.090965,-106.14847,46
69.99625,60.06309,-104.32055,69
70.27422,63.033367,-102.31699,89
70.56825,66.005486,-100.03203,110
70.86326,68.965904,-97.717995,115
71.15636,71.9124,-95.42346,118
71.446846,74.84468,-93.16075,111
71.71573,77.7511,-91.253006,121
71.99744,80.65461,-89.115944,112
72.2598,83.53606,-87.29779,120
72.52638,86.40969,-85.397415,131
72.798935,89.27573,-83.383896,120
73.07733,92.133286,-81.25858,120
73.35878,94.98054,-79.0691,122
73.63123,97.81318,-77.023575,123
73.866,100.62446,-75.6206,136
74.073265,103.421814,-74.688385,150
74.26057,106.210396,-74.09872,166
74.436,108.994064,-73.7128,169
74.60299,111.77479,-73.47214,182
74.77882,114.55457,-73.07478,153
74.965935,117.33224,-72.47601,145
75.19159,120.104965,-71.1929,131
75.473915,122.86565,-68.89946,107
75.78357,125.61039,-66.108406,91
76.073,128.3442,-63.66278,91
76.34772,131.06854,-61.46686,87
76.59548,133.78902,-59.741318,87
76.84401,136.50023,-57.992985,86
77.14678,139.18175,-55.259647,83
77.4547,141.8467,-52.419605,87
77.77841,144.48909,-49.278656,83
78.04593,147.14445,-47.139732,99
78.16443,149.87463,-47.698307,98
78.09265,152.7277,-51.72777,85
77.65972,155.84784,-62.378223,57
77.85403,158.57146,-61.593773,117
78.01468,161.31763,-61.42347,92
78.2156,164.03026,-60.510933,70
78.44841,166.7106,-59.005028,63
78.70582,169.36052,-57.035465,52
78.929276,172.03375,-55.686634,57
79.17977,174.6724,-53.82749,74
79.303345,177.43953,-54.328186,107
79.40562,180.23494,-55.231514,89
79.331474,183.24696,-59.45193,61
79.64395,185.80225,-56.41845,80
79.882545,188.43756,-54.763847,87
80.01975,191.20187,-55.019875,77
79.91854,194.30464,-59.8034,86
79.898224,197.31796,-63.07491,110
80.046875,200.09506,-63.14047,91
80.30881,202.69585,-61.039223,91
80.5299,205.35233,-59.711163,80
80.701996,208.08514,-59.31959,69
80.84777,210.863,-59.43522,100
80.971176,213.68336,-59.985703,105
80.99223,216.69836,-62.527283,90
81.04228,219.67459,-64.52002,74
81.043816,222.75993,-67.473076,63
80.78288,226.39671,-75.58315,30
80.47369,230.18434,-84.68881,34
80.134125,234.09346,-94.446625,51
79.94213,237.73796,-101.34851,69
79.868866,241.15729,-105.940155,72
79.83915,244.50517,-109.6952,69
79.83827,247.80919,-112.89931,54
79.85989,251.0798,-115.67444,81
79.92024,254.2725,-117.69147,82
80.00408,257.41953,-119.250565,83
80.12555,260.47928,-120.06131,92
80.21825,263.62384,-121.461235,85
80.314964,266.76813,-122.78946,93
80.41878,269.9032,-123.98377,97
80.54272,272.9899,-124.77601,108
75.4081,-11.497431,38.825867,15
75.53174,-7.879207,37.439568,15
75.62231,-5.446769,36.64209,15
70.91865,-9.154602,-44.522205,16
70.707085,-7.113409,-50.37918,15
71.82352,-2.509096,-34.8361,16
73.83602,7.254101,-8.278964,16
73.06393,8.269583,-23.223524,15
62.89598,3.048666,-201.4575,18
63.28737,7.974418,-199.31332,19
63.230507,10.772625,-203.13223,16
64.90579,16.105293,-178.23045,17
64.92895,18.980247,-180.68166,18
63.838234,21.792112,-203.1638,16
69.77798,32.489098,-106.68066,16
70.98591,39.351875,-91.73444,21
71.20319,42.267464,-90.72218,17
71.1515,46.205532,-95.58171,19
71.52009,49.284843,-92.00232,19
71.35124,51.78779,-97.54332,23
71.11256,54.248055,-104.30132,31
71.19864,57.05031,-105.5412,46
71.42815,59.988132,-104.32849,79
71.72835,62.98005,-101.894356,90
72.03057,65.960434,-99.41181,101
72.33384,68.92818,-96.897705,117
72.61962,71.86952,-94.672195,118
72.90101,74.79575,-92.510765,115
73.17505,77.705505,-90.464874,116
73.44611,80.60235,-88.459785,115
73.70722,83.48274,-86.617546,114
73.97304,86.35552,-84.682365,122
74.246956,89.22159,-82.59415,119
74.52391,92.077675,-80.44088,116
74.80026,94.92199,-78.28643,116
75.05696,97.74827,-76.46831,131
75.285225,100.55671,-75.1448,138
75.48613,103.3515,-74.30107,155
75.670334,106.13848,-73.75036,161
75.84224,108.92063,-73.41655,157
76.01214,111.700714,-73.11628,162
76.19368,114.47971,-72.605125,150
76.39095,117.25599,-71.80665,134
76.62508,120.026344,-70.33747,132
76.91635,122.783615,-67.8244,102
77.22622,125.52491,-64.95962,95
77.516846,128.25475,-62.429913,88
77.797066,130.97377,-60.077023,87
78.06408,133.68422,-57.95359,89
78.33516,136.38217,-55.744164,86
78.629196,139.0596,-53.099613,88
78.9418,141.71497,-50.098267,90
79.259445,144.35205,-46.987473,88
79.495705,147.01648,-45.371376,116
79.62319,149.73677,-45.77283,106
79.572655,152.57393,-49.50107,84
78.97338,155.81181,-63.525223,87
79.26223,158.4674,-60.950527,98
79.49487,161.15425,-59.4209,85
79.699394,163.8572,-58.413784,57
79.921646,166.53944,-57.06641,70
80.14198,169.21684,-55.748085,63
80.36048,171.88968,-54.458237,59
80.593315,174.54103,-52.888588,86
80.71697,177.30615,-53.400513,109
80.82163,180.09735,-54.28085,90
80.77442,183.08028,-58.090633,33
81.087616,185.62589,-54.96509,82
81.31903,188.2638,-53.405968,88
81.46051,191.0188,-53.58498,72
81.370094,194.11069,-58.281006,80
81.33569,197.147,-61.911407,97
81.48116,199.926,-62.041786,92
81.804695,202.41997,-58.676674,63
81.97821,205.1463,-58.24828,76
82.149284,207.87593,-57.86685,72
82.289696,210.65956,-58.092007,98
82.4192,213.46619,-58.53627,76
82.46561,216.43509,-60.64,99
82.44665,219.54643,-64.064186,73
82.50108,222.53142,-66.03861,45
82.338264,225.98195,-72.394066,44
82.04489,229.75163,-81.420135,39
81.69569,233.70023,-91.63028,43
81.49493,237.37662,-98.89309,53
81.39662,240.86092,-104.1167,77
81.40502,244.12442,-107.19616,69
81.44678,247.32712,-109.61352,60
81.45447,250.63226,-112.74667,72
81.49362,253.8778,-115.252815,77
81.56112,257.06622,-117.19097,83
81.66914,260.1595,-118.30351,94
81.756966,263.31772,-119.8447,100
81.84186,266.49612,-121.45842,98
81.96297,269.58212,-122.32715,88
82.07955,272.68933,-123.29833,109
76.50465,-13.016228,37.450314,16
76.763466,-10.214534,39.372467,15
76.58927,-8.362605,34.261185,15
76.94283,-5.36425,37.733723,16
72.11002,-10.787577,-46.05176,16
71.40435,-9.758636,-60.145573,15
71.381004,-7.317711,-63.0694,16
69.23681,-8.964932,-101.01753,16
75.30044,7.47462,-5.731897,15
72.49922,4.767086,-54.74006,15
74.62298,12.238699,-23.116112,17
77.48091,19.56017,22.231024,15
75.7895,19.052073,-8.511006,16
64.76768,6.332156,-199.23094,17
64.80025,9.257114,-201.61412,18
65.48364,13.173466,-192.98029,17
66.212555,17.11259,-183.52853,22
70.0154,28.088976,-124.446075,16
72.34415,37.881897,-91.39897,19
72.17587,41.65771,-98.360214,18
71.82363,43.921356,-107.178795,17
72.71277,47.626965,-94.52637,19
72.41539,51.332226,-103.80076,24
72.50856,54.13664,-104.93872,31
72.62465,56.96804,-105.68069,55
72.8857,59.93714,-103.88361,84
73.18296,62.92836,-101.43961,102
73.494675,65.91848,-98.727715,104
73.79089,68.88165,-96.274185,113
74.07663,71.823685,-93.992805,110
74.35263,74.74647,-91.87144,119
74.62059,77.6524,-89.88141,112
74.88726,80.546715,-87.90299,112
75.14666,83.426125,-86.04371,122
75.414024,86.29958,-84.03145,121
75.68715,89.164925,-81.90381,122
75.96546,92.021065,-79.67092,114
76.22905,94.85954,-77.69169,115
76.47558,97.68162,-76.011055,133
76.701805,100.4887,-74.69029,146
76.90072,103.28199,-73.85994,152
77.078735,106.0666,-73.40662,166
77.247,108.847206,-73.12929,162
77.411934,111.62591,-72.9115,142
77.595024,114.40432,-72.35771,145
77.79729,117.17982,-71.44632,129
78.02868,119.949196,-69.99066,114
78.321785,122.70499,-67.379944,100
78.645134,125.44263,-64.19219,92
78.938156,128.16928,-61.55327,86
79.23029,130.88226,-58.916676,85
79.49906,133.58823,-56.704754,91
79.7779,136.27907,-54.291126,90
80.075905,138.94963,-51.502335,92
80.39413,141.59645,-48.315853,91
80.69067,144.23718,-45.523453,103
80.90309,146.90956,-44.31768,141
81.04367,149.61922,-44.477356,128
81.10352,152.38321,-46.18389,95
80.45591,155.65816,-61.48447,74
80.72148,158.3233,-59.288525,91
80.960815,160.99838,-57.587364,85
81.185875,163.67725,-56.15344,56
81.37585,166.38133,-55.394108,65
81.57102,169.07693,-54.529415,70
81.79555,171.73834,-53.087517,61
82.00563,174.40834,-51.920696,105
82.12713,177.17387,-52.488556,109
82.22337,179.9739,-53.557762,94
82.20757,182.92142,-56.847523,31
82.51076,185.4714,-53.837738,82
82.731094,188.11856,-52.457954,106
82.8695,190.87553,-52.703587,84
82.804,193.93695,-57.027214,71
82.75452,197.00005,-61.056168,71
82.96094,199.6796,-59.96584,80
83.252014,202.2143,-57.16332,71
83.42566,204.93518,-56.720497,78
83.57753,207.69366,-56.718143,72
83.69462,210.51736,-57.424778,90
83.80773,213.35431,-58.218056,94
83.90868,216.22137,-59.26676,75
83.878975,219.35938,-63.00549,69
83.945274,222.32222,-64.7918,53
83.84719,225.64851,-69.98504,57
83.489044,229.57927,-80.5993,50
83.21314,233.38998,-89.5713,44
82.99239,237.12877,-97.45083,71
82.93377,240.53053,-101.99097,67
82.95177,243.77438,-104.954704,71
82.989815,246.98796,-107.51696,79
83.05196,250.15732,-109.588936,60
83.06787,253.46378,-112.65451,72
83.13753,256.6458,-114.6001,70
83.215904,259.81787,-116.37428,75
83.29582,262.999,-118.129395,88
83.39968,266.12375,-119.384544,69
83.49491,269.28436,-120.835075,99
83.608185,272.40158,-121.90808,112
77.57344,-12.38523,33.230686,15
77.92977,-9.352011,36.814346,16
78.49613,-3.657731,41.5982,16
77.46839,-3.607148,22.075583,15
74.1004,-8.329007,-36.79814,15
73.10595,-7.933355,-56.050236,16
69.46754,-12.730139,-119.9686,15
77.60666,8.145701,12.424497,16
71.60386,-0.795805,-91.957756,16
71.79636,2.134983,-91.37076,15
74.910225,10.302926,-40.90892,16
78.84013,19.655518,23.775055,16
68.993065,5.113812,-147.58636,16
65.53245,2.067166,-209.96365,16
66.35611,6.297087,-198.77632,17
66.42819,9.278803,-200.52356,19
66.71839,12.604093,-198.4975,21
67.26162,16.29771,-192.06268,20
75.043175,33.064808,-62.153442,16
73.617,36.30017,-92.548485,17
73.82623,39.21504,-91.62769,18
73.45575,42.74102,-102.32711,17
74.09492,46.177395,-93.805916,18
74.33725,49.12064,-92.287796,19
73.6707,51.065998,-106.94554,25
73.8666,53.983894,-106.28048,35
74.044106,56.87902,-105.940254,67
74.34436,59.888577,-103.3938,96
74.63588,62.876408,-100.99047,97
74.94793,65.868965,-98.2029,102
75.24505,68.834335,-95.66979,109
75.52531,71.773026,-93.42828,106
75.78924,74.68773,-91.47093,119
76.05484,77.59287,-89.47203,112
76.32037,80.48711,-87.46282,107
76.57904,83.366425,-85.568344,120
76.85091,86.24254,-83.42053,117
77.12145,89.106445,-81.284676,109
77.394966,91.960175,-79.082146,111
77.658195,94.79802,-77.05781,117
77.90022,97.61763,-75.415924,132
78.11607,100.42051,-74.25286,146
78.31284,103.21226,-73.43922,154
78.487076,105.99498,-73.04324,163
78.64177,108.77245,-73.01185,152
78.80518,111.55054,-72.81617,141
78.98123,114.32821,-72.38023,128
79.180954,117.10364,-71.49381,121
79.41314,119.87292,-69.98591,104
79.70952,122.62806,-67.246925,85
80.02833,125.36543,-64.06456,88
80.33504,128.08836,-61.0966,85
80.62925,130.79872,-58.35234,81
80.906265,133.49973,-55.923397,92
81.19582,136.18356,-53.239727,90
81.49985,138.8474,-50.260433,87
81.81669,141.48961,-47.01599,89
82.09115,144.13625,-44.579227,116
82.295815,146.80946,-43.49225,152
82.4516,149.50739,-43.35681,135
82.54555,152.24669,-44.4362,105
82.24932,155.27542,-53.20908,34
82.23883,158.13069,-56.387684,93
82.421394,160.84323,-55.760437,79
82.6254,163.53403,-54.704117,68
82.78141,166.26514,-54.59909,85
82.998375,168.93553,-53.276066,63
83.18394,171.63266,-52.575676,77
83.40075,174.29205,-51.24418,132
83.53754,177.03857,-51.51906,103
83.61865,179.85603,-52.923073,94
83.51089,182.92519,-58.16785,45
83.91721,185.33542,-52.98576,82
84.139656,187.97475,-51.52637,102
84.27079,190.74017,-51.92845,89
84.199,193.81728,-56.49979,66
84.15869,196.8726,-60.452152,64
84.42128,199.45628,-58.174137,72
84.65417,202.07858,-56.49908,85
84.83665,204.78113,-55.862324,96
84.996376,207.52298,-55.698273,73
85.10477,210.3619,-56.607513,72
85.20021,213.23303,-57.795864,79
85.302574,216.09897,-58.84751,76
85.30715,219.175,-61.97092,60
85.33008,222.23239,-64.7273,46
85.27438,225.48059,-69.17241,40
84.96986,229.31909,-78.94718,39
84.68385,233.17561,-88.38992,42
84.492516,236.86536,-95.86506,55
84.46218,240.20789,-99.92799,79
84.48174,243.45163,-102.9427,84
84.51985,246.66805,-105.57731,89
84.61639,249.74799,-106.962685,66
84.63564,253.04868,-110.04253,72
84.69203,256.26718,-112.3329,83
84.762665,259.4617,-114.32871,75
84.84199,262.64548,-116.14836,78
84.94034,265.78613,-117.56249,87
85.03481,268.94992,-119.074524,87
85.14108,272.0888,-120.33696,112
77.26388,-17.239832,7.881366,16
78.25012,-12.675499,22.16815,15
79.15257,-8.370557,35.104443,15
79.22244,-4.866291,32.719517,15
79.36732,-2.309786,32.80382,16
79.951385,1.178774,40.425777,16
74.06604,-8.866308,-63.191795,15
70.41384,-13.851693,-128.82607,16
71.472206,-9.086044,-113.35347,15
70.879326,-3.658962,-130.67073,15
75.27378,8.418361,-58.19144,16
78.24607,16.252758,-8.811182,16
69.27132,2.908884,-168.93115,16
67.69591,2.99237,-199.63045,17
67.885445,6.165828,-199.33928,18
68.109535,9.392318,-198.43321,18
68.07591,12.205198,-202.09254,19
68.48441,15.714268,-197.90575,20
69.69031,20.392868,-179.4752,16
74.626335,34.346066,-98.480446,17
74.97448,40.115334,-97.883286,17
74.97006,42.77252,-100.809875,17
75.28797,47.167503,-99.3319,18
75.166916,49.710796,-104.403114,22
75.196396,52.442844,-106.75171,31
75.33553,55.30044,-107.103874,68
75.63565,58.320026,-104.50162,82
75.92779,61.317932,-102.03135,99
76.2437,64.3241,-99.10776,93
76.541534,67.29901,-96.502365,106
76.82718,70.24997,-94.10828,104
77.097824,73.176476,-91.97948,115
77.35841,76.08417,-90.02645,116
77.618805,78.981064,-88.06573,115
77.87942,81.86745,-86.08955,112
78.14477,84.745865,-84.01301,117
78.418076,87.61727,-81.774414,119
78.68929,90.47564,-79.5626,111
78.9639,93.323616,-77.27425,119
79.210495,96.14861,-75.50534,133
79.4259,98.95369,-74.32159,138
79.62483,101.74763,-73.4459,152
79.810135,104.53356,-72.82706,157
79.96284,107.31007,-72.83142,158
80.11424,110.08626,-72.86102,141
80.27714,112.863434,-72.66841,121
80.44979,115.63986,-72.28531,108
80.66373,118.41345,-71.097595,98
80.91934,121.177826,-69.09008,78
81.23639,123.923996,-65.86942,74
81.5588,126.6522,-62.525394,76
81.86252,129.36694,-59.53068,74
82.16206,132.06702,-56.600834,78
82.450356,134.7554,-53.877777,87
82.75266,137.42397,-50.861103,89
83.06699,140.07126,-47.58832,82
83.359406,142.71205,-44.734474,105
83.58508,145.37447,-43.20073,133
83.77061,148.05331,-42.46476,181
83.90336,150.76349,-42.788162,127
83.96175,153.52925,-44.616306,104
83.75962,156.50659,-51.733395,65
83.7853,159.3357,-54.265102,90
83.96479,162.04378,-53.678535,62
84.10716,164.78433,-53.848343,71
84.27933,167.49702,-53.409283,87
84.46277,170.19627,-52.73707,70
84.68734,172.84694,-51.213436,64
84.87699,175.5309,-50.40433,111
84.991806,178.30339,-51.144337,88
84.82784,181.4404,-57.6919,59
85.15816,183.94968,-53.962425,77
85.44816,186.49559,-51.056183,99
85.61948,189.20026,-50.62598,115
85.70066,192.04155,-52.093884,78
85.5286,195.29514,-58.924343,56
85.69677,198.02821,-58.586548,86
85.95247,200.61081,-56.386436,92
86.15944,203.26848,-55.213562,85
86.33551,205.9776,-54.69662,77
86.49186,208.72278,-54.601654,64
86.59756,211.56845,-55.598583,73
86.70811,214.4119,-56.49941,75
86.764656,217.37537,-58.57763,64
86.769775,220.46399,-61.789883,52
86.735146,223.66202,-65.89173,46
86.5682,227.18945,-72.91772,42
86.30804,230.98071,-82.03792,35
86.10758,234.68481,-89.90465,40
85.97591,238.26768,-96.305305,56
85.9856,241.53046,-99.61599,83
86.03248,244.71799,-102.123245,79
86.102196,247.86166,-104.13994,85
86.18809,250.97537,-105.81033,76
86.20553,254.29558,-109.03283,79
86.26369,257.5199,-111.36075,71
86.344086,260.695,-113.204155,82
86.44034,263.8358,-114.70305,82
86.52255,267.03217,-116.533966,86
86.62037,270.19275,-118.023544,87
77.25876,-21.58387,-13.311287,15
78.71863,-15.776009,9.448485,15
80.27952,-9.840497,34.08288,15
81.31948,-5.222092,49.7698,15
80.73613,-3.237751,35.969463,15
80.15589,-1.152345,22.119682,16
77.6536,0.551075,-29.637878,16
73.38524,-1.720708,-112.26564,16
73.09627,0.34493,-120.2877,16
70.55899,2.412082,-173.14577,16
69.138016,2.703365,-201.8005,16
69.35268,5.92612,-201.04732,19
69.45818,8.961805,-202.26631,20
69.36662,11.682353,-207.07059,19
70.451996,17.704256,-192.01915,20
75.37236,27.990475,-105.159134,16
76.442345,33.516983,-89.873276,16
76.45,36.151127,-92.60591,17
76.66242,40.392246,-93.01534,17
76.532166,42.87087,-98.328865,17
76.75218,45.808033,-97.15934,19
76.58745,49.622807,-104.62523,24
76.52971,52.25403,-108.66037,35
76.760605,55.21453,-107.300575,73
77.06999,58.247875,-104.455795,87
77.37015,61.25695,-101.76822,98
77.68762,64.2677,-98.73759,95
77.97921,67.23937,-96.18083,102
78.26428,70.19182,-93.73323,108
78.52949,73.115395,-91.65034,118
78.79133,76.02515,-89.61999,111
79.04358,78.917244,-87.76155,114
79.30848,81.80734,-85.64904,107
79.57434,84.6866,-83.50586,115
79.847244,87.55813,-81.21403,115
80.12102,90.4178,-78.89233,107
80.39006,93.26296,-76.64928,118
80.6245,96.08246,-75.0684,139
80.83976,98.88681,-73.85385,152
81.03025,101.6773,-73.11851,149
81.20834,104.4607,-72.62264,169
81.35896,107.2361,-72.666595,159
81.5026,110.01061,-72.84893,140
81.65289,112.78653,-72.90059,118
81.81769,115.56317,-72.664055,101
82.01456,118.33796,-71.786125,85
82.28418,121.10288,-69.446106,70
82.6081,123.84869,-66.00279,63
82.91821,126.5787,-62.818096,67
83.221176,129.29353,-59.7593,67
83.53092,131.99023,-56.54578,67
83.8287,134.67398,-53.556675,83
84.13707,137.33774,-50.334957,83
84.448654,139.98297,-47.028976,76
84.737915,142.622,-44.161575,99
84.958496,145.28453,-42.690224,127
85.14273,147.96207,-41.96047,190
85.280174,150.6678,-42.19523,139
85.3475,153.42688,-43.887856,98
85.30383,156.28377,-47.902145,70
85.23974,159.1809,-52.367973,86
85.364296,161.93274,-52.91186,99
85.52238,164.6561,-52.75598,73
85.67106,167.38911,-52.79845,83
85.86618,170.07298,-51.86091,59
86.078926,172.73253,-50.545605,66
86.279076,175.4007,-49.491016,109
86.391594,178.17462,-50.3006,87
86.207375,181.34706,-57.468075,56
86.55682,183.8227,-53.22504,80
86.84128,186.36917,-50.356133,93
87.01591,189.06609,-49.843838,103
87.09357,191.9136,-51.431293,79
86.97328,195.09506,-57.334393,47
87.12587,197.8493,-57.325256,75
87.369026,200.44547,-55.3361,64
87.55662,203.13293,-54.556133,90
87.73969,205.82584,-53.872265,88
87.88611,208.58794,-53.99628,69
88.03045,211.35661,-54.16875,65
88.170166,214.1376,-54.44773,71
88.26561,217.01732,-55.717964,65
88.28102,220.08406,-58.79111,60
88.185524,223.42471,-64.37783,41
88.00129,227.01007,-72.00441,48
87.780556,230.732,-80.5094,43
87.597946,234.41283,-88.20913,41
87.47329,237.99423,-94.64384,63
87.49656,241.22798,-97.7455,76
87.54639,244.41121,-100.262115,78
87.61389,247.5632,-102.39225,96
87.70478,250.66412,-103.99991,96
87.7474,253.91809,-106.738785,79
87.80052,257.16003,-109.25542,88
87.88437,260.32614,-111.07602,73
87.97181,263.4947,-112.82757,87
88.06007,266.67432,-114.57581,99
88.1533,269.85095,-116.22084,97
81.586395,-10.885027,36.208866,15
82.94117,-4.371412,56.656975,16
82.2396,-3.827425,41.6824,15
81.8743,-2.450033,32.65971,16
80.04536,-4.297123,-2.722938,16
79.705444,-2.719615,-11.450161,15
79.30664,-1.228829,-21.287096,16
79.15092,0.818123,-26.76962,15
81.063965,7.150203,5.310107,15
76.09692,3.28154,-92.073364,16
82.5903,19.373367,22.865255,16
70.09741,0.104025,-211.37927,15
71.40004,8.108725,-193.68057,19
71.42318,12.409837,-198.03313,17
70.69213,14.08611,-214.88742,18
72.13165,19.253,-191.20354,17
77.18357,31.129183,-101.06344,18
77.861496,34.759014,-91.25392,17
77.988495,37.562447,-91.801384,16
77.60291,40.998146,-103.5591,17
78.05916,44.258045,-97.876305,21
78.33483,47.263546,-95.60718,20
77.9638,49.48131,-105.69972,24
77.91815,52.12275,-109.60447,41
78.19051,55.133514,-107.410484,82
78.50204,58.173622,-104.44781,92
78.80815,61.192444,-101.57235,99
79.12422,64.20542,-98.48686,95
79.41367,67.177765,-95.901375,100
79.698586,70.132286,-93.38982,106
79.9683,73.061,-91.160545,114
80.21877,75.96297,-89.29617,111
80.478355,78.86127,-87.24105,107
80.74227,81.75129,-85.088974,112
81.00492,84.62894,-82.94868,108
81.27331,87.49826,-80.68275,109
81.54628,90.35777,-78.31183,107
81.8153,93.2028,-76.00619,115
82.03477,96.01537,-74.67959,139
82.241554,98.81623,-73.60025,154
82.43549,101.60729,-72.773224,149
82.60352,104.38732,-72.46517,160
82.75111,107.16153,-72.56989,149
82.88859,109.93467,-72.88114,147
83.024055,112.709175,-73.235374,124
83.17753,115.48613,-73.224205,97
83.38735,118.26202,-72.057594,76
83.7515,121.020615,-67.71052,60
84.12022,123.75558,-63.243614,58
84.295235,126.50211,-62.758728,57
84.549644,129.2274,-60.62346,54
84.86156,131.92459,-57.27912,54
85.174355,134.60374,-53.89687,65
85.499084,137.26015,-50.24481,76
85.82213,139.89786,-46.606674,76
86.101295,142.53908,-43.871838,93
86.31789,145.20197,-42.443985,122
86.49438,147.88306,-41.8585,157
86.63639,150.5854,-42.003838,142
86.725365,153.32912,-43.283108,100
86.725105,156.15294,-46.4814,75
86.67226,159.04105,-50.829712,81
86.757324,161.82585,-52.2368,118
86.8999,164.56245,-52.411922,85
87.06782,167.27423,-52.03975,64
87.24271,169.97714,-51.5155,72
87.4566,172.63234,-50.138958,74
87.6664,175.28577,-48.844227,113
87.784996,178.05133,-49.545254,88
87.55264,181.2994,-57.98188,64
87.95048,183.7,-52.550865,78
88.23463,186.23962,-49.605965,100
88.407135,188.9367,-49.126915,90
88.481155,191.79143,-50.844086,74
88.38059,194.9508,-56.48279,47
88.53874,197.693,-56.350163,91
88.77291,200.29817,-54.50587,80
88.95927,202.98375,-53.73184,80
89.13381,205.68935,-53.223194,74
89.29104,208.4283,-53.10733,66
89.445885,211.17322,-53.047264,60
89.57599,213.9726,-53.556217,62
89.70552,216.77809,-54.084427,65
89.735916,219.815,-56.90524,82
89.60344,223.2545,-63.519176,42
89.429504,226.83649,-71.14382,46
89.263306,230.44768,-78.64402,40
89.088615,234.1285,-86.39699,44
88.96925,237.71292,-92.908005,68
88.97376,241.00371,-96.549385,85
89.04363,244.13712,-98.674194,83
89.12382,247.25641,-100.57167,96
89.20714,250.38069,-102.41132,107
89.271385,253.57603,-104.722404,98
89.33919,256.77734,-106.96779,83
89.39332,260.03824,-109.56094,89
89.49361,263.16885,-111.06157,86
89.58886,266.32797,-112.697815,83
89.67335,269.53662,-114.61127,99
77.523865,-27.754906,-56.379543,15
79.450386,-20.52289,-24.137648,15
81.75184,-11.395723,13.81888,15
79.13836,-15.394498,-36.588356,16
84.6686,-0.006221,62.125698,15
79.80024,-6.714447,-32.62434,16
81.007866,-0.473307,-14.377905,15
77.4232,-2.065826,-87.991585,16
76.94989,2.075482,-102.71434,15
83.34191,17.160263,14.480428,15
71.43478,1.010924,-217.57599,16
72.76758,6.285689,-195.59029,18
74.16584,14.34955,-175.4383,17
71.36831,13.973596,-233.89627,20
77.34441,26.417501,-122.42246,17
79.75576,32.8188,-79.03337,17
78.9989,40.875454,-104.25308,18
79.484505,44.186558,-97.84764,19
79.63378,47.03437,-97.989334,21
79.15399,49.107056,-110.48196,26
79.31549,51.99909,-110.41881,44
79.619896,55.05171,-107.53285,75
79.93773,58.103485,-104.36357,88
80.24186,61.124195,-101.44787,101
80.558464,64.14165,-98.26623,95
80.850746,67.11944,-95.55188,96
81.13478,70.07539,-92.98674,105
81.40145,73.00313,-90.754944,113
81.647545,75.902664,-88.92476,110
81.90656,78.80167,-86.82225,108
82.166,81.68959,-84.69883,109
82.42358,84.56489,-82.600746,106
82.688675,87.4332,-80.33684,107
82.95636,90.29074,-78.007,105
83.22034,93.13407,-75.73899,114
83.44562,95.94909,-74.254,136
83.64377,98.74616,-73.32018,159
83.83557,101.53608,-72.512375,158
84.00304,104.31526,-72.20519,156
84.14966,107.08839,-72.33103,144
84.27735,109.859184,-72.85298,142
84.3962,112.63182,-73.56398,118
84.54757,115.409386,-73.597084,93
84.76441,118.186035,-72.25063,72
85.027855,120.95217,-69.91154,58
85.43379,123.6876,-64.53695,51
85.712006,126.41816,-61.84662,51
85.86342,129.1653,-61.846424,51
86.14755,131.87283,-59.0061,47
86.467224,134.55269,-55.38625,51
86.83569,137.193,-50.6933,62
87.1653,139.82668,-46.81169,69
87.445816,142.4658,-43.970543,86
87.65995,145.12927,-42.556545,111
87.83692,147.80974,-41.945324,119
87.97505,150.51514,-42.182137,122
88.07984,153.24818,-43.15307,93
88.10028,156.0576,-45.9897,78
88.079216,158.9206,-49.76319,83
88.138466,161.72867,-51.78238,115
88.26163,164.48392,-52.395332,101
88.429794,167.19482,-52.008995,90
88.60393,169.89772,-51.488625,76
88.83845,172.52582,-49.610455,55
89.04172,175.18399,-48.426174,117
89.16278,177.94621,-49.093964,81
88.88433,181.27245,-58.83109,66
89.33978,183.58105,-51.9313,80
89.61908,186.1207,-49.010094,114
89.79008,188.81754,-48.552742,105
89.86404,191.67444,-50.325676,75
89.78266,194.81175,-55.696754,43
89.94269,197.54808,-55.518047,78
90.1711,200.1573,-53.75228,77
90.35443,202.84483,-53.027496,86
90.54482,205.5155,-52.134663,65
90.70134,208.25269,-52.03337,52
90.86181,210.98239,-51.8403,71
90.94927,213.87425,-53.37394,52
91.08293,216.67166,-53.825897,86
91.157074,219.61375,-55.699623,69
91.028885,223.0603,-62.421814,48
90.86299,226.64404,-70.09866,42
90.74372,230.15666,-76.71139,41
90.54455,233.92351,-85.303734,39
90.451004,237.4578,-91.40107,76
90.46533,240.73026,-94.9227,72
90.53187,243.87677,-97.198906,93
90.61477,246.99133,-99.09344,96
90.693794,250.13191,-101.1008,99
90.77603,253.27745,-103.04694,102
90.84907,256.46692,-105.23832,80
90.90726,259.721,-107.81803,84
91.002464,262.87042,-109.49679,88
91.10746,265.99948,-110.94627,89
91.19169,269.213,-112.93179,101
78.68287,-28.391838,-60.443604,15
81.06954,-19.85715,-18.835463,15
81.641624,-13.78583,-13.600061,15
83.708305,-6.437628,22.4779,16
83.058105,-5.753165,7.599468,15
83.391464,0.721007,7.187588,16
82.144745,0.225805,-19.215044,15
80.725395,-0.524146,-49.05495,16
80.124985,0.621405,-63.4028,16
78.00917,-1.346784,-106.88389,16
78.07639,1.371793,-108.63618,15
78.103004,4.015469,-111.179794,15
76.25113,5.686468,-153.24579,17
74.58868,6.696078,-190.4316,17
74.19197,13.069842,-206.55302,18
79.930534,29.494095,-101.71438,20
80.2776,33.975765,-99.5011,16
81.09248,39.122425,-87.946304,16
80.48282,40.87453,-103.223595,18
80.88726,44.08455,-98.26642,18
80.68617,46.472416,-105.450195,19
80.50841,48.92415,-112.20535,26
80.73575,51.900707,-110.80972,47
81.0575,54.97927,-107.491264,76
81.37158,58.031696,-104.30866,91
81.682144,61.06346,-101.179184,94
81.98977,64.07566,-98.09018,95
82.28572,67.06017,-95.22301,99
82.564865,70.014114,-92.68373,103
82.8288,72.94138,-90.44323,109
83.07644,75.84342,-88.526634,111
83.329,78.73873,-86.49588,112
83.57897,81.62122,-84.508,117
83.83813,84.49891,-82.31565,97
84.10712,87.37066,-79.9039,106
84.37264,90.227646,-77.55079,98
84.631805,93.06897,-75.31768,111
84.85264,95.88178,-73.88202,136
85.04723,98.67693,-72.99458,157
85.23802,101.465935,-72.1828,157
85.40723,104.2447,-71.82754,156
85.55019,107.015884,-72.03232,134
85.66701,109.78391,-72.800835,129
85.77965,112.55548,-73.664955,111
85.90949,115.33225,-74.16337,101
86.05043,118.11147,-74.42523,93
86.214554,120.890434,-74.18527,93
86.57067,123.64306,-69.75578,60
86.95502,126.3668,-64.68148,50
87.266,129.08177,-61.18676,44
87.49203,131.80424,-59.541893,45
87.782936,134.49443,-56.453857,47
88.15219,137.13486,-51.610283,54
88.48977,139.76477,-47.44118,65
88.77794,142.39948,-44.348553,74
88.99618,145.06027,-42.803226,93
89.172,147.7416,-42.202175,92
89.304504,150.45184,-42.57421,96
89.405396,153.18988,-43.66533,79
89.43792,155.99327,-46.3165,64
89.45768,158.82385,-49.277233,78
89.51878,161.6312,-51.316063,116
89.643684,164.38399,-51.907814,71
89.80946,167.09557,-51.566067,70
90.00058,169.77644,-50.63909,58
90.21786,172.42056,-49.10249,60
90.41152,175.08786,-48.105858,97
90.53311,177.84966,-48.784435,78
90.30297,181.12325,-57.695217,69
90.73792,183.4463,-51.062298,80
91.00497,185.99693,-48.33941,112
91.16709,188.70558,-48.079403,93
91.23899,191.56866,-49.959297,74
91.16579,194.7027,-55.30747,46
91.34348,197.40489,-54.70464,66
91.55266,200.04453,-53.345745,91
91.73237,202.73639,-52.687912,74
91.90298,205.44481,-52.24838,84
92.072754,208.15396,-51.82798,70
92.21998,210.91216,-51.95576,60
92.32656,213.7656,-53.07872,66
92.43505,216.62312,-54.1662,45
92.53847,219.50134,-55.388527,53
92.438934,222.89738,-61.62873,37
92.2974,226.44193,-68.957596,37
92.2659,229.74106,-73.60978,41
92.015816,233.66852,-83.75099,41
91.91131,237.2517,-90.32679,50
91.93251,240.51479,-93.79623,75
92.0021,243.6581,-96.074486,97
92.08532,246.77655,-98.02883,109
92.1815,249.8689,-99.67096,96
92.269745,252.99965,-101.53252,86
92.34073,256.20126,-103.85358,87
92.408806,259.42978,-106.27015,83
92.50705,262.57224,-107.930885,74
92.609055,265.71457,-109.51049,93
92.70142,268.9044,-111.35613,101
80.23136,-28.016062,-57.293457,16
83.08631,-15.824838,-8.423847,15
82.971306,-13.82395,-13.403215,16
83.211945,-8.603811,-14.352557,16
84.25443,-3.77326,3.031461,16
82.880875,-2.373526,-29.265772,16
81.57378,-2.970508,-57.66733,15
81.79794,-0.02931,-56.233425,16
80.169044,-1.132502,-91.19411,15
79.28279,-0.488951,-111.72329,15
79.347824,2.233414,-113.57303,15
80.44732,7.070532,-94.93424,15
75.84462,6.062327,-196.29233,17
75.96701,9.107376,-197.26022,17
79.11928,17.605415,-137.31615,18
81.46313,30.897678,-101.22113,17
81.70645,33.90623,-99.45514,16
82.21784,38.620476,-93.78921,15
82.0853,42.370193,-101.30792,18
82.31324,45.33512,-99.83596,19
81.791374,47.29639,-113.85985,22
82.01377,50.27562,-112.53079,35
82.319824,53.34956,-109.45349,64
82.643524,56.427876,-105.988716,85
82.95185,59.47062,-102.82498,79
83.27239,62.509663,-99.385056,85
83.57488,65.512184,-96.30445,85
83.861496,68.483055,-93.5404,96
84.13767,71.42969,-90.98013,97
84.375984,74.330154,-89.20934,112
84.621445,77.22665,-87.27533,116
84.874306,80.11819,-85.17097,116
85.13011,83.00043,-82.990776,108
85.3952,85.87687,-80.597855,102
85.6536,88.7366,-78.33465,99
85.91701,91.5869,-75.949005,99
86.15442,94.412125,-74.11412,123
86.35519,97.21221,-73.06615,145
86.545235,100.00264,-72.24667,159
86.72293,102.78475,-71.69386,158
86.88016,105.5587,-71.58862,152
87.00593,108.32595,-72.17723,121
87.10611,111.09277,-73.337715,107
87.216415,113.86638,-74.281166,111
87.31968,116.644806,-75.38935,131
87.43213,119.42873,-76.29999,156
87.63442,122.208275,-75.20273,111
87.967995,124.9606,-71.14557,64
88.349205,127.68078,-65.987045,53
88.63164,130.40157,-63.034164,49
88.9544,133.0928,-59.145237,44
89.347984,135.73454,-53.618034,44
89.65318,138.38809,-50.07777,48
89.95628,141.02396,-46.562828,57
90.22877,143.65924,-43.731564,78
90.41887,146.3336,-42.78589,77
90.56185,149.03734,-42.92894,73
90.69417,151.75082,-43.322388,42
90.75484,154.52798,-45.393646,43
90.81204,157.32059,-47.56186,77
90.84131,160.15341,-50.403805,94
90.965614,162.9037,-51.02547,92
91.134895,165.6085,-50.58956,59
91.306114,168.30936,-50.105457,45
91.49815,170.98262,-49.1248,57
91.693146,173.64745,-48.06871,118
91.842064,176.37105,-48.11364,85
91.88572,179.24869,-50.69673,66
91.94406,182.12012,-52.94608,60
92.27553,184.57166,-48.58714,89
92.473015,187.22154,-47.461372,138
92.59512,189.99677,-48.17307,79
92.56648,193.04916,-52.588642,46
92.622086,195.97116,-54.966118,67
92.83419,198.60384,-53.49661,104
93.02672,201.26901,-52.505527,85
93.19578,203.97905,-52.09378,68
93.37453,206.66724,-51.439697,77
93.509026,209.45242,-51.893364,59
93.63596,212.25957,-52.543163,59
93.74113,215.12459,-53.750957,54
93.85734,217.97148,-54.691025,60
93.89009,221.03873,-57.765053,56
93.75188,224.57593,-65.23411,39
93.685745,227.96602,-70.91437,40
93.595566,231.46019,-77.26038,38
93.41508,235.25462,-85.99261,43
93.35798,238.74231,-91.59525,68
93.407524,241.94443,-94.4675,116
93.49651,245.0442,-96.334114,105
93.60228,248.10461,-97.779106,91
93.70552,251.18478,-99.305756,88
93.80082,254.3037,-101.05788,90
93.8823,257.4838,-103.19466,86
93.94582,260.7436,-105.83121,84
94.049126,263.8791,-107.42815,87
94.15644,267.01245,-108.93285,104
94.25156,270.2047,-110.783966,116
81.7375,-26.54323,-56.279167,15
82.05593,-23.302498,-52.993507,15
83.526276,-17.046059,-27.01745,15
82.3863,-17.665733,-52.4096,14
84.71284,-7.061135,-12.186815,15
85.81166,-2.060361,6.818466,15
82.18784,-8.496189,-68.35953,16
82.92672,-3.09144,-58.121468,15
81.38167,-2.927923,-93.794174,16
80.68848,-1.935194,-110.94478,16
78.32073,-1.789695,-165.4875,15
76.82343,-0.775065,-201.13174,17
76.67806,1.743666,-207.61128,18
77.058365,5.315573,-203.33461,20
77.12568,8.270892,-205.47699,20
81.208565,18.661154,-124.68696,20
83.06313,24.650648,-89.57627,19
82.324776,25.932217,-108.13545,19
82.96545,29.645737,-98.062645,18
82.96008,33.552616,-103.071396,16
83.108604,36.41497,-103.24109,15
83.33313,40.710133,-103.46029,17
83.47148,43.55645,-103.84745,17
83.31229,45.98924,-110.55236,20
83.2649,48.603672,-114.917145,26
83.572075,51.69488,-111.73649,55
83.91581,54.814373,-107.75232,80
84.23405,57.882893,-104.291794,86
84.55293,60.933926,-100.79511,87
84.85441,63.947803,-97.653694,84
85.14513,66.93409,-94.72569,93
85.426575,69.89585,-91.98127,96
85.681175,72.81855,-89.80541,112
85.92533,75.72052,-87.84562,107
86.17656,78.61752,-85.71818,109
86.4231,81.49958,-83.68075,111
86.68293,84.379776,-81.33683,101
86.933235,87.241394,-79.19032,106
87.18772,90.0939,-76.93691,99
87.43441,92.930336,-74.844315,109
87.651115,95.74177,-73.409966,133
87.84429,98.53593,-72.49617,152
88.032364,101.32329,-71.692,162
88.20043,104.10049,-71.33649,154
88.343376,106.86991,-71.54922,117
88.447014,109.63372,-72.66028,111
88.54718,112.40289,-73.85878,117
88.640274,115.17796,-75.22837,154
88.74661,117.960106,-76.304535,167
88.887085,120.74547,-76.60087,166
89.09107,123.52388,-75.43084,133
89.40297,126.274864,-71.74657,73
89.7535,128.99628,-67.13912,58
90.04574,131.71194,-63.86532,55
90.37516,134.39589,-59.697086,45
90.84639,136.99394,-52.163223,41
91.13586,139.64468,-48.874374,41
91.416985,142.28282,-45.761982,56
91.647446,144.93701,-43.83605,72
91.807655,147.63087,-43.575504,65
91.948074,150.3393,-43.790165,29
92.027824,153.10052,-45.466904,34
92.08056,155.8963,-47.809326,50
92.15597,158.68385,-49.621365,75
92.25064,161.46233,-50.980854,83
92.40889,164.17863,-50.801193,67
92.584366,166.87457,-50.20092,66
92.79197,169.52803,-48.81069,56
92.97992,172.20047,-47.896378,91
93.141106,174.90598,-47.64038,93
93.25152,177.68532,-48.646183,74
93.175156,180.75777,-54.317944,94
93.53888,183.15834,-49.023666,85
93.76455,185.76096,-47.159595,103
93.91143,188.49185,-47.27012,90
93.9501,191.42223,-50.122345,63
93.937744,194.46764,-54.29511,44
94.11531,197.1644,-53.660492,94
94.32585,199.79146,-52.180748,80
94.49511,202.49901,-51.753105,108
94.68316,205.16422,-50.840588,82
94.842285,207.89157,-50.67305,60
94.970604,210.69234,-51.308037,60
95.07301,213.5618,-52.626797,70
95.152214,216.49947,-54.56692,59
95.25611,219.38684,-55.876713,42
95.19572,222.72382,-61.53516,44
95.10618,226.1781,-68.01454,52
95.05506,229.56546,-73.526726,41
94.889,233.32523,-82.156166,41
94.808655,236.8834,-88.56038,49
94.81766,240.20796,-92.61452,85
94.89793,243.33392,-94.778465,101
95.01067,246.37006,-96.08314,103
95.124596,249.41287,-97.3697,104
95.238625,252.46606,-98.668564,89
95.32796,255.6169,-100.66,99
95.39653,258.8581,-103.2451,99
95.48755,262.03552,-105.23384,112
95.5857,265.20142,-107.044975,109
95.69433,268.34106,-108.58232,107
82.8062,-26.278091,-63.99734,15
83.13787,-21.779219,-61.89103,16
84.56468,-13.239281,-39.032864,16
86.05026,-7.071692,-11.75593,16
87.502304,-1.117249,14.998413,16
82.07038,-4.705637,-108.98843,15
81.90034,-1.252404,-117.43814,16
81.731285,0.958022,-124.27369,15
79.7583,-0.685811,-168.88058,16
78.750755,-0.088769,-193.50319,16
77.98727,1.124745,-213.13913,17
78.886406,5.761703,-197.80096,15
83.18431,19.566494,-113.75413,20
83.99965,23.694088,-99.75049,19
83.85902,26.031366,-106.08696,17
85.29164,32.424217,-80.38106,17
84.44847,36.1938,-105.20883,17
84.61913,40.41309,-106.604256,17
84.79862,44.65259,-107.819885,17
84.56637,46.987164,-116.33489,21
84.80415,49.998505,-114.58921,39
85.17865,53.17773,-109.82225,60
85.50485,56.272133,-106.09206,82
85.813965,59.32665,-102.7165,84
86.129715,62.370922,-99.17178,83
86.42888,65.37863,-95.974556,89
86.71883,68.36,-92.96338,95
86.987495,71.30484,-90.41042,107
87.229935,74.21211,-88.43198,109
87.47737,77.11291,-86.32863,102
87.71756,79.9966,-84.37595,109
87.96856,82.87771,-82.165344,104
88.21503,85.74384,-80.04471,106
88.467735,88.6025,-77.7678,98
88.71234,91.44441,-75.66224,105
88.942604,94.26779,-73.8746,126
89.145966,97.06955,-72.6979,145
89.337395,99.86025,-71.79102,146
89.520996,102.64341,-71.06142,147
89.68107,105.416275,-70.87805,115
89.79356,108.17823,-71.8097,110
89.88637,110.94214,-73.211365,127
89.98277,113.71358,-74.539925,155
90.10721,116.49259,-75.21483,173
90.24028,119.27479,-75.69107,151
90.37287,122.05966,-76.183754,153
90.56291,124.83751,-75.30705,116
90.88218,127.58054,-71.323296,70
91.21975,130.29697,-66.87257,57
91.48476,133.0161,-64.14689,59
91.79749,135.70027,-60.24559,48
92.23322,138.30284,-53.324295,41
92.629326,140.8903,-47.32321,39
92.855225,143.55241,-45.4558,56
93.0473,146.22827,-44.409107,67
93.162155,148.95802,-45.265522,48
93.22422,151.73698,-47.43807,25
93.35848,154.4637,-47.832966,40
93.44822,157.2366,-49.345047,63
93.5428,160.01376,-50.74923,83
93.676674,162.75601,-51.177708,63
93.85004,165.45494,-50.615158,66
94.048676,168.12001,-49.410343,65
94.26156,170.76036,-47.836914,64
94.42903,173.4563,-47.414406,97
94.56437,176.1982,-47.814556,74
94.55553,179.1664,-51.930786,65
94.78083,181.78035,-50.033463,74
95.036736,184.33278,-47.331825,91
95.20894,187.01895,-46.790993,117
95.32218,189.8122,-47.789288,68
95.28403,192.90388,-52.76859,50
95.397285,195.72363,-53.80405,66
95.61292,198.3382,-52.144943,95
95.792694,201.02182,-51.427475,114
95.97265,203.70236,-50.702755,85
96.17045,206.33893,-49.499187,74
96.315155,209.09724,-49.71467,93
96.436295,211.91714,-50.570877,90
96.50442,214.87991,-52.872795,52
96.58177,217.83432,-54.94642,75
96.59285,220.98416,-58.848866,54
96.54242,224.3332,-64.47207,51
96.47783,227.76036,-70.53574,40
96.41481,231.22275,-76.60929,44
96.2647,234.99286,-85.15361,40
96.23302,238.445,-90.47474,65
96.29818,241.6187,-93.13492,91
96.4018,244.68324,-94.74068,91
96.51293,247.73476,-96.15309,118
96.64415,250.727,-97.011856,113
96.7558,253.79791,-98.439445,108
96.84311,256.9706,-100.57896,96
96.91517,260.21762,-103.17909,91
97.02014,263.35623,-104.85711,94
97.12353,266.51498,-106.60082,108
97.23726,269.64557,-108.06285,102
84.39944,-26.94129,-58.175274,15
84.36932,-24.654938,-61.913883,15
84.17131,-22.82037,-69.1602,15
85.53436,-15.511743,-45.47573,15
87.36975,-7.126183,-11.673583,15
87.98826,-3.235054,-1.685981,15
84.01515,-11.054216,-88.45361,14
85.965515,-3.717171,-50.468414,16
85.89409,-1.495426,-55.141945,16
83.50238,-4.803738,-109.220604,16
83.185165,-3.001781,-119.34916,15
83.042435,-0.754205,-125.80334,16
82.40698,0.417343,-142.88039,16
80.396355,-1.345359,-189.69225,16
80.32707,2.653437,-196.67152,15
79.807846,4.36865,-211.63225,16
81.09911,9.794966,-187.24747,17
84.84075,19.904636,-109.16189,18
85.76574,26.831852,-95.7249,17
84.79441,27.661146,-120.57418,16
84.792114,31.632233,-125.898766,16
85.81615,36.010254,-106.67021,15
86.78713,40.207973,-88.50084,17
85.91726,44.10015,-114.94761,18
85.97839,46.860992,-117.12519,21
86.21398,49.874718,-115.37424,37
86.601234,53.081882,-110.17284,55
86.931206,56.188694,-106.24087,80
87.2429,59.252544,-102.700386,78
87.55619,62.299694,-99.10053,84
87.8586,65.31582,-95.727264,82
88.14996,68.30256,-92.58623,93
88.41246,71.24381,-90.09335,103
88.6504,74.14867,-88.153786,107
88.89783,77.051346,-85.981224,105
89.13498,79.93385,-84.03507,106
89.376495,82.80919,-81.97402,103
89.61659,85.67244,-79.933,103
89.868034,88.532,-77.612175,98
90.11023,91.37377,-75.49538,104
90.335365,94.19533,-73.770096,123
90.537636,96.99699,-72.57964,150
90.72929,99.787895,-71.63675,156
90.922554,102.57418,-70.64936,137
91.07169,105.342896,-70.72019,115
91.18333,108.1038,-71.70077,100
91.27675,110.86696,-73.13101,133
91.38723,113.639015,-74.157524,171
91.53504,116.41728,-74.281,161
91.66619,119.19694,-74.8158,149
91.78124,121.98128,-75.75271,129
91.93973,124.76312,-75.62503,100
92.20633,127.51856,-72.817665,108
92.552574,130.23471,-68.010994,64
92.810905,132.95808,-65.366646,63
93.06824,135.66791,-62.729958,58
93.436424,138.30736,-57.287956,41
93.879,140.8745,-49.929256,40
94.160736,143.50601,-46.594986,45
94.35012,146.18591,-45.587456,68
94.432014,148.94551,-47.319504,54
94.37629,151.83347,-52.594566,47
94.60167,154.49019,-50.679546,42
94.77922,157.18494,-49.9886,61
94.889175,159.94922,-51.047363,69
95.03237,162.68219,-51.25183,50
95.20581,165.38037,-50.671017,67
95.406334,168.04117,-49.37839,60
95.61166,170.68906,-47.952198,58
95.78499,173.3761,-47.36389,95
95.92225,176.11575,-47.730755,80
95.89953,179.11427,-52.36483,65
96.16634,181.65607,-49.29684,73
96.40567,184.22943,-46.945343,97
96.568504,186.93044,-46.64008,97
96.67732,189.73428,-47.797688,69
96.64945,192.8185,-52.681904,45
96.789696,195.58505,-53.02319,81
97.009415,198.18417,-51.19448,78
97.19183,200.85722,-50.37981,76
97.363235,203.5526,-49.866222,115
97.5162,206.2909,-49.864178,80
97.687126,208.98619,-49.365055,65
97.809425,211.80531,-50.22567,69
97.88523,214.75497,-52.402473,65
97.927864,217.81085,-55.536404,64
97.96602,220.90083,-58.828102,53
97.94446,224.18748,-63.850002,57
97.88253,227.6289,-70.0714,43
97.78781,231.21318,-77.29158,39
97.668236,234.92421,-85.293144,41
97.650734,238.35371,-90.41648,75
97.73181,241.48605,-92.72493,92
97.83997,244.54166,-94.26755,115
97.96712,247.54202,-95.27178,107
98.089264,250.56961,-96.43637,124
98.20676,253.62473,-97.75414,123
98.30112,256.77975,-99.7747,119
98.38796,259.98035,-102.0428,106
98.49385,263.12164,-103.76568,88
98.602455,266.26572,-105.426834,106
98.71326,269.4142,-107.041336,113
85.50187,-27.827528,-64.05063,16
84.519554,-28.312595,-88.17915,16
83.766136,-28.034428,-107.566315,15
85.44746,-19.615448,-76.542015,15
88.68995,-6.039644,-13.112714,15
88.88323,-3.243429,-12.027567,16
88.299355,-2.466506,-27.820757,16
86.878685,-1.327163,-65.23411,15
85.131744,-3.156194,-106.85488,16
84.994,0.322362,-115.06521,15
82.88903,-1.977008,-165.09103,16
80.59985,-1.639116,-223.36417,15
82.78243,5.89401,-178.50978,16
84.10643,12.749769,-154.42082,17
87.92388,24.398193,-73.89223,17
85.81117,26.773762,-130.51671,17
86.61164,32.19376,-117.708694,15
87.35809,36.119865,-104.22391,16
87.576866,40.40895,-104.57329,17
87.53745,42.97511,-109.0891,19
87.3539,45.34218,-116.9765,19
87.47056,48.18739,-117.93435,26
87.82277,51.36852,-113.40263,45
88.18982,54.54635,-108.492355,69
88.51548,57.64518,-104.52248,78
88.8315,60.71139,-100.75347,76
89.13492,63.74306,-97.25711,76
89.437675,66.75563,-93.753494,90
89.70077,69.707664,-91.17187,100
89.94718,72.62928,-88.971146,102
90.184204,75.53016,-86.98172,100
90.4286,78.42674,-84.802345,96
90.66314,81.303566,-82.84678,101
90.90242,84.17343,-80.76325,95
91.142395,87.03258,-78.65012,93
91.38639,89.882965,-76.42463,100
91.61766,92.714165,-74.49734,110
91.83498,95.52789,-72.89984,129
92.027916,98.322105,-71.89448,150
92.227036,101.113174,-70.730255,144
92.40018,103.88961,-70.20483,103
92.52185,106.65,-70.96054,99
92.62267,109.41023,-72.24553,120
92.72787,112.17764,-73.43192,178
92.87944,114.95387,-73.45997,160
93.014565,117.73042,-73.90624,150
93.12302,120.5114,-75.03553,115
93.25555,123.29502,-75.56153,103
93.45214,126.068085,-74.454834,92
93.72422,128.81416,-71.40371,90
94.02042,131.53566,-67.71001,74
94.26895,134.25749,-65.22393,61
94.51716,136.96638,-62.73106,58
94.83962,139.62045,-58.28462,47
95.3013,142.16275,-50.164146,38
95.5568,144.80608,-47.40067,47
95.72607,147.50166,-46.892868,68
95.698425,150.36237,-51.59702,64
95.77121,153.15723,-53.671455,87
96.011375,155.79749,-51.298813,73
96.15545,158.5283,-51.484726,71
96.30386,161.25601,-51.558594,55
96.47909,163.95235,-50.91304,48
96.661964,166.63594,-50.057007,51
96.86115,169.29324,-48.754265,51
97.05681,171.94934,-47.540638,80
97.20619,174.67053,-47.590294,97
97.31612,177.4569,-48.73095,76
97.40037,180.29457,-50.594006,54
97.662704,182.82846,-47.53038,82
97.84697,185.49063,-46.62216,103
97.991776,188.22533,-46.815487,77
98.00015,191.23827,-50.850708,51
98.08853,194.10835,-52.664288,55
98.28502,196.75424,-51.431007,85
98.48266,199.39175,-50.159,96
98.66073,202.0694,-49.43937,85
98.816475,204.79906,-49.35941,102
98.9922,207.4793,-48.705986,77
99.108376,210.31349,-49.77659,82
99.21434,213.18378,-51.157364,78
99.27502,216.19148,-53.87883,85
99.31679,219.27257,-57.182343,81
99.322754,222.48314,-61.576035,56
99.310776,225.77846,-66.54348,43
99.26292,229.22098,-72.627975,38
99.127975,232.98837,-81.37299,43
99.0447,236.64021,-88.65133,68
99.11381,239.81445,-91.40535,90
99.21866,242.88191,-93.107155,108
99.34692,245.87733,-94.11724,118
99.47533,248.8813,-95.13737,122
99.60454,251.89125,-96.14669,120
99.70936,255.00667,-97.92288,116
99.80814,258.1609,-99.907974,105
99.90061,261.35715,-102.1132,105
100.013596,264.48334,-103.7026,105
100.12159,267.6448,-105.46916,121
85.70653,-32.701935,-88.19416,15
87.05979,-26.199228,-61.953884,16
84.47781,-30.263262,-123.66379,15
85.08767,-25.988075,-113.71943,16
87.8448,-13.282431,-59.513126,15
90.34672,-2.905301,-8.71836,15
88.476845,-5.623148,-53.73492,15
87.87441,-4.818994,-70.59264,15
86.46219,-4.760798,-107.55529,15
86.305214,-2.630951,-114.64349,16
87.930374,3.866202,-81.31834,16
85.005684,-0.623651,-151.40816,16
86.09656,8.460771,-135.68608,15
85.883224,10.615185,-144.29399,18
85.692406,12.856682,-152.438,18
89.27551,22.996414,-73.09766,17
89.48309,25.912056,-71.78575,17
88.053116,26.884459,-110.53226,17
88.53955,31.69783,-104.6183,15
88.85572,36.16277,-102.66834,17
88.89056,42.76246,-111.10264,20
88.75987,45.20093,-117.97652,19
88.87982,48.051785,-118.8837,26
89.222626,51.23079,-114.43133,45
89.60751,54.445656,-108.93187,63
89.94095,57.56339,-104.64343,75
90.259384,60.63976,-100.68952,71
90.56806,63.683624,-96.947426,75
90.853966,66.68157,-93.737595,85
91.11653,69.63699,-91.08052,100
91.35849,72.55692,-88.91382,101
91.59711,75.46191,-86.81621,95
91.83189,78.352104,-84.79944,97
92.066925,81.23166,-82.763245,96
92.30063,84.099174,-80.74745,97
92.53867,86.958984,-78.6093,91
92.78296,89.81148,-76.29983,97
93.01211,92.642654,-74.35854,112
93.226364,95.45555,-72.78249,133
93.42395,98.252205,-71.62209,147
93.62311,101.04316,-70.41475,140
93.804436,103.82165,-69.65791,97
93.91477,106.57716,-70.72845,90
94.013985,109.3359,-72.0966,117
94.13422,112.10442,-72.930695,175
94.29172,114.87955,-72.80234,163
94.4058,117.65436,-73.81209,117
94.51927,120.43457,-74.84749,100
94.6404,123.21932,-75.69138,103
94.86009,125.987236,-73.93462,87
95.0943,128.7418,-71.78066,103
95.36597,131.47153,-68.613815,88
95.61614,134.19371,-66.00026,76
95.84381,136.91345,-63.974358,68
96.09818,139.60715,-61.214493,57
96.43489,142.2325,-56.20408,36
96.85601,144.76942,-48.858883,41
97.031364,147.46358,-48.173733,69
97.10057,150.24777,-50.39796,86
97.15704,153.05724,-52.994923,106
97.32431,155.76775,-52.55162,97
97.48162,158.48755,-52.384087,60
97.64715,161.19759,-51.990227,54
97.827934,163.88695,-51.168583,39
98.02532,166.55035,-49.878017,48
98.22685,169.20146,-48.46328,47
98.41086,171.87195,-47.536514,65
98.56133,174.59155,-47.560566,85
98.670525,177.38156,-48.76903,71
98.78856,180.16429,-49.73698,57
99.02593,182.73453,-47.27724,74
99.208145,185.39781,-46.397842,97
99.34644,188.14557,-46.790924,68
99.35549,191.16814,-50.967625,53
99.44923,194.0322,-52.70049,62
99.65136,196.66208,-51.258713,86
99.85488,199.28159,-49.76779,91
100.03515,201.9507,-48.959045,109
100.19339,204.67258,-48.804848,116
100.364426,207.36177,-48.271076,68
100.48415,210.18915,-49.2818,78
100.586716,213.07304,-50.825775,82
100.67354,216.01427,-52.86681,67
100.69437,219.16869,-56.9472,58
100.68657,222.4395,-61.947697,55
100.682205,225.73286,-66.89263,45
100.66181,229.1128,-72.38607,36
100.49959,233.01138,-82.34721,36
100.44702,236.59293,-88.9805,55
100.52704,239.74277,-91.5176,100
100.6525,242.7436,-92.65057,118
100.78114,245.74207,-93.69846,118
100.9166,248.72322,-94.54413,118
101.052826,251.7095,-95.37918,136
101.16672,254.79572,-96.94568,104
101.27081,257.93634,-98.84973,114
101.36475,261.13644,-101.10816,115
101.4748,264.28293,-102.86833,113
101.58886,267.4258,-104.52007,108
86.145584,-35.872467,-110.20856,16
88.10701,-27.314932,-69.53733,16
87.68552,-26.241367,-82.47568,15
86.12319,-27.301908,-123.1711,16
89.22621,-12.161,-61.158447,15
91.530075,-3.327261,-11.642039,15
88.544174,-8.058205,-85.53501,15
88.36947,-3.611097,-96.70259,15
90.991295,6.772235,-40.844265,15
87.27713,1.201082,-133.2336,16
83.24618,-5.889876,-231.9895,15
84.32123,-0.541847,-210.67668,16
87.181564,10.112607,-148.77716,19
87.047714,12.466567,-155.8277,19
90.68764,22.968504,-72.61593,17
88.76205,24.029404,-126.28604,17
89.176025,27.47491,-120.10975,18
89.72358,31.146149,-110.64959,16
88.32724,31.146965,-148.45706,16
89.81809,37.85502,-117.90462,17
89.27543,39.563744,-135.10251,15
90.298965,43.9509,-113.81344,21
90.21217,46.459034,-119.84241,21
90.447945,49.49134,-117.90692,30
90.826775,52.724335,-112.393814,48
91.19585,55.915344,-107.08608,66
91.52669,59.02739,-102.70017,72
91.83534,62.08805,-98.84291,76
92.13165,65.11344,-95.27083,79
92.404594,68.09287,-92.266975,87
92.648026,71.02389,-89.99287,94
92.888115,73.93919,-87.78965,97
93.12096,76.83555,-85.7577,89
93.34537,79.7133,-83.929,100
93.575935,82.58635,-81.929016,99
93.811745,85.452705,-79.78046,97
94.054756,88.31277,-77.42985,88
94.29481,91.15836,-75.1404,102
94.51219,93.978546,-73.430145,117
94.718925,96.784065,-71.989845,138
94.91888,99.57872,-70.71938,144
95.121284,102.36743,-69.37688,103
95.2547,105.12748,-69.86386,88
95.36055,107.8832,-71.09443,88
95.467896,110.645485,-72.29678,170
95.61999,113.41847,-72.304695,164
95.74451,116.19068,-73.061874,120
95.86211,118.96719,-74.01513,103
95.97959,121.74885,-74.9826,98
96.15065,124.52582,-74.49291,77
96.39139,127.28218,-72.086624,104
96.61714,130.0309,-70.07777,91
96.85364,132.76462,-67.75794,91
97.079666,135.49123,-65.71401,88
97.30201,138.20918,-63.759384,78
97.54437,140.90411,-61.23059,67
97.8704,143.52603,-56.32684,33
98.25558,146.07466,-49.7128,42
98.39852,148.79793,-49.927937,75
98.48915,151.57265,-51.64086,100
98.586975,154.35037,-53.16587,122
98.73246,157.08458,-53.33607,64
98.88962,159.80673,-53.174515,64
99.08254,162.48335,-51.977314,39
99.279724,165.14845,-50.650772,44
99.48153,167.80028,-49.180305,50
99.68104,170.44826,-47.769447,50
99.84463,173.14696,-47.409885,82
99.9776,175.89656,-47.959347,73
100.05615,178.74751,-50.13847,58
100.27327,181.35384,-48.196297,66
100.47615,183.97798,-46.669636,78
100.63866,186.67702,-46.351585,72
100.72398,189.54024,-48.374733,66
100.74541,192.55917,-52.366375,66
100.91218,195.26729,-51.954136,72
101.12733,197.85793,-50.054653,81
101.30949,200.5213,-49.161938,97
101.49223,203.17949,-48.247204,107
101.654686,205.88837,-47.960766,97
101.79571,208.65723,-48.348495,70
101.93897,211.42372,-48.67303,71
102.04301,214.31122,-50.245747,92
102.10233,217.34825,-53.25755,69
102.0777,220.67336,-58.9824,51
102.063484,224.00266,-64.43331,51
102.093506,227.21916,-68.51751,42
101.96329,231.02261,-77.832535,33
101.837616,234.8721,-87.0972,45
101.88989,238.12631,-90.64254,91
102.00749,241.15755,-92.08222,124
102.146774,244.11594,-92.82645,116
102.27894,247.1103,-93.81983,126
102.416954,250.08975,-94.633995,112
102.55561,253.07431,-95.43952,107
102.662,256.20752,-97.34714,104
102.76454,259.3735,-99.41094,106
102.87341,262.52707,-101.28535,111
102.99524,265.63553,-102.742905,104
103.112175,268.78015,-104.389015,115
88.44225,-28.376245,-97.71441,15
87.79242,-25.505983,-120.207985,16
89.43374,-18.097355,-85.26928,15
91.61895,-5.780154,-42.427063,15
90.80516,-4.549526,-67.0883,15
91.6553,2.527097,-53.854904,15
93.228386,9.02492,-19.482622,15
90.144775,4.663062,-99.4334,15
86.7006,1.326745,-191.04906,16
88.41619,8.11266,-153.12433,18
88.39622,10.711025,-157.59949,21
88.69933,14.056173,-154.13509,17
91.88949,26.20977,-82.931526,16
90.09376,26.303772,-133.48723,17
88.657936,27.460121,-175.5507,16
89.769684,32.32317,-151.69662,16
91.41758,41.995983,-120.08393,18
91.76712,45.234215,-115.182396,24
91.74298,47.840862,-119.821434,22
92.023796,50.944805,-116.65237,38
92.43049,54.22065,-110.21194,50
92.78363,57.387012,-105.11233,62
93.100296,60.47724,-100.92426,70
93.405525,63.530853,-97.005035,74
93.68152,66.52777,-93.82403,79
93.93822,69.48526,-91.12757,86
94.174545,72.40579,-88.950096,94
94.40816,75.31178,-86.83002,92
94.636444,78.20118,-84.83638,93
94.85828,81.07391,-83.00237,96
95.08746,83.94293,-80.95923,90
95.32579,86.80811,-78.65591,89
95.568474,89.66412,-76.219315,93
95.796326,92.49769,-74.167755,103
96.00722,95.3106,-72.563934,122
96.21112,98.11137,-71.14134,138
96.40497,100.90012,-69.98607,129
96.5827,103.6768,-69.267914,104
96.6964,106.431076,-70.31841,88
96.804184,109.189354,-71.54471,141
96.945694,111.958755,-71.84246,165
97.07766,114.729034,-72.41323,131
97.196495,117.50234,-73.36034,100
97.32978,120.2796,-73.91084,92
97.44232,123.06309,-75.05651,108
97.70125,125.8192,-72.04776,95
97.90672,128.57579,-70.54592,99
98.11617,131.323,-68.92021,99
98.33181,134.05885,-67.105515,103
98.53932,136.78964,-65.514694,98
98.764366,139.50136,-63.40473,85
98.99256,142.19972,-61.187115,82
99.3115,144.81583,-56.294975,35
99.65309,147.3859,-50.696167,39
99.77657,150.13101,-51.504124,66
99.87626,152.9058,-53.030342,84
100.00152,155.66156,-53.80998,65
100.13551,158.41217,-54.339153,66
100.33191,161.08698,-52.99887,44
100.5326,163.74924,-51.521084,41
100.74364,166.38908,-49.720467,48
100.92159,169.0705,-48.916893,58
101.11237,171.72758,-47.71782,68
101.271866,174.43253,-47.4754,78
101.36945,177.24896,-49.14941,66
101.51487,179.98587,-49.357174,62
101.73463,182.5778,-47.252995,65
101.914024,185.24248,-46.39795,70
102.04364,188.01173,-47.108643,72
102.06833,191.02467,-51.152122,68
102.18396,193.84872,-52.34695,67
102.39254,196.45306,-50.5879,77
102.5897,199.0776,-49.18376,89
102.76583,201.75113,-48.44958,108
102.931885,204.44977,-48.04086,99
103.086464,207.18033,-48.006203,83
103.24162,209.91098,-47.958435,83
103.38331,212.68445,-48.358356,69
103.47331,215.62582,-50.476368,99
103.48196,218.8483,-55.324398,70
103.43545,222.2896,-62.067776,52
103.45676,225.54047,-66.60996,51
103.42514,229.01244,-72.9879,34
103.25195,233.05109,-84.237755,37
103.24983,236.51445,-89.779175,71
103.35909,239.58023,-91.568634,105
103.49667,242.54619,-92.40778,136
103.64036,245.49506,-93.05095,102
103.77957,248.46974,-93.862175,111
103.919846,251.44792,-94.65104,128
104.05377,254.46259,-95.67836,93
104.15634,257.6316,-97.831055,104
104.26427,260.79276,-99.822975,112
104.38464,263.90985,-101.39764,110
104.5103,267.0144,-102.80604,110
87.98948,-39.560413,-135.35489,15
89.15311,-30.794868,-115.02973,16
87.647385,-33.18067,-155.15282,15
87.53139,-31.005548,-161.88954,15
91.00217,-17.685457,-81.487114,16
90.60341,-16.511486,-94.91003,16
92.84387,-7.388975,-43.823868,15
92.81245,-5.165739,-48.18396,16
90.739265,-5.101528,-108.6494,15
93.4912,4.916401,-44.073093,15
92.93583,5.772615,-61.580555,15
91.498985,4.395985,-101.29222,15
90.69641,6.101793,-127.331825,16
89.89286,6.672223,-151.6344,17
89.91186,9.343098,-155.24934,20
89.915306,11.992401,-159.28603,18
90.480934,15.951627,-148.98909,16
92.46928,23.047539,-102.13147,16
91.441025,24.654024,-134.623,15
92.98052,39.506874,-113.044464,16
93.292114,45.298275,-113.0701,21
93.17154,47.727303,-120.41485,19
93.44353,50.82561,-117.36578,33
93.84034,54.10176,-110.95813,47
94.19698,57.285706,-105.58105,58
94.51982,60.39414,-101.07497,61
94.818886,63.447193,-97.177536,71
95.08773,66.44106,-94.071686,76
95.35254,69.413704,-91.05382,80
95.58099,72.32849,-89.00837,93
95.8114,75.23437,-86.89531,90
96.03493,78.12191,-84.95685,94
96.25479,80.99547,-83.10766,94
96.48117,83.864815,-81.06392,86
96.71492,86.72916,-78.80013,89
96.95511,89.58615,-76.34098,92
97.18377,92.42246,-74.18811,109
97.39374,95.23617,-72.54844,113
97.59619,98.03714,-71.1114,133
97.79553,100.82896,-69.753426,130
97.97335,103.60537,-69.00314,96
98.08165,106.356705,-70.24478,83
98.19776,109.116104,-71.27609,146
98.35014,111.886246,-71.268265,164
98.469826,114.653854,-72.214264,98
98.58574,117.42646,-73.28191,92
98.71598,120.203606,-73.9417,136
98.85841,122.98246,-74.251625,148
99.1149,125.73618,-71.19471,106
99.31057,128.49289,-69.92083,104
99.50313,131.24425,-68.73289,124
99.70719,133.98401,-67.19334,93
99.912094,136.7153,-65.61879,105
100.125565,139.43295,-63.7762,94
100.34228,142.13866,-61.82214,93
100.58115,144.8162,-59.178978,92
100.89188,147.41556,-54.31429,30
101.125275,150.06416,-51.790325,38
101.26262,152.8016,-52.217712,45
101.33743,155.61421,-54.594715,46
101.471596,158.36766,-55.147076,73
101.674805,161.03348,-53.54516,60
101.88228,163.685,-51.79732,44
102.09823,166.31483,-49.771255,38
102.27935,168.98975,-48.83754,51
102.45904,171.6628,-47.945118,76
102.61503,174.37419,-47.81028,82
102.7146,177.19203,-49.49788,71
102.87184,179.90738,-49.338657,58
103.08631,182.50465,-47.31987,63
103.259514,185.18085,-46.63718,71
103.3837,187.96541,-47.56375,72
103.426674,190.94905,-51.187508,84
103.54808,193.76297,-52.248158,81
103.75687,196.36108,-50.411495,72
103.95382,198.98116,-48.95769,84
104.13417,201.64012,-48.054806,72
104.30497,204.32274,-47.471386,67
104.44916,207.0829,-47.7938,78
104.60001,209.82646,-47.897194,71
104.73595,212.62038,-48.521233,70
104.85,215.49257,-49.913673,68
104.88304,218.6521,-54.14155,51
104.80621,222.22812,-62.258846,42
104.80994,225.56578,-67.63929,41
104.77992,229.06717,-74.27479,32
104.60489,233.17477,-86.13542,42
104.65788,236.4546,-89.99243,71
104.77387,239.50403,-91.63643,125
104.911995,242.47365,-92.5071,134
105.05973,245.41,-93.04561,116
105.204704,248.36493,-93.69715,116
105.34533,251.34682,-94.52192,114
105.48051,254.36298,-95.56456,113
105.58807,257.5223,-97.64856,81
105.70334,260.66083,-99.476585,102
105.82822,263.76584,-100.97154,108
105.95993,266.8487,-102.23347,110
89.03316,-41.157413,-146.15784,15
90.77512,-29.090925,-112.77669,15
93.098694,-16.71003,-62.319168,15
92.506165,-15.078914,-82.867966,15
93.845116,-7.39722,-54.683468,16
94.00546,-4.585854,-54.350903,15
94.39745,1.232556,-51.851475,16
94.738945,4.542428,-46.846107,15
92.78671,2.698527,-103.001076,16
92.55526,5.805758,-115.03433,15
91.34757,6.488231,-152.73077,21
91.19561,8.72197,-160.95403,18
91.2714,11.548574,-163.23871,16
91.99978,15.938548,-148.28311,16
93.97016,24.39871,-102.29084,16
95.770966,32.15853,-60.309258,16
91.023026,27.243706,-196.28824,16
90.34526,30.090809,-221.48924,15
94.70075,45.162304,-113.98607,19
94.57471,47.56682,-121.74525,19
94.85084,50.6825,-118.46986,29
95.24494,53.971226,-111.90177,46
95.60483,57.17401,-106.23481,50
95.92703,60.29242,-101.57623,55
96.23069,63.360783,-97.40308,72
96.50205,66.36442,-94.106606,72
96.75695,69.3299,-91.2518,82
96.98678,72.250275,-89.087036,89
97.20936,75.15086,-87.11305,88
97.4305,78.03929,-85.16663,87
97.65109,80.91664,-83.22347,90
97.87234,83.78417,-81.246445,83
98.104576,86.650375,-78.93707,88
98.33672,89.50417,-76.614784,93
98.568115,92.34512,-74.297516,104
98.77978,95.16156,-72.54206,113
98.98577,97.96548,-70.94228,121
99.18828,100.759186,-69.4351,121
99.37169,103.53732,-68.48544,101
99.476006,106.28534,-69.891655,79
99.596634,109.04439,-70.824,153
99.75393,111.813995,-70.6647,153
99.866165,114.57911,-71.87068,89
99.95833,117.35061,-73.699715,72
100.109085,120.1271,-73.761826,159
100.28674,122.899666,-73.00333,164
100.52607,125.65335,-70.344246,111
100.71218,128.41028,-69.31013,101
100.8964,131.16272,-68.33069,151
101.09489,133.90315,-66.90052,92
101.29481,136.6353,-65.41625,112
101.499695,139.35655,-63.76764,111
101.70793,142.06668,-62.001366,106
101.91547,144.76823,-60.24587,109
102.143005,147.44206,-57.839367,91
102.36637,150.10747,-55.54942,45
102.526344,152.83092,-55.285248,43
102.64378,155.6047,-56.401455,81
102.816315,158.31459,-55.73995,87
103.019325,160.97952,-54.08096,59
103.23406,163.61867,-52.025887,45
103.444916,166.25311,-50.083836,48
103.63112,168.91855,-48.946087,47
103.80001,171.60902,-48.379425,79
103.954994,174.32333,-48.279144,79
104.065254,177.126,-49.688705,76
104.22096,179.8448,-49.58003,56
104.431564,182.44579,-47.609364,63
104.60056,185.13048,-47.04541,71
104.71512,187.9421,-48.352856,65
104.78505,190.87341,-51.221035,85
104.90625,193.69188,-52.34508,81
105.112076,196.29219,-50.533176,74
105.3121,198.89922,-48.91153,76
105.49752,201.54037,-47.794533,66
105.6667,204.22522,-47.247173,91
105.8043,207.0071,-47.82679,78
105.954414,209.75414,-47.969803,86
106.09084,212.54997,-48.614105,56
106.21338,215.39992,-49.77448,88
106.27399,218.48099,-53.21113,60
106.17781,222.16519,-62.434105,35
106.20409,225.44496,-67.25638,35
106.1582,229.04243,-74.81328,36
105.98564,233.2054,-87.17933,58
106.06659,236.39398,-90.19699,96
106.186745,239.43658,-91.77883,119
106.32807,242.39856,-92.58336,112
106.47909,245.3247,-93.03669,110
106.62726,248.26985,-93.61023,126
106.767006,251.26227,-94.52241,101
106.89953,254.29951,-95.73304,96
107.01882,257.41525,-97.48145,75
107.14041,260.53427,-99.16883,89
107.26623,263.64532,-100.71654,106
107.39962,266.7287,-101.98933,115
91.86002,-35.24373,-114.177826,15
92.31219,-30.059639,-108.54912,16
92.735794,-26.207903,-101.61025,15
94.78848,-14.605036,-56.251335,16
93.32493,-17.073198,-98.263016,15
94.06047,-12.316804,-83.01497,16
95.41413,-5.688416,-51.40901,15
95.95707,-1.703737,-40.950542,16
97.05551,6.155238,-19.462324,15
93.47824,-1.973864,-118.68129,16
91.63238,-3.422841,-174.4863,15
91.33169,-1.620373,-187.00217,16
92.783264,4.95066,-152.23956,17
92.790695,7.565224,-156.4047,23
92.93569,11.858711,-159.06082,17
93.192245,15.124031,-156.46751,16
95.21474,22.625858,-105.26778,16
95.947464,26.865719,-89.291534,16
95.911896,29.278849,-94.49679,16
92.59772,24.458921,-191.02502,15
92.60889,30.00339,-200.07103,17
94.16976,38.646507,-165.42717,15
96.19468,46.48497,-114.76303,18
96.1459,49.0189,-120.620415,19
96.45291,52.18804,-116.317154,31
96.83012,55.45019,-109.95889,44
97.178444,58.635002,-104.38505,45
97.49196,61.73935,-99.77861,60
97.78011,64.7839,-95.87598,68
98.0351,67.763275,-92.91462,70
98.27446,70.70704,-90.39022,82
98.499344,73.61982,-88.2762,87
98.719696,76.516174,-86.28021,85
98.93022,79.39129,-84.5629,90
99.15182,82.26806,-82.50255,81
99.37403,85.13435,-80.40898,86
99.60498,87.99683,-78.03621,82
99.84412,90.85291,-75.39813,99
100.06461,93.682335,-73.3078,107
100.271255,96.49219,-71.626015,122
100.47462,99.29129,-70.03326,128
100.67957,102.08256,-68.38088,107
100.82468,104.842834,-68.57263,99
100.92462,107.59078,-70.176704,118
101.07955,110.358406,-70.07832,152
101.22322,113.12403,-70.337456,98
101.30492,115.88823,-72.55936,54
101.42217,118.66281,-73.67779,55
101.62043,121.43337,-72.23032,156
101.83487,124.19297,-70.25567,102
102.02107,126.95046,-69.17534,114
102.20247,129.70425,-68.244286,113
102.38185,132.45424,-67.37451,163
102.57808,135.19049,-65.95205,102
102.77868,137.91655,-64.377075,111
102.977554,140.63574,-62.84853,113
103.17911,143.34485,-61.2221,111
103.37156,146.0539,-59.886993,120
103.561935,148.75829,-58.613518,142
103.739525,151.47038,-57.76119,106
103.8982,154.2013,-57.545647,95
104.06768,156.91779,-56.966072,93
104.261475,159.59802,-55.55712,84
104.47084,162.24794,-53.606556,68
104.694405,164.86507,-51.152763,47
104.88323,167.52782,-49.881275,53
105.06216,170.20212,-48.948227,53
105.22339,172.9056,-48.62883,88
105.35854,175.66061,-49.229065,74
105.46844,178.47362,-50.73461,67
105.66692,181.10152,-49.114246,57
105.8624,183.72818,-47.591084,66
106.00803,186.46788,-47.847473,71
106.08128,189.39377,-50.725426,85
106.19624,192.22878,-52.12714,85
106.36309,194.93149,-51.658188,89
106.56995,197.51842,-49.72161,57
106.76246,200.1379,-48.300465,66
106.94085,202.79404,-47.392944,77
107.08681,205.5505,-47.692276,75
107.244865,208.27069,-47.548428,73
107.38358,211.0588,-48.140217,63
107.49952,213.93393,-49.608555,62
107.62232,216.79538,-50.83907,67
107.59008,220.25864,-58.043007,39
107.542656,223.83096,-65.92326,37
107.58638,227.08691,-70.36445,47
107.42356,231.24133,-82.93472,43
107.422874,234.78065,-89.28992,82
107.538246,237.8479,-91.14141,94
107.6786,240.8156,-92.02932,99
107.82065,243.78395,-92.86721,89
107.972466,246.71338,-93.3304,103
108.11905,249.67508,-94.01956,117
108.254036,252.70396,-95.197075,92
108.38281,255.7768,-96.65199,74
108.50603,258.89316,-98.36338,102
108.63722,261.98026,-99.7733,83
108.77144,265.063,-101.082184,110
108.90521,268.1609,-102.43462,116
93.46484,-34.753357,-110.15507,16
93.62541,-31.794735,-109.99261,15
93.85301,-27.409447,-110.09952,15
94.54742,-22.59081,-95.61966,15
95.931656,-15.467007,-62.46138,16
96.01738,-9.407925,-70.161606,16
96.718025,-4.813336,-55.105145,16
97.19923,-0.982819,-45.941006,15
97.578804,2.489003,-39.500557,15
95.05196,-0.455811,-117.52412,16
93.36352,-2.906797,-168.82442,16
93.04364,-1.219267,-182.30684,16
94.277176,4.864265,-152.33733,25
94.16822,7.147092,-159.92491,19
93.0137,12.098044,-206.64958,17
97.18767,25.134516,-92.04356,16
98.355316,32.844685,-67.14247,16
96.42521,33.50578,-131.9376,16
98.04759,44.634167,-98.129875,16
97.64437,46.420143,-114.595375,17
97.754715,50.542244,-118.272896,21
98.04929,53.688675,-114.14745,29
98.42141,56.943596,-107.66055,39
98.75788,60.108932,-102.19579,46
99.05005,63.179028,-98.02765,57
99.31544,66.18887,-94.640274,68
99.55556,69.14634,-91.998,77
99.78423,72.07496,-89.68647,82
100.00709,74.98417,-87.53691,83
100.21983,77.87024,-85.68445,84
100.431114,80.74477,-83.86385,81
100.648636,83.61566,-81.83606,84
100.87738,86.486,-79.44039,88
101.115204,89.35123,-76.74135,82
101.33737,92.19039,-74.516396,96
101.553505,95.01369,-72.46644,109
101.75836,97.81933,-70.762566,114
101.95788,100.61313,-69.21741,120
102.15604,103.39806,-67.70649,99
102.26865,106.14524,-68.955795,86
102.39039,108.90114,-69.924904,147
102.56498,111.67133,-69.17899,140
102.660736,114.430336,-71.021286,77
102.7591,117.19907,-72.798874,54
102.961205,119.968666,-71.156845,52
103.127945,122.735695,-70.68281,149
103.33422,125.49001,-68.88393,129
103.50477,128.24747,-68.275246,114
103.68409,130.99802,-67.36969,141
103.86474,133.74332,-66.41476,131
104.056015,136.47711,-65.09175,108
104.257095,139.1971,-63.42468,116
104.45327,141.91238,-61.915333,111
104.64979,144.61958,-60.38396,105
104.82745,147.33794,-59.50098,131
104.99863,150.05922,-58.840523,148
105.164314,152.78423,-58.37314,125
105.3351,155.50076,-57.72647,100
105.5167,158.19933,-56.69382,90
105.71653,160.86545,-55.003468,73
105.929115,163.50233,-52.842583,63
106.12695,166.15309,-51.198948,59
106.312294,168.81815,-49.997375,65
106.48188,171.50783,-49.36597,65
106.63859,174.22125,-49.207066,82
106.75696,177.0174,-50.470596,75
106.90809,179.74858,-50.536423,48
107.11075,182.35962,-48.683945,66
107.2789,185.04665,-48.114883,79
107.37435,187.92053,-50.294514,75
107.48018,190.78117,-52.109795,92
107.62626,193.54103,-52.41561,78
107.820786,196.16177,-50.869183,77
108.019646,198.76144,-49.143837,74
108.20423,201.39764,-47.960728,72
108.37016,204.09035,-47.502686,55
108.51935,206.83948,-47.70387,101
108.67262,209.5775,-47.75376,103
108.80634,212.39015,-48.59076,80
108.9015,215.35764,-50.989902,51
108.98014,218.40846,-54.093388,57
108.927155,222.0192,-62.580105,49
108.95776,225.33604,-67.76788,36
108.85386,229.27563,-78.554,39
108.794685,233.08931,-87.63429,70
108.88873,236.25758,-90.465935,90
109.02447,239.2489,-91.597,112
109.17223,242.19164,-92.24444,74
109.321014,245.1364,-92.864784,78
109.46309,248.12344,-93.78888,116
109.60065,251.14407,-94.92756,87
109.73787,254.1774,-96.103226,66
109.85879,257.31464,-98.01377,91
109.998764,260.3576,-99.12346,98
110.136154,263.42725,-100.3706,115
110.271385,266.52246,-101.739975,107
94.80584,-36.40793,-110.95844,15
94.78647,-34.129,-115.72648,15
95.156845,-30.370785,-109.778145,14
95.49475,-26.760628,-104.683334,15
95.40649,-24.720928,-111.39792,15
96.903076,-17.001122,-73.924034,16
96.23823,-17.025074,-96.7286,16
96.0267,-14.194811,-109.12461,15
97.10358,-8.184363,-82.998116,15
98.397255,-0.437548,-52.572384,15
99.88373,6.603784,-14.241614,15
96.959274,-0.329518,-102.23505,15
94.87576,-1.718252,-171.3995,15
95.6409,3.120597,-153.89494,18
95.78892,6.107924,-154.25703,26
94.982254,6.419796,-182.60094,16
93.76259,5.729414,-223.336,16
93.715324,8.351315,-229.76932,15
98.17092,27.706686,-111.81377,17
97.93893,29.67988,-123.44026,16
98.15516,32.747063,-121.63779,17
96.9036,33.834923,-166.78618,17
99.052826,43.695026,-110.90734,15
99.292915,48.04289,-110.67756,17
99.34008,50.72535,-114.02422,20
99.43746,53.513813,-115.840294,26
99.82414,56.813786,-108.63136,36
100.1619,59.996235,-102.8975,44
100.45737,63.082497,-98.44916,54
100.71942,66.0955,-95.02176,67
100.95351,69.05055,-92.45654,74
101.17795,71.97899,-90.179565,80
101.39969,74.89181,-87.972244,81
101.61401,77.784004,-85.98709,78
101.82642,80.66338,-84.04949,83
102.04011,83.53371,-82.05564,80
102.26607,86.4051,-79.645424,79
102.49707,89.26818,-77.05074,76
102.72116,92.11209,-74.66353,89
102.93535,94.936386,-72.58569,105
103.14081,97.74418,-70.78412,108
103.34149,100.53979,-69.12923,103
103.54139,103.3262,-67.48937,96
103.65186,106.071266,-68.86467,95
103.78652,108.82994,-69.43547,140
103.956314,111.59812,-68.815765,135
104.038864,114.354385,-71.19218,55
104.16605,117.123505,-72.055435,31
104.37175,119.89064,-70.20954,108
104.53094,122.65629,-69.97203,102
104.72622,125.41107,-68.4718,128
104.89736,128.16681,-67.81179,112
105.07073,130.91821,-67.07236,122
105.24526,133.66536,-66.28941,145
105.43662,136.39763,-64.901665,97
105.63398,139.11823,-63.28956,113
105.829414,141.83212,-61.73525,112
106.018654,144.54387,-60.3965,116
106.1962,147.26112,-59.476574,141
106.36531,149.98375,-58.862854,142
106.52653,152.71367,-58.54132,130
106.69546,155.43211,-57.935482,113
106.87719,158.12912,-56.850925,97
107.0703,160.80298,-55.33478,80
107.27952,163.44183,-53.1983,67
107.47585,166.09268,-51.536255,64
107.66132,168.75562,-50.27533,62
107.825165,171.4562,-49.838886,78
107.981636,174.17133,-49.68964,87
108.10436,176.96288,-50.855995,72
108.25282,179.70198,-51.038013,44
108.45167,182.3183,-49.24801,69
108.61228,185.02509,-48.957344,74
108.715675,187.88786,-50.94673,86
108.83208,190.72748,-52.44634,101
108.98622,193.46591,-52.45279,66
109.16867,196.11844,-51.320095,75
109.373344,198.69408,-49.276382,71
109.55558,201.33401,-48.135056,75
109.72642,204.00847,-47.457844,65
109.8757,206.75879,-47.675587,66
110.02263,209.52148,-48.00261,88
110.1564,212.33969,-48.89471,81
110.24209,215.35977,-51.841072,55
110.28416,218.58347,-56.69136,34
110.267815,222.09366,-64.11751,37
110.29666,225.45477,-69.69946,36
110.177185,229.53839,-81.80589,39
110.19152,233.07162,-88.23128,73
110.3035,236.17351,-90.454956,84
110.43285,239.20563,-91.94712,99
110.584045,242.13766,-92.496574,101
110.73286,245.08904,-93.168144,99
110.87921,248.06157,-93.96918,85
111.01365,251.11061,-95.33369,82
111.15008,254.16077,-96.63491,84
111.280785,257.25784,-98.22856,84
111.42221,260.30368,-99.35641,106
111.566444,263.3431,-100.37838,108
111.708755,266.4057,-101.51378,109
96.286255,-35.18926,-112.23797,15
96.527435,-30.737127,-111.940475,15
96.72226,-27.642578,-110.76125,14
96.82599,-23.719149,-114.42797,16
98.47166,-15.29997,-71.10135,15
97.25823,-17.397045,-110.81515,16
97.74289,-12.117967,-103.3577,15
99.52893,-1.303736,-59.535522,16
100.60765,4.57149,-31.830706,15
98.290794,-0.730014,-105.23711,15
98.09405,1.052971,-115.72224,16
96.40626,-1.773182,-171.1766,15
97.224556,3.300465,-151.35262,24
97.23441,5.86903,-155.9019,21
94.56575,3.40469,-247.4461,16
95.279274,8.172224,-230.83675,18
99.24614,26.691456,-123.23116,17
99.40577,29.629343,-123.122894,17
99.563576,32.56073,-123.07224,17
99.7648,35.59222,-121.65294,17
99.37627,39.889725,-143.98985,16
100.4092,44.72404,-116.02943,17
100.65351,47.807884,-113.17723,16
100.95518,50.990116,-108.44776,18
100.904335,53.47964,-115.120804,21
101.22251,56.67134,-109.82518,28
101.55144,59.855133,-104.13107,37
101.85694,62.971325,-99.15862,47
102.12016,65.99545,-95.5404,63
102.35325,68.955666,-92.89312,71
102.57844,71.89078,-90.487885,73
102.794395,74.8008,-88.37248,78
103.007195,77.695526,-86.34808,81
103.21569,80.5744,-84.45332,81
103.427444,83.44663,-82.43382,75
103.65241,86.32137,-79.94599,77
103.87627,89.18194,-77.47707,74
104.105736,92.03417,-74.793495,86
104.315315,94.85751,-72.77851,99
104.52065,97.66734,-70.89597,113
104.721146,100.464424,-69.16918,99
104.92387,103.25335,-67.35192,104
105.03247,105.99644,-68.85498,107
105.17671,108.757545,-69.108665,138
105.34329,111.524315,-68.57257,130
105.423935,114.27914,-71.12706,42
105.56274,117.04802,-71.610245,27
105.73877,119.8163,-70.75105,79
105.92507,122.578285,-69.51298,77
106.11696,125.33221,-68.061615,118
106.28243,128.08861,-67.57814,119
106.45521,130.83916,-66.82335,120
106.62266,133.58907,-66.26542,140
106.81302,136.32071,-64.84762,95
107.01185,139.03835,-63.100662,105
107.20493,141.752,-61.5588,122
107.3918,144.46394,-60.24476,115
107.57031,147.17836,-59.242016,135
107.73968,149.89905,-58.58897,129
107.89865,152.63055,-58.338604,131
108.06156,155.35593,-57.93845,132
108.23858,158.05815,-56.987568,111
108.42668,160.7375,-55.593674,91
108.6263,163.38942,-53.73316,70
108.820854,166.04118,-52.061073,65
109.01259,168.69,-50.49002,59
109.173164,171.39713,-50.16849,90
109.32506,174.1232,-50.20438,95
109.450226,176.91434,-51.343742,69
109.59648,179.66121,-51.635185,48
109.79315,182.27925,-49.847496,68
109.94786,185.0034,-49.79789,72
110.06052,187.84981,-51.52035,95
110.19092,190.6554,-52.523647,93
110.346245,193.39088,-52.488544,62
110.524704,196.05225,-51.471172,64
110.71928,198.65416,-49.75478,72
110.91065,201.25859,-48.164284,67
111.06996,203.97308,-47.960823,95
111.227516,206.69505,-47.83969,85
111.37058,209.47601,-48.367302,85
111.50711,212.28966,-49.201756,66
111.58984,215.3407,-52.468933,70
111.63633,218.5759,-57.424713,42
111.61565,222.15352,-65.509796,34
111.64126,225.57025,-71.600296,47
111.54328,229.63376,-83.478905,52
111.59592,233.02351,-88.54701,85
111.715256,236.10469,-90.5801,80
111.848625,239.12767,-91.990974,81
111.996735,242.08205,-92.73334,88
112.14681,245.03363,-93.40344,89
112.29318,248.01479,-94.27129,90
112.43307,251.0446,-95.47719,60
112.565285,254.13385,-97.08484,85
112.70641,257.1813,-98.28957,98
112.84825,260.2362,-99.48702,102
112.995995,263.2635,-100.41822,116
113.14305,266.3061,-101.409775,111
96.98037,-39.56845,-132.28833,15
97.53874,-34.91803,-120.366066,15
98.39084,-26.831806,-104.13272,15
98.39766,-24.488253,-108.50065,15
99.011246,-19.788055,-94.61062,15
100.30756,-10.317303,-64.37386,15
99.962685,-9.318302,-79.38914,15
99.787155,-7.64749,-89.34122,16
100.34069,-3.364138,-76.92099,16
99.39382,-1.932642,-115.58518,15
98.33628,-3.032445,-153.40561,15
97.85876,-2.079808,-173.37836,16
98.77726,3.403824,-149.56929,25
98.53849,5.176244,-162.15479,17
93.11345,-7.297619,-342.60004,15
96.282616,4.977833,-247.1914,16
97.447464,11.08187,-215.32442,17
99.61517,22.408064,-155.97386,17
100.81052,28.15923,-122.259445,17
100.16879,29.037771,-148.36073,17
100.80129,33.209923,-132.80983,17
101.161736,36.65128,-126.10352,18
100.976395,38.783443,-137.45215,15
101.46256,42.485516,-126.51746,16
102.03273,46.318165,-112.66815,16
102.3605,49.57414,-106.8505,17
102.34914,52.114716,-112.45186,17
102.50848,55.01238,-112.30974,18
102.755356,58.071274,-109.17881,28
103.08278,61.25743,-103.25663,39
103.37933,64.3615,-98.34506,47
103.63625,67.376755,-94.762276,63
103.866295,70.33241,-92.084404,69
104.08014,73.25057,-89.951996,72
104.293045,76.15609,-87.83595,78
104.5015,79.04473,-85.85861,77
104.70972,81.92248,-83.875244,78
104.92647,84.799,-81.57124,79
105.14499,87.665146,-79.184845,77
105.364426,90.519516,-76.7458,74
105.59034,93.366394,-74.05123,89
105.79564,96.18395,-72.085846,103
105.99818,98.98929,-70.20542,102
106.21168,101.79065,-67.90715,79
106.36193,104.55117,-67.933525,95
106.47822,107.29945,-69.23128,138
106.65191,110.06926,-68.3993,134
106.78752,112.82845,-68.99798,81
106.88674,115.588394,-70.988174,47
107.04865,118.35658,-70.61866,42
107.22337,121.12112,-69.76027,51
107.41668,123.87676,-68.18326,108
107.57958,126.634575,-67.77238,130
107.74895,129.38757,-67.11241,115
107.91971,132.13652,-66.39681,136
108.09328,134.88013,-65.569,112
108.2888,137.60274,-63.869583,100
108.48724,140.31386,-62.03981,109
108.67367,143.02739,-60.678783,117
108.85479,145.73975,-59.522182,123
109.02946,148.45424,-58.621166,126
109.19366,151.1784,-58.144417,143
109.35126,153.91028,-57.940403,137
109.51333,156.63495,-57.557293,138
109.6874,159.33817,-56.678482,105
109.87985,162.00409,-55.02802,85
110.07636,164.6537,-53.194687,64
110.264946,167.30995,-51.681374,63
110.44508,169.977,-50.518173,86
110.591194,172.71706,-50.808052,88
110.73244,175.47208,-51.319004,98
110.857506,178.27336,-52.549297,65
111.0419,180.92339,-51.20988,68
111.21622,183.59544,-50.30533,73
111.34697,186.3931,-51.32792,90
111.47682,189.2018,-52.41356,98
111.62179,191.97003,-52.844734,84
111.79427,194.64941,-52.045856,56
111.97418,197.29956,-50.908947,62
112.16277,199.91235,-49.36659,68
112.33809,202.56819,-48.42518,69
112.49756,205.28331,-48.217705,91
112.64409,208.05283,-48.621937,78
112.78476,210.85254,-49.31858,81
112.895065,213.79433,-51.475414,66
112.992226,216.81374,-54.30281,47
112.95983,220.47314,-63.42212,31
112.975815,223.95892,-70.33982,32
112.93947,227.76218,-79.92888,48
112.95498,231.36139,-87.11776,77
113.06153,234.51804,-89.90886,73
113.192665,237.55916,-91.52389,83
113.333115,240.56078,-92.70544,91
113.48189,243.52415,-93.49353,81
113.62858,246.50926,-94.41159,90
113.77633,249.4974,-95.29929,78
113.91002,252.58752,-96.94458,88
114.05289,255.63148,-98.146996,90
114.19754,258.67548,-99.285934,100
114.34998,261.67596,-100.039734,103
114.50026,264.70157,-100.93322,116
114.6498,267.74316,-101.892494,121
99.0032,-34.97396,-120.24058,16
99.32507,-30.152403,-117.42284,15
99.50527,-25.933119,-119.00018,16
101.52378,-14.380811,-62.72967,15
103.90246,-2.83445,7.861958,16
102.04252,-6.806638,-57.8481,15
103.44383,0.679403,-17.694529,15
100.3272,-3.833855,-132.31718,15
98.12799,-9.031924,-209.00998,16
100.14854,1.676201,-150.979,22
100.309395,4.698208,-150.91588,22
93.78091,-12.289447,-375.3682,15
94.765076,-6.216572,-348.92816,15
99.05858,11.09544,-214.25305,18
97.459274,9.115835,-273.85626,16
100.81114,26.68522,-177.33682,17
102.6669,39.235836,-129.94118,16
102.91343,42.388485,-126.81695,16
103.75495,49.41367,-108.207664,18
103.942955,52.36465,-107.01115,17
104.12844,56.585358,-108.645386,17
104.3228,59.53919,-107.21841,18
104.64157,62.712173,-101.295876,22
104.89157,65.73595,-97.80909,37
105.14155,68.741806,-94.291336,66
105.36421,71.68693,-91.740944,65
105.57876,74.60667,-89.46753,72
105.7887,77.507996,-87.34648,73
105.99298,80.39074,-85.41769,79
106.201195,83.26791,-83.32651,74
106.413795,86.13884,-81.05237,73
106.6342,89.00564,-78.465515,75
106.855125,91.85935,-75.8358,74
107.0665,94.69137,-73.54787,92
107.274055,97.50859,-71.3868,102
107.47942,100.312965,-69.292595,93
107.67559,103.1014,-67.53922,83
107.786606,105.843925,-69.098274,126
107.94392,108.60952,-68.86345,120
108.11319,111.37643,-68.15885,116
108.21718,114.13163,-70.04767,45
108.36142,116.897446,-70.357086,45
108.53391,119.662445,-69.53974,47
108.71367,122.42175,-68.42634,93
108.88396,125.17819,-67.69309,110
109.04442,127.93496,-67.358925,119
109.21494,130.685,-66.615585,119
109.38432,133.43202,-65.91641,131
109.56779,136.1651,-64.62996,95
109.76632,138.8785,-62.70474,98
109.9571,141.58937,-61.089508,111
110.14047,144.30005,-59.77677,126
110.31551,147.01428,-58.812603,117
110.486206,149.72964,-58.030636,113
110.644936,152.459,-57.765903,142
110.79917,155.19493,-57.701145,141
110.96096,157.91852,-57.313114,133
111.137276,160.61415,-56.288795,99
111.32931,163.27386,-54.561386,68
111.520584,165.92607,-52.8524,64
111.70423,168.5867,-51.476345,59
111.86638,171.29135,-51.062305,84
112.01007,174.04147,-51.495747,98
112.137375,176.83914,-52.69585,95
112.2868,179.58398,-52.89938,68
112.4746,182.21907,-51.328663,73
112.626434,184.95699,-51.432457,97
112.76059,187.75443,-52.382336,96
112.90468,190.5262,-52.88363,90
113.06738,193.23738,-52.5094,56
113.24425,195.89612,-51.458443,48
113.42299,198.54292,-50.310543,56
113.59957,201.19308,-49.262417,73
113.763565,203.89087,-48.829075,80
113.91321,206.65016,-49.11359,77
114.05543,209.44714,-49.785454,69
114.18323,212.31819,-51.20537,79
114.286064,215.32207,-53.92818,42
114.31128,218.7357,-60.68195,32
114.29571,222.41017,-69.6605,29
114.28259,226.13693,-78.66539,42
114.308235,229.71507,-85.792305,56
114.407005,232.92741,-89.17614,77
114.53347,236.00323,-91.15139,75
114.672264,239.02094,-92.50704,79
114.82017,241.99416,-93.40307,76
114.97102,244.9582,-94.16609,83
115.11694,247.96428,-95.22582,77
115.25306,251.04951,-96.86083,89
115.39899,254.08058,-97.98614,77
115.54588,257.11676,-99.08948,86
115.70043,260.10718,-99.78776,114
115.855736,263.10052,-100.46571,108
116.00791,266.12817,-101.35164,123
101.50673,-32.583256,-81.883965,16
101.120285,-30.993704,-101.527435,15
100.65716,-29.61842,-123.92937,15
101.97067,-19.468426,-90.98716,15
104.752785,-4.690093,-6.573699,16
104.65014,-1.959031,-16.86074,15
105.29997,2.708933,0.183165,15
101.97018,-5.648321,-121.2968,15
100.794266,-7.627058,-166.34396,15
98.212845,-14.510283,-259.6525,15
100.93421,-2.149999,-172.54268,17
101.76984,3.268591,-149.38403,23
101.45257,4.660413,-165.80632,15
95.96517,-9.599946,-365.03458,15
100.54355,10.72285,-217.51004,17
99.187325,10.646558,-274.43655,16
103.630196,28.990324,-128.26709,18
101.9142,26.736465,-195.51736,17
103.85104,34.624264,-131.56953,16
105.51674,43.932915,-82.25195,17
105.02144,47.682743,-111.57203,16
105.29331,50.838284,-107.219505,18
105.49285,53.813972,-105.52036,18
105.737495,58.147747,-104.998856,17
105.96558,61.161007,-102.19869,20
106.21156,64.193245,-98.69438,21
106.41616,67.133766,-96.736404,28
106.63882,70.094376,-94.06872,46
106.86315,73.043724,-91.31311,61
107.07448,75.95915,-89.036865,70
107.27697,78.8501,-87.08544,68
107.48137,81.73317,-85.04265,73
107.684654,84.60397,-83.02801,79
107.90255,87.48049,-80.41476,75
108.12113,90.34399,-77.751785,70
108.33929,93.193146,-75.08139,77
108.54588,96.018845,-72.8526,95
108.7528,98.833,-70.592064,101
108.95986,101.63533,-68.305016,99
109.10162,104.39237,-68.68075,85
109.23967,107.149605,-69.221214,135
109.41576,109.9207,-68.193474,108
109.557396,112.67988,-68.6016,85
109.689,115.44035,-69.44487,50
109.849396,118.20433,-69.08654,45
110.0076,120.9668,-68.82579,130
110.18331,123.72345,-67.81725,101
110.343605,126.48072,-67.46998,109
110.506485,129.2351,-67.01456,114
110.68046,131.98058,-66.07745,120
110.84932,134.7251,-65.36079,106
111.04323,137.44476,-63.535713,96
111.235466,140.15642,-61.768707,100
111.42027,142.8671,-60.322342,110
111.59928,145.57738,-59.124958,118
111.76932,148.2939,-58.329792,117
111.93455,151.01384,-57.752647,109
112.09197,153.74408,-57.537704,128
112.24659,156.47896,-57.457386,126
112.40918,159.19946,-57.014668,125
112.58718,161.88725,-55.85011,91
112.77636,164.54521,-54.15109,72
112.96958,167.18497,-52.244633,60
113.14055,169.86916,-51.3894,70
113.281715,172.62701,-51.973824,96
113.420906,175.39542,-52.67313,114
113.54831,178.2039,-53.97171,114
113.72737,180.86472,-52.746662,77
113.89302,183.5626,-52.182438,84
114.04057,186.31952,-52.527878,90
114.18523,189.09085,-53.03716,100
114.34485,191.81224,-52.801624,71
114.51542,194.49199,-52.011036,58
114.68339,197.17938,-51.356327,61
114.852875,199.85818,-50.622185,74
115.025,202.523,-49.74975,64
115.18757,205.22765,-49.38161,60
115.327576,208.03857,-50.22378,72
115.46217,210.88422,-51.38293,72
115.57826,213.83456,-53.57897,44
115.63623,217.10905,-59.00538,31
115.642204,220.7082,-67.4055,30
115.6449,224.38808,-76.14293,42
115.662766,228.04468,-84.19288,50
115.75058,231.3385,-88.43252,74
115.879166,234.41069,-90.42795,74
116.01314,237.46614,-92.163086,72
116.15966,240.45383,-93.21356,89
116.30767,243.44238,-94.207466,87
116.454185,246.45265,-95.32226,78
116.60004,249.47974,-96.5103,82
116.741486,252.5529,-97.99923,85
116.894394,255.5518,-98.83295,88
117.04934,258.5445,-99.57009,94
117.20567,261.53534,-100.24975,102
117.36158,264.5392,-100.98324,116
117.51487,267.5758,-101.90963,126
100.761986,-37.03295,-167.3573,15
101.11694,-33.070526,-160.71896,15
102.18604,-25.977325,-129.60222,15
103.03763,-19.963663,-105.662254,15
105.56961,-6.855254,-23.486994,15
106.58181,-0.49318,6.768291,15
106.6499,1.833136,4.410449,15
107.64569,8.936033,32.205284,15
103.24349,-5.273139,-130.52892,15
101.76522,-7.32699,-191.50508,15
102.86033,-0.732231,-158.15038,17
103.28361,3.26629,-148.6449,20
102.97083,5.838118,-168.58417,16
100.945,1.353311,-248.30533,16
102.08031,10.491969,-219.17363,17
99.657135,5.368299,-315.1247,15
104.93487,32.198235,-143.08762,17
105.52187,36.371983,-126.78072,20
105.85615,39.78706,-119.96339,17
105.89615,42.40012,-124.38624,17
106.47694,47.647247,-110.93994,17
105.988525,50.288727,-139.0541,16
107.14642,58.02682,-105.82229,18
107.39572,61.094044,-102.03,21
107.62143,64.09549,-99.14251,24
107.8439,67.07597,-96.35719,27
108.04725,70.00781,-94.3201,42
108.26005,72.944824,-91.87982,56
108.46473,75.8561,-89.750626,67
108.669495,78.75629,-87.59794,67
108.86824,81.63671,-85.67527,71
109.0713,84.51243,-83.5574,81
109.286224,87.391014,-80.923355,81
109.49657,90.25088,-78.45825,70
109.71422,93.10494,-75.65937,72
109.92037,95.93439,-73.32478,94
110.126755,98.751724,-70.95837,101
110.33068,101.55504,-68.67508,72
110.47744,104.31538,-68.85552,79
110.61812,107.073784,-69.31086,122
110.79164,109.84469,-68.333855,110
110.93543,112.60444,-68.671486,87
111.0616,115.3644,-69.80433,101
111.225525,118.129135,-69.26888,98
111.37395,120.89345,-69.43314,139
111.55901,123.64877,-67.9438,84
111.7217,126.40515,-67.46718,115
111.88193,129.16055,-67.10696,111
112.05562,131.90562,-66.12664,120
112.22555,134.64867,-65.31701,108
112.416275,137.36896,-63.528645,98
112.60564,140.08125,-61.790215,101
112.78937,142.79109,-60.306152,104
112.966255,145.50209,-59.139027,119
113.13446,148.21979,-58.383953,110
113.30095,150.93677,-57.71279,110
113.46062,153.66254,-57.37554,114
113.6155,156.39638,-57.281677,117
113.773155,159.12515,-57.058006,119
113.94339,161.8267,-56.21104,100
114.12944,164.48807,-54.565002,90
114.32144,167.12619,-52.6021,61
114.48989,169.81541,-51.827408,65
114.63414,172.5684,-52.301956,88
114.77307,175.34157,-53.073402,109
114.90466,178.14384,-54.25201,112
115.07326,180.83481,-53.50561,97
115.23923,183.53189,-52.89839,92
115.39297,186.27092,-52.950684,91
115.54141,189.03227,-53.302513,85
115.704384,191.74077,-52.88047,68
115.87487,194.41756,-52.04808,57
116.034134,197.13951,-51.838734,62
116.20067,199.8297,-51.23151,66
116.371574,202.49771,-50.378902,56
116.53575,205.19525,-49.90907,75
116.67801,208.0031,-50.7026,59
116.80449,210.90213,-52.438293,49
116.92548,213.84625,-54.54035,39
116.993454,217.1088,-59.82213,27
117.00949,220.71779,-68.30749,33
116.9893,224.6119,-79.13915,40
117.05238,228.06169,-85.13501,54
117.15357,231.30948,-88.92463,73
117.2852,234.3826,-90.91899,72
117.42233,237.43555,-92.62298,73
117.570656,240.4237,-93.66835,86
117.71922,243.4215,-94.732506,81
117.86795,246.43024,-95.825066,70
118.01476,249.46635,-97.07746,94
118.163605,252.49962,-98.23907,67
118.31777,255.50032,-99.08363,89
118.47732,258.4651,-99.60438,101
118.634514,261.45923,-100.308975,113
118.791855,264.46167,-101.03306,118
118.9466,267.49957,-101.96924,116
105.25877,-27.06058,-51.70473,15
102.17059,-37.652496,-171.3772,15
102.95324,-31.622612,-149.18669,15
102.786224,-30.09165,-160.78912,16
103.016815,-26.70025,-158.19733,15
107.73575,0.874441,-3.103869,15
107.49857,3.995012,-21.965197,14
104.710144,-5.360229,-130.63213,15
104.47372,-2.781541,-148.16199,15
104.72484,1.79201,-147.59552,29
105.300934,6.385629,-131.72813,15
103.10472,0.624421,-221.32431,16
103.80889,5.769063,-200.78271,16
104.75928,11.694795,-170.54207,15
102.306755,5.711728,-271.74338,17
102.37085,10.040497,-279.50998,16
105.63566,25.930344,-164.58315,17
106.503174,32.382137,-139.64671,19
107.01135,36.381603,-125.603745,19
106.779915,38.209763,-141.1807,17
107.38174,42.40381,-123.2043,17
108.010956,49.063152,-110.16987,17
108.37275,54.958927,-107.93442,17
108.61545,58.038227,-104.22873,17
108.729126,60.816547,-105.89605,20
108.98741,63.903576,-101.489494,33
109.232796,66.942924,-97.58321,35
109.444176,69.898346,-95.08796,41
109.64728,72.825966,-92.92402,59
109.85902,75.75668,-90.368256,62
110.060165,78.65741,-88.24686,68
110.26095,81.54639,-86.122574,73
110.47543,84.442825,-83.37648,84
110.675026,87.306305,-81.26134,76
110.8743,90.158226,-79.143036,70
111.087074,93.01297,-76.39799,71
111.29163,95.84581,-73.99542,85
111.49695,98.66664,-71.53698,91
111.701614,101.47416,-69.08313,82
111.852165,104.23752,-69.09812,78
111.99407,106.99671,-69.52279,109
112.163734,109.76731,-68.6675,102
112.30933,112.52812,-68.940285,89
112.42736,115.28771,-70.530136,81
112.584175,118.05451,-70.30234,104
112.74506,120.81952,-69.886475,101
112.93713,123.57351,-67.96718,84
113.09415,126.332,-67.736305,110
113.25763,129.086,-67.195526,111
113.427185,131.83324,-66.35617,110
113.59822,134.57512,-65.442,106
113.788086,137.29437,-63.580868,102
113.97532,140.00673,-61.837074,96
114.157074,142.71675,-60.35631,113
114.33427,145.4254,-59.096565,115
114.50182,148.14252,-58.32777,106
114.667725,150.8589,-57.644657,108
114.82851,153.58163,-57.228962,110
114.9839,156.31386,-57.104855,112
115.13954,159.04591,-56.97602,112
115.303246,161.75992,-56.42534,107
115.481995,164.43483,-55.063896,85
115.668564,167.08223,-53.265045,61
115.837975,169.76825,-52.39423,62
115.98955,172.50342,-52.51015,90
116.13115,175.27226,-53.19812,110
116.27435,178.04176,-53.818428,113
116.43064,180.77145,-53.720623,101
116.5924,183.48227,-53.31994,94
116.748215,186.21544,-53.269245,90
116.90158,188.96037,-53.374527,86
117.06113,191.68187,-53.1313,63
117.23362,194.3465,-52.128025,62
117.39124,197.07579,-52.01262,54
117.55391,199.78236,-51.605072,53
117.72458,202.44807,-50.713615,43
117.88411,205.169,-50.508286,67
118.02989,207.96642,-51.167267,74
118.14805,210.92867,-53.587852,34
118.263985,213.92426,-56.211945,30
118.339195,217.19237,-61.510193,27
118.35893,220.85634,-70.51421,40
118.36365,224.68898,-80.69215,42
118.44976,228.04224,-85.72622,53
118.55518,231.29929,-89.59165,77
118.69073,234.36725,-91.52539,72
118.83135,237.415,-93.170906,72
118.98109,240.4072,-94.2409,82
119.13176,243.40381,-95.28374,85
119.28015,246.43205,-96.52839,80
119.4318,249.44571,-97.584564,75
119.58815,252.42957,-98.34389,76
119.74134,255.4532,-99.36667,92
119.90194,258.41843,-99.886734,103
120.06154,261.4022,-100.50986,110
120.21964,264.41098,-101.27752,117
120.37762,267.43216,-102.090706,118
105.17197,-34.657497,-105.32935,16
107.14212,-22.45859,-37.950138,16
104.35137,-33.32102,-149.9683,16
103.82959,-33.61558,-175.41151,15
104.095825,-28.837303,-174.4302,15
105.70739,-18.889145,-119.27356,16
106.3318,-10.427124,-109.91425,15
105.69144,-7.547436,-149.68819,16
106.14715,0.251806,-147.2027,22
106.21477,2.897255,-150.75867,17
105.46463,4.803272,-193.62889,15
105.887535,10.15175,-186.43672,15
103.698204,4.668611,-282.44226,18
106.327774,16.76232,-181.74594,16
107.08037,25.630949,-167.33122,17
107.225235,28.623762,-167.99791,18
108.27191,34.460068,-130.67444,20
108.66395,38.126366,-120.66352,20
109.35178,42.62255,-97.92428,17
109.315544,47.39008,-112.57821,17
109.51282,50.39703,-110.69451,18
109.767136,54.78357,-109.65982,16
110.01727,57.897373,-105.41218,18
110.15336,60.725533,-106.18124,19
110.37768,63.75151,-103.025635,27
110.60687,66.77171,-99.61733,39
110.83026,69.763,-96.43589,48
111.0356,72.70384,-94.04215,52
111.24473,75.63897,-91.45132,63
111.448425,78.55157,-89.08415,65
111.6562,81.458145,-86.50537,79
111.869225,84.35899,-83.65323,74
112.057274,87.211624,-81.947784,69
112.25114,90.06225,-79.95231,68
112.45593,92.9144,-77.41613,64
112.66247,95.75503,-74.76993,75
112.8639,98.57742,-72.34327,86
113.071,101.39129,-69.6165,79
113.22416,104.15755,-69.5057,72
113.36725,106.91803,-69.90028,104
113.53708,109.690056,-68.98029,89
113.68617,112.45231,-69.09479,99
113.80169,115.21164,-70.91834,62
113.94721,117.97971,-71.25155,87
114.12485,120.74432,-69.95508,71
114.31014,123.49982,-68.25476,84
114.469505,126.25783,-67.88793,98
114.63252,129.01202,-67.33454,109
114.80132,131.75943,-66.48076,104
114.975235,134.49803,-65.35012,97
115.16274,137.21701,-63.486225,96
115.34607,139.93108,-61.83015,95
115.52474,142.64261,-60.412918,97
115.70054,145.35112,-59.14356,112
115.869026,148.06523,-58.26993,103
116.03212,150.78496,-57.695713,104
116.193214,153.50633,-57.23833,109
116.349655,156.23602,-57.049877,114
116.50557,158.96701,-56.90017,111
116.66443,161.6912,-56.592674,116
116.83599,164.38118,-55.553123,99
117.01645,167.04102,-53.98484,73
117.186386,169.72452,-53.02781,68
117.34501,172.43983,-52.74416,89
117.49077,175.19868,-53.2454,103
117.63903,177.95366,-53.618427,99
117.793144,180.6909,-53.654186,106
117.94761,183.42885,-53.681324,90
118.1044,186.15948,-53.579525,75
118.26146,188.89052,-53.474762,87
118.42327,191.60115,-53.078575,58
118.588715,194.29395,-52.45464,51
118.75192,196.99644,-51.98295,67
118.90464,199.7533,-52.20525,57
119.079865,202.39076,-50.953545,62
119.23503,205.1369,-51.037895,49
119.36957,208.0096,-52.53801,47
119.49528,210.95096,-54.69197,40
119.60636,214.00546,-57.918636,28
119.698784,217.21228,-62.53692,28
119.69304,221.14195,-74.21381,34
119.745026,224.7449,-82.036224,53
119.84533,228.04794,-86.5585,57
119.959,231.28545,-90.22397,73
120.09414,234.38159,-92.40292,81
120.23911,237.41676,-93.91751,79
120.39134,240.40497,-94.93693,82
120.54211,243.41847,-96.11011,76
120.69524,246.42386,-97.14755,79
120.8502,249.42445,-98.0859,71
121.00746,252.41437,-98.884415,99
121.1668,255.39406,-99.555145,99
121.32617,258.38348,-100.25733,97
121.48753,261.3622,-100.836655,99
121.64812,264.35898,-101.51154,104
121.8099,267.3529,-102.12524,109
105.192665,-37.97911,-172.64462,15
105.22374,-35.547897,-177.69089,16
103.92168,-39.94127,-235.56258,15
105.705574,-28.512241,-171.25299,15
106.51128,-22.208572,-145.3815,16
107.73054,-13.987761,-102.58158,16
107.188995,-13.296091,-133.68481,15
106.72242,-12.071357,-162.25613,16
106.943085,-7.569015,-162.95729,15
106.787415,-5.91139,-176.0076,15
107.63762,0.174299,-147.2046,23
107.84377,3.391578,-145.12384,15
105.93898,-0.95155,-235.79402,16
107.54916,8.111784,-174.36476,16
106.76967,7.467303,-214.69061,15
105.574005,5.385055,-273.46323,17
108.59029,21.85012,-157.01767,16
108.46145,23.838928,-169.65898,17
108.63729,26.942762,-168.99281,17
108.92646,30.425943,-163.2815,18
110.23885,38.449104,-115.13384,19
111.44734,44.666447,-67.458824,17
110.62835,45.716,-114.89486,17
111.128204,52.04472,-106.026665,19
111.19164,54.676605,-110.19324,16
111.56362,59.35536,-103.55242,18
111.684586,62.140854,-105.069855,19
111.89452,65.13696,-102.3776,27
112.109055,68.12932,-99.43662,42
112.32083,71.10097,-96.59643,39
112.5256,74.044266,-94.066795,41
112.73371,76.98069,-91.34569,47
112.94049,79.900734,-88.66279,61
113.14473,82.802864,-86.0751,69
113.3423,85.68161,-83.794685,71
113.534325,88.54086,-81.768616,69
113.72964,91.3935,-79.557465,66
113.93174,94.24215,-76.97603,59
114.13055,97.0741,-74.53533,79
114.336494,99.899445,-71.69766,76
114.532234,102.70249,-69.363045,71
114.66811,105.457535,-70.15462,88
114.827484,108.227264,-69.72165,88
114.98946,110.99539,-69.15378,90
115.13051,113.75661,-69.71682,76
115.240295,116.5194,-71.99797,55
115.39892,119.28941,-71.65256,63
115.59481,122.04846,-69.25676,75
115.76246,124.80602,-68.405945,93
115.92663,127.56118,-67.74921,98
116.09056,130.31322,-67.10674,104
116.26405,133.05399,-65.921776,93
116.44525,135.7809,-64.28713,89
116.625404,138.50043,-62.69769,96
116.80473,141.21274,-61.142097,98
116.97999,143.92314,-59.81404,103
117.1499,146.63568,-58.79365,107
117.3144,149.3534,-58.095646,99
117.47462,152.07666,-57.656853,99
117.63308,154.80241,-57.332806,100
117.79007,157.53091,-57.106842,106
117.94609,160.2619,-56.95174,107
118.105156,162.98502,-56.619263,112
118.279945,165.66086,-55.296722,95
118.45496,168.3294,-53.951286,68
118.62001,171.02467,-53.238136,65
118.77185,173.7644,-53.390118,108
118.92532,176.50078,-53.45241,102
119.07944,179.23708,-53.490425,87
119.229164,181.99416,-53.84035,86
119.383965,184.73322,-53.869793,89
119.54269,187.45639,-53.646465,78
119.70216,190.17683,-53.38416,73
119.8657,192.87692,-52.84732,65
120.02123,195.61917,-52.885933,55
120.18122,198.33919,-52.623375,59
120.33975,201.0686,-52.47734,48
120.4984,203.79912,-52.337563,60
120.65049,206.5737,-52.699207,54
120.790565,209.43436,-53.987717,46
120.90594,212.47968,-57.193554,35
120.99112,215.77136,-62.80763,30
121.07334,219.13177,-68.80381,39
121.08057,223.13051,-80.85023,43
121.17456,226.51984,-86.31607,50
121.295425,229.7294,-89.780846,54
121.42989,232.85078,-92.241974,63
121.57447,235.90427,-93.954796,61
121.72541,238.91603,-95.202576,72
121.87927,241.91345,-96.25436,58
122.034485,244.91052,-97.24015,74
122.190575,247.91164,-98.2008,68
122.34794,250.91142,-99.09449,98
122.507935,253.89423,-99.80054,94
122.66992,256.86456,-100.36745,98
122.83202,259.84387,-100.963715,96
122.99612,262.8086,-101.41373,94
123.15855,265.8044,-102.05835,109
108.012085,-36.06722,-103.928474,15
107.78443,-34.24387,-122.46937,15
106.462074,-39.50457,-183.35672,15
106.11525,-39.166245,-204.42242,15
105.48403,-39.107025,-241.13388,16
107.548294,-24.670706,-164.56537,16
109.15996,-13.016676,-105.94819,15
109.014366,-11.600856,-118.627594,16
107.95867,-14.65145,-170.73386,16
107.12215,-16.427261,-213.9554,15
108.617195,-5.727665,-159.32317,15
109.01346,0.720556,-155.75108,16
107.465225,-1.388801,-239.41675,15
107.98538,3.362683,-223.56833,16
107.78659,5.030644,-240.21428,16
109.50963,17.056767,-176.5085,16
109.97931,21.334055,-162.2084,16
110.07568,24.127537,-165.14378,16
110.33514,28.757557,-164.21875,18
111.14497,35.30474,-137.10176,18
112.396774,41.988297,-84.62501,17
112.06819,43.234467,-107.665436,17
112.20215,48.465134,-116.038956,17
112.65524,53.461163,-105.07169,17
112.77099,56.226254,-106.91172,17
112.98094,59.251755,-104.06626,19
113.14167,62.136013,-103.672386,18
113.32124,65.06351,-102.323494,23
113.5167,68.02065,-100.15128,42
113.71747,70.97826,-97.68347,47
113.92792,73.94351,-94.68478,41
114.132744,76.882355,-91.94644,45
114.33337,79.79941,-89.39604,58
114.5295,82.69547,-87.05829,64
114.72287,85.57494,-84.842766,65
114.9164,88.44311,-82.59347,64
115.107834,91.29672,-80.43485,67
115.304924,94.145805,-77.94366,62
115.50446,96.98455,-75.28821,65
115.70626,99.81157,-72.4758,70
115.90075,102.6182,-70.040016,66
116.04377,105.37879,-70.4893,82
116.20107,108.1486,-70.14188,90
116.362595,110.91791,-69.55769,79
116.5072,113.68062,-69.958626,79
116.621315,116.44386,-72.16229,56
116.768875,119.21536,-72.44375,64
116.96329,121.97622,-69.95504,62
117.132095,124.73464,-68.97238,83
117.299164,127.48907,-68.093094,98
117.46259,130.24185,-67.4356,99
117.635185,132.98291,-66.21259,89
117.81538,135.70941,-64.510025,87
117.99465,138.42809,-62.849586,97
118.17022,141.14345,-61.406666,94
118.34329,143.85536,-60.111755,99
118.512726,146.56729,-59.041992,104
118.676636,149.28511,-58.32832,107
118.83739,152.00684,-57.825336,90
118.99333,154.73811,-57.645397,92
119.14985,157.46823,-57.4407,105
119.30689,160.19696,-57.21175,105
119.46399,162.92574,-56.99428,108
119.63254,165.61772,-55.996136,95
119.80347,168.29678,-54.825832,71
119.96933,170.98886,-54.007988,84
120.123825,173.72188,-54.001633,105
120.28151,176.44366,-53.78237,107
120.43964,179.16414,-53.545113,100
120.5953,181.89679,-53.50426,82
120.749664,184.63757,-53.575306,73
120.90113,187.39626,-53.88698,79
121.06217,190.10814,-53.496094,91
121.21902,192.84346,-53.436825,77
121.37113,195.60927,-53.767197,63
121.533806,198.31471,-53.2905,70
121.687454,201.07831,-53.54451,55
121.84942,203.7902,-53.150555,58
121.998055,206.59714,-53.86234,41
122.14508,209.42473,-54.747707,54
122.25945,212.515,-58.425102,31
122.34841,215.84198,-64.38335,30
122.39644,219.56404,-74.06289,31
122.45751,223.25327,-82.880585,39
122.5684,226.565,-87.54163,45
122.69729,229.74893,-90.735115,52
122.83772,232.85,-92.98772,59
122.98571,235.89761,-94.63132,72
123.13771,238.92136,-95.97141,63
123.2945,241.90828,-96.916504,60
123.45266,244.89267,-97.78264,75
123.60979,247.90227,-98.80297,77
123.76933,250.89632,-99.638725,88
123.93057,253.88142,-100.353264,86
124.09414,256.84772,-100.87835,98
124.258804,259.80942,-101.33261,86
124.42385,262.77524,-101.78507,98
124.58877,265.75305,-102.29254,107
109.224075,-37.524513,-113.67947,15
108.43608,-39.175076,-157.69193,16
106.999466,-44.387512,-230.9385,16
107.00524,-40.906876,-241.7283,15
108.73789,-27.675596,-175.634,15
109.85473,-17.13466,-139.5372,15
109.6103,-12.934842,-168.47543,15
109.41495,-11.680121,-184.82611,15
109.90212,-6.924785,-169.65138,15
110.37937,-1.15197,-158.43246,16
109.553795,-2.839167,-204.89934,16
109.04836,-2.833873,-236.75441,16
109.23557,1.727211,-239.91356,15
109.84596,6.943928,-218.57164,16
110.29764,11.377399,-204.67744,16
112.02735,22.349207,-131.71642,15
111.443665,22.265785,-168.3022,16
111.749344,25.898266,-161.02887,16
111.84006,28.65901,-164.4629,17
111.94429,31.483479,-167.27081,17
113.07053,39.261963,-121.968376,17
113.39596,46.35452,-125.10639,16
113.97791,51.85148,-106.709335,17
114.159874,54.81488,-105.15438,17
114.2163,57.399925,-110.29652,17
114.47028,60.564816,-104.88611,18
114.66722,63.549515,-102.49864,22
114.84675,66.477,-101.037285,30
115.0189,69.37838,-99.96904,39
115.221436,72.34429,-97.2064,47
115.4264,75.30149,-94.27399,54
115.62317,78.22687,-91.768616,60
115.82045,81.14028,-89.206406,61
116.01289,84.03192,-86.88903,60
116.20529,86.91139,-84.54927,64
116.39305,89.77172,-82.451454,61
116.58095,92.62121,-80.324844,64
116.77496,95.46715,-77.80857,55
116.97307,98.30439,-75.02,61
117.17836,101.13391,-71.758865,68
117.3438,103.91545,-70.8809,65
117.493004,106.68204,-70.99867,93
117.65335,109.4542,-70.44211,76
117.808754,112.22176,-70.19786,77
117.94722,114.98562,-71.03149,64
118.06059,117.75448,-73.492,60
118.24416,120.52293,-71.50237,53
118.41679,123.28485,-70.201836,69
118.58645,126.04163,-69.085236,88
118.75191,128.79568,-68.24031,100
118.918785,131.54414,-67.29955,93
119.095184,134.27756,-65.71426,81
119.27686,136.99583,-63.75487,93
119.45048,139.71556,-62.325684,99
119.62171,142.43193,-61.051334,86
119.79179,145.14395,-59.849697,95
119.95554,147.86313,-59.08873,98
120.116234,150.58589,-58.54722,102
120.27473,153.31223,-58.172516,91
120.431435,156.04247,-57.938084,92
120.587425,158.77481,-57.77009,102
120.744125,161.50542,-57.565456,102
120.90275,164.22977,-57.228558,100
121.071,166.91849,-56.168,87
121.23592,169.61513,-55.3589,71
121.39618,172.32793,-54.916,71
121.556206,175.04086,-54.500862,103
121.715996,177.75438,-54.11599,99
121.8762,180.46562,-53.710472,92
122.0357,183.1801,-53.372555,78
122.18504,185.95116,-53.895508,72
122.33907,188.70107,-54.05587,73
122.49763,191.42723,-53.85706,67
122.64738,194.21155,-54.437504,56
122.80735,196.93417,-54.160877,56
122.96498,199.6743,-54.10652,96
123.11591,202.46713,-54.67819,49
123.273285,205.21767,-54.701454,56
123.41429,208.10501,-56.2655,35
123.54901,211.06201,-58.49144,29
123.64861,214.35274,-64.157585,25
123.74885,217.68768,-69.954315,27
123.796326,221.58548,-81.1373,35
123.905304,224.96158,-86.55485,47
124.03453,228.17535,-90.11487,42
124.17607,231.28987,-92.547905,66
124.32057,234.39699,-94.77802,63
124.47316,237.43283,-96.24908,67
124.63107,240.42166,-97.224724,62
124.789116,243.42264,-98.2444,69
124.94952,246.40736,-99.06774,72
125.10943,249.41237,-100.005844,94
125.272484,252.38652,-100.6421,85
125.43752,255.34264,-101.09599,86
125.603546,258.2942,-101.48135,88
125.770096,261.2474,-101.84941,93
125.935616,264.228,-102.389595,104
126.10137,267.21652,-102.95221,111
110.36944,-38.579582,-131.12782,16
109.67548,-39.918728,-173.77588,16
108.37297,-45.918533,-241.75641,16
108.82192,-39.787212,-232.4648,15
109.9663,-28.469345,-193.82388,15
109.101845,-31.309914,-242.9777,15
112.15573,-10.424565,-107.36217,15
111.156845,-13.956365,-163.32326,15
111.10892,-10.924612,-177.30325,16
111.47178,-5.630146,-171.15381,15
111.70734,-2.156995,-167.30858,15
111.06321,-3.213511,-207.77563,15
109.84268,-5.768615,-282.5183,15
110.61486,1.736049,-256.24484,15
112.07841,11.128633,-189.20506,16
113.01561,20.10942,-156.94728,15
112.82733,21.60451,-175.30347,16
113.27904,25.92142,-159.75354,16
113.13282,27.670143,-176.15912,17
113.795654,36.345848,-161.90668,17
113.973854,39.44132,-160.87294,18
114.21687,42.767956,-156.22186,16
115.50361,53.270485,-105.72452,18
115.67352,56.197468,-104.72255,20
115.63014,58.45525,-116.029976,15
115.95777,61.867706,-105.93759,17
116.16688,64.89566,-102.64408,20
116.35503,67.85036,-100.54744,34
116.52208,70.73962,-99.68806,35
116.71971,73.69852,-96.98298,48
116.91533,76.63902,-94.366776,52
117.11169,79.56777,-91.673256,54
117.303635,82.47387,-89.21753,58
117.49553,85.36733,-86.73186,58
117.68335,88.24093,-84.4738,60
117.87193,91.10401,-82.13874,60
118.05629,93.94898,-80.04572,60
118.24542,96.78905,-77.619606,51
118.443634,99.62649,-74.5695,60
118.63126,102.43826,-72.173615,56
118.78881,105.21439,-71.74781,69
118.94228,107.98564,-71.60092,82
119.10117,110.7582,-71.10015,70
119.2497,113.52545,-71.315155,72
119.38394,116.292816,-72.537315,59
119.52146,119.06634,-73.57448,60
119.699165,121.833435,-71.81224,53
119.87089,124.59421,-70.45652,78
120.04081,127.34909,-69.21984,87
120.205505,130.10225,-68.35677,86
120.37684,132.84383,-67.003204,81
120.55742,135.56638,-64.95126,87
120.73125,138.28813,-63.380375,96
120.90174,141.0074,-62.046875,95
121.07032,143.72354,-60.849506,86
121.23535,146.44136,-59.921337,92
121.39583,149.1658,-59.349403,91
121.55475,151.8922,-58.90984,97
121.712456,154.62068,-58.575798,87
121.8691,157.35205,-58.3445,90
122.024796,160.08675,-58.205585,97
122.18103,162.82025,-58.039143,97
122.34121,165.53897,-57.556732,93
122.50437,168.24388,-56.82847,81
122.668976,170.93964,-55.980637,68
122.828354,173.65694,-55.593307,90
122.99029,176.36081,-54.98996,85
123.151115,179.06894,-54.49437,99
123.31405,181.76416,-53.817696,64
123.47242,184.48477,-53.569164,69
123.62141,187.2665,-54.22497,69
123.77378,190.03302,-54.59963,62
123.92665,192.80193,-54.962646,60
124.08408,195.54292,-54.91522,78
124.241745,198.28517,-54.870464,70
124.394485,201.07088,-55.34872,65
124.54949,203.84459,-55.637432,47
124.69418,206.718,-57.045933,35
124.82974,209.69307,-59.496365,26
124.96323,212.71364,-62.284412,28
125.06422,216.10005,-68.774956,29
125.124954,219.98434,-80.0226,40
125.24017,223.35396,-85.49173,33
125.36772,226.63121,-89.75715,44
125.50593,229.82042,-92.95232,49
125.65417,232.91466,-95.09131,58
125.807976,235.9594,-96.66305,65
125.965996,238.96521,-97.800575,55
126.12493,241.97466,-98.90165,57
126.28639,244.96277,-99.75714,66
126.449524,247.93854,-100.45781,90
126.61495,250.88948,-100.91298,83
126.78167,253.82925,-101.24593,79
126.94747,256.79617,-101.76017,86
127.11477,259.74728,-102.11903,84
127.28176,262.71555,-102.57631,103
127.449,265.69128,-103.05628,106
110.9525,-44.77341,-174.60757,16
112.191246,-34.336323,-121.510735,15
109.93547,-46.385857,-244.62221,15
110.327866,-40.52989,-237.54265,15
110.482635,-37.337055,-238.13788,15
112.146515,-24.592245,-162.05069,16
113.50994,-12.019356,-107.90656,15
112.70141,-14.899893,-157.6212,15
112.739975,-12.557012,-163.76863,15
113.70604,-4.764895,-121.16504,16
112.95549,-7.013342,-169.00746,15
113.124146,-3.886495,-168.4412,15
112.1419,-5.99897,-234.33557,16
111.97411,-4.571012,-252.58376,15
110.88,-7.975872,-321.9321,15
116.40614,27.172407,-42.037876,16
114.33606,20.296633,-171.67416,15
114.96788,27.836355,-153.65991,18
114.80027,29.396591,-172.57793,18
115.33942,35.254005,-154.99808,17
115.44172,39.212395,-163.04977,19
115.74403,42.803864,-154.46877,20
116.746735,50.18874,-107.89334,15
116.86375,52.9374,-110.0624,17
117.144295,56.26688,-102.149414,27
117.25212,60.1596,-109.69036,16
117.499176,63.334774,-103.74798,17
117.653564,66.201775,-103.636604,20
117.85717,69.20873,-100.35862,36
118.02316,72.09655,-99.48548,32
118.21418,75.04384,-96.96465,48
118.407646,77.98436,-94.24657,49
118.59974,80.90801,-91.58288,52
118.7893,83.81273,-89.05491,52
118.97612,86.69911,-86.680534,53
119.16441,89.57598,-84.17161,57
119.34323,92.42446,-82.28836,58
119.52178,95.26264,-80.40201,53
119.71094,98.10469,-77.73951,43
119.90669,100.94037,-74.56575,55
120.08447,103.74276,-72.64756,58
120.2367,106.51582,-72.57517,78
120.391884,109.28991,-72.30201,72
120.5472,112.06241,-72.030525,63
120.68921,114.83104,-72.77875,66
120.82516,117.6037,-74.02452,66
120.97924,120.37912,-73.914764,53
121.152176,123.14598,-72.34699,66
121.32707,125.90333,-70.607414,82
121.494415,128.65799,-69.45136,84
121.65961,131.40909,-68.46446,80
121.836,134.1404,-66.55606,84
122.01415,136.85875,-64.47504,90
122.18259,139.58333,-63.182167,96
122.350914,142.30147,-61.886066,90
122.51539,145.02184,-60.914192,82
122.67758,147.74333,-60.13801,88
122.83618,150.47153,-59.682262,92
122.99363,153.20187,-59.340492,89
123.14979,155.936,-59.131992,93
123.304535,158.67567,-59.072296,86
123.460754,161.41086,-58.89697,88
123.618324,164.1411,-58.615494,92
123.77958,166.85464,-57.998253,84
123.940834,169.56613,-57.38819,81
124.10279,172.27203,-56.716496,83
124.26379,174.98117,-56.149914,94
124.427086,177.6753,-55.360317,80
124.58674,180.38951,-54.951336,99
124.74849,183.08934,-54.334373,75
124.9057,185.8201,-54.21543,61
125.05691,188.5979,-54.771202,68
125.210464,191.36472,-55.11555,48
125.36273,194.14862,-55.64886,62
125.518616,196.90892,-55.822384,67
125.67085,199.70749,-56.44851,58
125.82465,202.50055,-56.951073,42
125.97676,205.31947,-57.71023,41
126.11883,208.25728,-59.763786,28
126.257545,211.25516,-62.34525,28
126.381935,214.45128,-66.89538,31
126.45781,218.29764,-77.97378,28
126.567505,221.81157,-85.05413,42
126.69925,225.09644,-89.47556,42
126.84033,228.29652,-92.83534,50
126.988365,231.43127,-95.39583,57
127.14359,234.4853,-97.07477,63
127.30234,237.50423,-98.34322,59
127.46288,240.51283,-99.446686,62
127.62668,243.48096,-100.13888,65
127.790634,246.46114,-100.88509,69
127.95647,249.41975,-101.40725,74
128.1239,252.358,-101.729515,79
128.292,255.29376,-102.00401,86
128.45985,258.2466,-102.38371,89
128.62804,261.20483,-102.77363,95
128.79665,264.1654,-103.15118,103
128.96516,267.14337,-103.62559,115
113.728966,-33.855408,-117.48342,15
111.85816,-44.343426,-228.75981,15
111.757286,-40.834084,-251.9633,15
113.76432,-23.957666,-156.32956,15
114.150856,-16.359364,-156.42616,15
114.29836,-13.370722,-156.87497,16
114.330574,-9.038158,-172.75047,16
114.80354,-4.027164,-154.71756,16
113.129364,-9.746097,-270.2998,16
113.32562,-6.272396,-268.8766,15
113.403755,-1.109592,-284.73938,16
117.6565,25.58997,-43.743946,16
117.04902,24.334467,-89.34735,16
116.15932,28.53665,-182.76112,17
116.78528,37.239906,-168.46906,17
117.10533,40.981003,-158.06361,17
118.06924,49.655777,-115.26505,17
118.37513,53.157772,-105.05512,16
118.55207,56.1219,-103.36662,24
118.70557,58.990772,-103.257164,17
118.8622,63.035603,-108.20305,17
119.039566,65.989365,-106.50795,17
119.27087,69.1042,-100.99223,24
119.44147,72.01122,-99.70192,35
119.61352,74.91521,-98.29644,38
119.80467,77.86259,-95.49175,49
119.99671,80.79821,-92.577126,46
120.18054,83.69999,-90.22935,47
120.36427,86.589554,-87.85622,50
120.54698,89.465,-85.52436,48
120.72404,92.31827,-83.592255,52
120.89607,95.15325,-82.02689,50
121.07875,97.99525,-79.60814,41
121.272934,100.83902,-76.24241,45
121.45545,103.65332,-73.75694,50
121.61066,106.43174,-73.44419,77
121.763794,109.20691,-73.3161,71
121.91645,111.981064,-73.24438,69
122.06299,114.753456,-73.705894,55
122.20119,117.52841,-74.910164,73
122.35207,120.30686,-75.07315,56
122.52372,123.07653,-73.45018,60
122.69844,125.835434,-71.53816,70
122.86399,128.59299,-70.42065,74
123.03061,131.34349,-69.19853,82
123.20844,134.0712,-66.940475,85
123.38372,136.79102,-64.878586,90
123.54977,139.5183,-63.659737,92
123.71626,142.23827,-62.38849,89
123.88015,144.95842,-61.359177,82
124.04064,147.68344,-60.66333,76
124.19749,150.41714,-60.338657,88
124.35338,153.15369,-60.127613,88
124.50928,155.89056,-59.938213,78
124.66431,158.6316,-59.861614,79
124.81914,161.37506,-59.833508,82
124.97787,164.10152,-59.414593,80
125.13679,166.82613,-58.98587,81
125.2962,169.54778,-58.52571,84
125.45819,172.25296,-57.785164,78
125.61929,174.96129,-57.15352,83
125.78335,177.64781,-56.18865,74
125.94242,180.3663,-55.815197,74
126.103355,183.07056,-55.231804,72
126.263504,185.78061,-54.76608,49
126.4148,188.5675,-55.434708,63
126.56635,191.36134,-56.133793,63
126.71965,194.14806,-56.669727,49
126.87432,196.9289,-57.076862,59
127.02768,199.73242,-57.72502,52
127.18385,202.51352,-58.042564,50
127.33399,205.37561,-59.27805,38
127.4792,208.3176,-61.3342,34
127.62504,211.27591,-63.434093,47
127.75038,214.55205,-68.81925,31
127.84014,218.42238,-80.104774,26
127.96528,221.854,-86.2956,52
128.10066,225.18626,-91.158516,35
128.24896,228.35089,-94.13584,48
128.39949,231.51419,-96.935486,51
128.55824,234.55612,-98.46774,62
128.7211,237.53922,-99.38413,57
128.88391,240.54253,-100.4187,64
129.04933,243.50694,-101.05799,60
129.21564,246.46725,-101.61947,79
129.3833,249.4085,-101.98502,83
129.55215,252.33327,-102.18812,71
129.72128,255.26106,-102.392265,78
129.89032,258.20682,-102.71013,87
130.05946,261.1633,-103.08187,98
130.22896,264.12497,-103.46328,105
130.39812,267.11603,-104.02699,102
114.69713,-39.558502,-136.46397,16
114.26548,-39.21526,-178.29216,15
113.521126,-39.939896,-244.35927,16
113.80214,-35.811077,-237.66835,16
114.60797,-27.88945,-199.91776,15
115.4136,-18.14659,-170.91017,16
116.54171,-8.300015,-112.21618,15
116.84923,-4.293491,-102.56639,16
115.32075,-12.731255,-205.61607,15
116.05238,-5.779515,-170.32152,15
115.826195,-5.219916,-194.3162,16
115.35661,-5.054193,-239.35983,15
117.1597,8.427714,-134.85161,15
117.13961,10.331527,-146.02473,16
118.8925,23.889294,-46.688873,15
118.981834,26.313787,-50.12489,16
117.24075,18.284485,-175.42328,16
117.272995,20.640982,-183.97533,16
117.421005,25.890385,-195.88742,17
118.175186,33.18359,-160.5106,17
118.28816,37.102,-169.29018,18
118.54973,40.632442,-162.05614,17
119.401146,49.076458,-123.36658,17
120.061066,54.196262,-86.27681,16
119.89973,55.71063,-109.27472,17
120.168884,59.061195,-100.54456,31
120.200645,61.44986,-109.60409,17
120.38305,64.43703,-107.35655,17
120.60065,67.538475,-102.353806,18
120.782005,70.493484,-100.09155,24
120.944435,73.37599,-99.29306,37
121.11696,76.28438,-97.687706,34
121.29914,79.21198,-95.28393,44
121.485374,82.138466,-92.508705,45
121.665115,85.034805,-90.22662,41
121.840996,87.91056,-88.23431,44
122.018524,90.77955,-86.07346,47
122.19215,93.629906,-84.216385,49
122.362206,96.4645,-82.6431,50
122.542946,99.30678,-80.11326,38
122.732155,102.14694,-76.78599,43
122.905205,104.95292,-74.85114,55
123.06108,107.7344,-74.46217,67
123.21098,110.51004,-74.63536,73
123.36029,113.286194,-74.89588,72
123.50718,116.063385,-75.419365,62
123.65321,118.84354,-76.06244,73
123.81103,121.62266,-75.59759,64
123.98538,124.388504,-73.500565,65
124.153755,127.14882,-71.97715,68
124.31938,129.90439,-70.71134,82
124.49132,132.64384,-68.781136,87
124.668884,135.3627,-66.229416,89
124.83729,138.08688,-64.60632,93
125.0009,140.81415,-63.480976,94
125.16366,143.5382,-62.44631,82
125.32475,146.26231,-61.592854,80
125.483246,148.99165,-61.040615,81
125.63821,151.73268,-60.912243,84
125.79265,154.47693,-60.87567,87
125.94739,157.22144,-60.832138,77
126.10272,159.96492,-60.752743,79
126.25937,162.70291,-60.538506,81
126.41695,165.43636,-60.234917,76
126.575645,168.1632,-59.81139,77
126.7357,170.8804,-59.2276,82
126.89662,173.58992,-58.541733,73
127.058586,176.28947,-57.727146,74
127.219894,178.99127,-57.006702,70
127.37927,181.70845,-56.577618,64
127.53895,184.42276,-56.12258,73
127.693245,187.19223,-56.502945,52
127.847404,189.97061,-56.96497,47
128.00005,192.77495,-57.733467,46
128.1533,195.58337,-58.485294,48
128.30754,198.39134,-59.163975,52
128.46341,201.18852,-59.64798,41
128.61815,204.01242,-60.405025,42
128.76733,206.93553,-62.250572,42
128.919,209.84323,-63.79586,34
129.0622,212.92111,-67.09536,26
129.17023,216.68909,-77.52088,29
129.28777,220.39722,-86.73789,34
129.43214,223.66612,-91.030174,37
129.58325,226.84659,-94.21641,58
129.73627,230.0312,-97.26411,42
129.89583,233.10315,-99.0964,54
130.05934,236.1049,-100.18747,66
130.22484,239.07648,-100.943695,65
130.39157,242.03197,-101.510284,64
130.55873,244.99323,-102.08514,76
130.72693,247.94017,-102.5006,68
130.89613,250.86955,-102.74097,81
131.06607,253.78732,-102.86423,80
131.23576,256.7316,-103.17348,97
131.40605,259.66785,-103.39436,98
131.57635,262.62512,-103.748505,102
131.74701,265.58545,-104.097046,107
116.38402,-38.72654,-119.50888,15
115.823235,-38.208904,-181.80432,15
115.27382,-40.88382,-225.89159,15
115.156296,-39.92318,-243.5751,16
115.267654,-37.0781,-247.05025,15
119.10542,-1.55405,-29.682606,15
117.15541,-10.853095,-187.79724,15
118.068405,-0.381776,-147.31177,16
116.64204,-8.468865,-256.07486,15
118.895485,9.205342,-111.2935,16
119.042015,12.090611,-111.50771,16
118.382774,10.618412,-174.419,16
120.47967,27.12558,-40.157845,15
118.61283,18.292522,-192.50024,16
118.4366,19.352705,-217.53609,16
119.55792,30.290607,-157.76659,18
119.83695,37.202,-166.71173,22
120.15509,41.079086,-154.23892,17
120.36689,44.35897,-149.94905,18
121.02971,50.93593,-115.501396,15
121.33976,55.65632,-108.88094,16
121.5883,58.9668,-100.88267,33
121.76181,61.9179,-99.02235,17
121.86472,64.56621,-103.14112,18
121.99364,67.33327,-105.14231,17
122.19054,70.3652,-101.285545,19
122.36762,73.30759,-99.100266,28
122.53802,76.21597,-97.48308,30
122.698166,79.08293,-96.76984,34
122.87761,82.00365,-94.29322,41
123.05497,84.906265,-91.96311,42
123.23132,87.79438,-89.69268,43
123.40294,90.659775,-87.83325,44
123.57336,93.51283,-86.06631,53
123.74275,96.35477,-84.37097,51
123.91739,99.196754,-82.1327,43
124.10023,102.03921,-79.02786,35
124.27701,104.85845,-76.47871,42
124.43511,107.64665,-75.82192,59
124.58594,110.42618,-75.94022,81
124.735565,113.205635,-76.22094,86
124.88403,115.98632,-76.660706,81
125.03422,118.76917,-76.95814,75
125.1911,121.55081,-76.54286,65
125.35865,124.32245,-74.92627,70
125.52722,127.0844,-73.16858,71
125.69505,129.838,-71.468636,86
125.86738,132.57466,-69.20518,86
126.04188,135.29425,-66.62421,86
126.207344,138.0217,-65.11041,91
126.36924,140.75133,-64.03034,90
126.53036,143.4781,-63.04639,90
126.68939,146.20782,-62.337296,80
126.8472,148.93971,-61.805557,84
127.001335,151.68648,-61.791508,85
127.15517,154.43686,-61.863056,80
127.30972,157.18596,-61.87366,77
127.46502,159.93304,-61.816547,79
127.62186,162.67242,-61.571922,82
127.77895,165.41107,-61.321785,77
127.93729,168.14145,-60.912933,75
128.09668,170.86311,-60.359615,74
128.25687,173.577,-59.699173,66
128.41771,176.28261,-58.938263,63
128.57755,178.99663,-58.369434,62
128.73808,181.70201,-57.6933,58
128.89563,184.44148,-57.581482,56
129.05206,187.19843,-57.72087,54
129.20554,190.00258,-58.506298,38
129.36029,192.801,-59.139023,46
129.51382,195.63033,-60.120117,50
129.66975,198.437,-60.727726,56
129.82645,201.2427,-61.26761,42
129.98323,204.05952,-61.889866,43
130.13612,206.96925,-63.536892,41
130.29031,209.87898,-65.06886,31
130.42113,213.35759,-72.718636,25
130.54262,217.17467,-83.51597,26
130.68724,220.53317,-88.96234,31
130.84015,223.74226,-92.59774,32
130.99736,226.88477,-95.37471,50
131.15463,230.08034,-98.50072,42
131.31764,233.13506,-100.14451,48
131.48296,236.14183,-101.257095,55
131.65054,239.08807,-101.765175,58
131.81815,242.06061,-102.46161,85
131.98715,244.993,-102.771706,69
132.15695,247.90558,-102.88879,78
132.32669,250.84541,-103.20686,76
132.4972,253.76367,-103.325066,91
132.66766,256.70837,-103.62958,95
132.8387,259.6436,-103.83435,98
133.00995,262.59222,-104.11664,101
133.18149,265.55292,-104.46159,105
117.23535,-42.826466,-169.53415,15
116.60687,-46.020412,-227.30536,15
117.77901,-33.697803,-159.00647,16
116.54484,-42.987305,-253.84457,15
116.12217,-43.90521,-300.48697,15
116.95208,-34.802303,-254.57825,15
119.36563,-12.335436,-95.98267,15
120.75086,1.74064,-12.435109,16
118.4381,-14.899672,-195.29579,15
119.91677,-1.099447,-98.45807,15
119.92796,3.319143,-125.2979,15
120.691864,10.963995,-78.64778,16
120.69001,13.555149,-95.57965,16
121.419205,22.414415,-61.260803,15
121.4851,24.63637,-67.41049,16
120.352196,18.54524,-170.51791,15
120.33508,20.405737,-184.8447,15
120.53722,24.787813,-188.05807,17
121.07545,30.317299,-156.37996,18
121.32337,33.902214,-148.6544,17
121.39623,37.40728,-162.63582,21
121.87892,44.408733,-147.95578,18
122.420006,50.565056,-120.33113,16
123.000305,58.830124,-101.99857,19
123.19444,61.897003,-97.951546,32
123.28628,64.4662,-103.62283,16
123.60624,70.25402,-102.082756,17
123.78319,73.20995,-99.62068,20
123.96075,76.15619,-97.053665,37
124.11461,79.00309,-96.87068,27
124.27033,81.854195,-96.51192,34
124.45147,84.784004,-93.484505,34
124.62367,87.672554,-91.3469,34
124.79381,90.544685,-89.396225,38
124.961754,93.40129,-87.65756,41
125.129,96.24733,-85.97164,46
125.297134,99.086365,-84.1568,42
125.47261,101.928375,-81.46063,36
125.64854,104.75732,-78.64835,35
125.81038,107.55609,-77.467125,48
125.96417,110.342026,-77.26727,72
126.11565,113.12555,-77.38021,85
126.26487,115.90923,-77.816154,88
126.41741,118.694756,-77.88119,81
126.57453,121.47848,-77.37765,78
126.737946,124.25425,-76.04689,87
126.90488,127.01858,-74.21793,86
127.073364,129.77046,-72.136566,99
127.245316,132.50378,-69.513565,88
127.41548,135.2268,-67.078896,86
127.57814,137.95833,-65.706566,93
127.7384,140.69067,-64.677086,95
127.89793,143.42094,-63.763805,95
128.05605,146.15306,-63.074417,81
128.21217,148.89255,-62.730087,78
128.36646,151.64203,-62.72612,81
128.51993,154.3989,-62.91208,81
128.67451,157.15227,-62.963676,77
128.83026,159.90024,-62.859013,77
128.98651,162.64655,-62.711727,78
129.14317,165.39159,-62.53629,81
129.30125,168.12502,-62.124702,77
129.46072,170.84488,-61.474422,73
129.61906,173.57622,-61.08306,66
129.77888,176.28996,-60.400814,67
129.93773,179.0157,-59.96462,52
130.09781,181.72491,-59.282074,48
130.25505,184.47711,-59.303307,53
130.41212,187.23853,-59.44244,44
130.56837,190.02304,-59.884415,39
130.72371,192.83763,-60.690414,44
130.87901,195.67021,-61.662285,48
131.03616,198.4802,-62.2621,50
131.19353,201.30154,-62.946957,41
131.3517,204.11995,-63.53608,49
131.50555,207.08391,-65.765274,42
131.66275,209.98608,-67.14703,28
131.80229,213.53583,-75.522804,23
131.9387,217.36163,-86.34248,25
132.09357,220.62918,-90.77537,37
132.25172,223.8466,-94.44956,35
132.41264,227.01933,-97.477554,40
132.57585,230.15079,-99.940865,36
132.74199,233.17924,-101.30632,53
132.9098,236.14848,-102.05149,46
133.07834,239.10988,-102.676506,75
133.2475,242.06332,-103.188126,83
133.41756,244.9704,-103.268486,70
133.58769,247.9139,-103.632,79
133.75845,250.82175,-103.67545,87
133.9295,253.73558,-103.75008,94
134.10086,256.6656,-103.93232,93
134.2725,259.59714,-104.10438,101
134.4445,262.55017,-104.4155,97
134.61685,265.50522,-104.71455,105
118.02579,-48.74071,-234.70107,15
119.20944,-35.33447,-159.21146,15
117.16204,-53.040348,-330.35605,15
117.07631,-52.065914,-350.29022,15
119.599495,-24.43865,-182.61569,15
121.16997,-8.09486,-71.93159,15
120.30969,-12.108133,-169.83083,16
122.07722,6.148232,-44.393715,16
121.0664,-1.217454,-139.5415,16
121.62516,5.286436,-105.53997,16
122.396774,13.500677,-52.749172,16
122.113655,13.503078,-95.34218,15
122.99104,23.931034,-43.88257,15
121.73431,16.482067,-175.713,16
121.74091,20.267626,-204.35583,15
122.59365,30.375872,-154.57991,17
122.80317,33.75965,-149.50845,18
122.82317,35.807713,-162.71935,20
123.11937,39.769737,-149.13277,18
123.2902,42.853786,-147.69946,18
123.42167,45.67688,-150.23332,18
124.53344,55.555096,-59.689026,16
124.382576,58.504654,-106.58909,16
124.602585,61.755344,-99.22193,34
124.73274,64.49307,-101.51203,17
124.87289,68.33394,-111.31923,16
125.22662,73.237274,-97.09412,18
125.39235,76.14139,-95.45321,21
125.54247,78.970665,-95.644005,22
125.775444,83.243256,-95.05114,21
125.93403,86.09949,-94.27403,28
126.10578,88.995186,-91.83421,39
126.27324,91.86553,-89.89896,41
126.439125,94.7218,-88.12543,40
126.60263,97.562965,-86.643456,44
126.76826,100.40099,-84.84799,39
126.93886,103.23894,-82.329056,38
127.10866,106.06285,-79.86045,36
127.26707,108.86084,-78.98035,52
127.42163,111.65102,-78.66829,68
127.5743,114.43859,-78.672226,79
127.72726,117.22623,-78.675186,83
127.88231,120.01325,-78.394806,86
128.0408,122.79612,-77.59142,91
128.2044,125.5684,-75.949524,90
128.37016,128.32805,-73.912445,93
128.53807,131.07158,-71.44702,93
128.7063,133.80025,-68.84499,88
128.87029,136.52838,-66.94434,88
129.02994,139.26283,-65.802536,88
129.18811,141.99841,-64.94703,96
129.34544,144.73445,-64.263016,93
129.50217,147.4715,-63.720604,79
129.65698,150.22021,-63.621162,77
129.81076,152.9786,-63.802242,84
129.96513,155.7365,-63.925175,78
130.12007,158.49432,-64.01283,82
130.27621,161.24387,-63.87587,72
130.43274,163.99211,-63.707504,77
130.58961,166.73921,-63.517277,78
130.74753,169.47575,-63.118786,78
130.90614,172.20277,-62.563118,68
131.06439,174.93698,-62.17218,54
131.22276,177.67084,-61.794205,57
131.38205,180.3893,-61.17894,49
131.54132,183.10861,-60.611713,48
131.69781,185.89612,-61.10636,47
131.85585,188.6576,-61.167114,51
132.01262,191.46817,-61.895237,41
132.16989,194.28482,-62.63617,39
132.32736,197.11726,-63.515423,48
132.48589,199.93843,-64.17742,43
132.64488,202.76497,-64.84562,38
132.80319,205.65633,-66.22202,30
132.95906,208.73726,-69.67017,30
133.11206,212.11528,-76.2011,23
133.26392,215.79073,-85.552155,24
133.42174,219.27252,-92.33059,29
133.58528,222.43791,-95.49278,29
133.75044,225.58098,-98.25008,34
133.91695,228.70763,-100.68946,40
134.08496,231.7475,-102.171135,53
134.25407,234.68527,-102.624374,49
134.42357,237.65941,-103.3666,69
134.5936,240.59962,-103.76123,69
134.76399,243.49556,-103.74275,80
134.93477,246.42583,-103.9975,75
135.10585,249.34766,-104.15672,86
135.27725,252.25978,-104.21669,91
135.44878,255.1513,-104.09798,86
135.62096,258.09518,-104.3712,92
135.79346,261.03458,-104.58567,95
135.96631,263.97983,-104.820496,102
136.14001,266.97574,-105.399055,94
119.66206,-49.267147,-226.09178,16
120.27241,-41.054394,-189.49025,15
119.23649,-49.461006,-302.19986,14
120.63772,-30.568129,-218.94415,15
121.86471,-16.161356,-126.382744,15
122.35524,-9.652746,-96.38891,15
123.07914,-0.16366,-51.122017,16
123.28984,3.310596,-44.673798,16
123.6129,8.552998,-34.07919,15
122.93866,4.028195,-116.96103,15
123.479706,12.174172,-93.53295,15
123.60942,14.876527,-95.1577,15
123.95493,19.568178,-75.43546,15
124.02671,21.717463,-82.71687,16
123.32149,16.948168,-169.46306,15
123.71236,22.87249,-153.36269,15
123.50846,22.807861,-191.35292,16
123.92383,28.048838,-164.07874,16
124.19285,31.999798,-151.93794,19
124.29516,34.56651,-157.8791,17
124.38886,37.080956,-164.99376,19
124.76539,42.686466,-149.0261,20
124.882065,45.378555,-153.6708,20
126.5851,61.145977,13.870049,17
125.90792,59.059414,-94.97025,15
126.02409,61.67868,-99.230515,21
126.17817,64.54876,-98.81896,20
126.33825,68.42458,-107.59697,17
126.65857,73.23792,-95.224556,17
126.82428,76.15069,-93.23219,18
126.98883,79.04796,-91.35952,17
127.12661,81.808075,-93.30282,21
127.26652,84.58383,-95.05098,22
127.42327,87.43562,-94.38795,35
127.59159,90.32786,-91.96612,41
127.752945,93.18368,-90.56899,46
127.9146,96.033066,-89.10792,48
128.07637,98.87512,-87.605156,51
128.24026,101.71474,-85.71044,45
128.40643,104.54926,-83.39025,38
128.57065,107.368744,-81.34946,41
128.72905,110.170616,-80.29819,48
128.88376,112.964005,-79.935196,64
129.03793,115.75526,-79.71238,73
129.19283,118.54523,-79.39107,83
129.34964,121.33228,-78.72243,91
129.50957,124.111885,-77.42633,91
129.67136,126.88111,-75.714485,92
129.83571,129.63425,-73.38674,88
130.00143,132.36961,-70.65749,86
130.16403,135.1014,-68.54688,84
130.32338,137.83667,-67.16406,87
130.48119,140.5732,-66.14762,85
130.63788,143.31242,-65.43765,87
130.79425,146.05121,-64.83007,84
130.94946,148.79865,-64.59746,81
131.10341,151.5601,-64.81255,80
131.25812,154.3196,-64.92164,82
131.41362,157.07434,-64.87308,81
131.56877,159.83833,-65.0408,81
131.72491,162.59415,-64.98134,74
131.88191,165.34122,-64.72161,73
132.03888,168.09238,-64.55724,75
132.1967,170.83041,-64.136696,62
132.35455,173.57143,-63.795086,58
132.51259,176.31178,-63.456974,57
132.67134,179.03601,-62.859783,45
132.82974,181.77591,-62.549805,46
132.98828,184.51811,-62.284004,46
133.14586,187.31871,-62.89129,42
133.30432,190.10254,-63.195038,41
133.46336,192.8771,-63.332947,37
133.62195,195.72005,-64.35344,44
133.78151,198.53563,-64.93614,40
133.94145,201.36954,-65.691826,36
134.10165,204.26562,-67.130066,33
134.26245,207.2208,-69.15122,29
134.42361,210.52625,-74.991165,23
134.58704,214.34596,-86.11297,21
134.75319,217.67445,-91.35322,28
134.92151,221.09547,-97.24635,26
135.08983,224.11644,-98.77369,29
135.25992,227.28978,-101.70055,46
135.42973,230.2873,-102.78037,50
135.5999,233.2584,-103.5441,63
135.77039,236.2141,-104.114624,81
135.941,239.14078,-104.38515,68
136.11172,242.04799,-104.45839,80
136.28242,244.92947,-104.29506,69
136.45377,247.8412,-104.374756,74
136.62578,250.77654,-104.62719,80
136.79758,253.67842,-104.5888,90
136.96967,256.58475,-104.57197,91
137.14256,259.52036,-104.764,89
137.31615,262.47424,-105.07021,90
137.49066,265.46182,-105.597015,92
121.05312,-53.19783,-230.34122,16
121.20167,-50.107132,-231.55391,16
121.45582,-45.70505,-223.13945,16
121.41105,-45.012817,-242.23613,16
121.200096,-46.319492,-277.4293,15
122.135796,-33.005177,-212.13362,16
121.873825,-34.87169,-253.06134,15
123.04762,-19.58908,-154.07208,15
123.7867,-9.647594,-95.71208,16
124.253586,-3.014758,-63.23747,15
124.48536,0.824893,-53.93021,15
124.75145,5.032426,-40.818485,15
124.90825,8.551261,-46.15604,15
124.70449,7.469278,-83.008156,15
124.67379,8.376109,-102.09012,16
124.85532,11.633887,-98.26668,16
124.815186,12.496117,-119.27038,15
125.261314,19.217453,-93.77601,16
124.81448,16.613192,-172.36632,15
125.08289,20.802176,-159.0861,15
125.24082,23.84543,-158.85205,15
125.564186,29.24839,-147.73015,17
125.6732,31.796398,-153.57451,18
125.7888,34.419064,-158.80214,18
125.93662,37.350544,-160.01378,20
126.1911,41.250935,-146.98305,20
126.31095,43.9138,-151.90294,21
126.41637,46.46196,-159.06065,16
126.971405,53.645744,-113.40964,17
127.97693,63.506653,11.649393,16
127.41375,61.35219,-104.06386,16
127.6019,64.49398,-98.381256,25
127.737854,67.231514,-100.73049,16
127.89549,70.12777,-99.72376,17
128.07364,73.15753,-95.327774,17
128.24178,76.10447,-92.458206,17
128.39645,78.9553,-91.82485,18
128.5423,81.74931,-92.780594,21
128.6908,84.559555,-93.35285,29
128.8373,87.35955,-94.3805,32
128.99614,90.22169,-93.15085,47
129.15454,93.0755,-91.9835,49
129.3154,95.932785,-90.31693,50
129.47495,98.77692,-88.88308,47
129.6354,101.616554,-87.22042,50
129.7961,104.44822,-85.47537,37
129.958,107.27361,-83.402084,41
130.11598,110.08212,-82.179665,47
130.27266,112.88271,-81.2761,56
130.42761,115.67784,-80.820564,62
130.58298,118.470535,-80.30338,77
130.73962,121.259384,-79.4709,84
130.89781,124.04126,-78.21349,84
131.0581,126.81074,-76.29634,86
131.21887,129.56786,-74.164894,85
131.38086,132.30675,-71.527885,78
131.54059,135.04243,-69.50659,80
131.69849,137.77892,-68.053444,83
131.85544,140.51532,-66.92524,87
132.01147,143.25517,-66.15818,79
132.16673,146.00156,-65.758026,74
132.3215,148.75595,-65.67643,75
132.47594,151.52116,-65.92049,79
132.63113,154.28117,-65.963524,72
132.78665,157.0421,-66.00639,85
132.94244,159.80516,-66.07933,75
133.09875,162.56502,-66.05093,74
133.25563,165.31575,-65.81106,70
133.41261,168.07152,-65.68278,67
133.5701,170.81679,-65.345436,58
133.72774,173.566,-65.09721,57
133.88559,176.31773,-64.90026,50
134.04384,179.05322,-64.429016,39
134.20207,181.82005,-64.48798,46
134.3608,184.5508,-63.965706,40
134.5196,187.33562,-64.27283,45
134.67883,190.12543,-64.611984,41
134.83842,192.89087,-64.5726,41
134.99855,195.69844,-65.08061,41
135.1596,198.57533,-66.428925,39
135.32106,201.42009,-67.27125,37
135.4837,204.33278,-68.861,33
135.64758,207.28964,-70.85083,25
135.82082,210.88414,-79.91335,21
135.99925,214.67058,-90.53586,21
136.17336,218.01503,-95.825615,24
136.34692,221.24568,-99.62715,28
136.51823,224.28961,-101.32388,29
136.69138,227.39505,-103.5201,50
136.86227,230.35269,-104.17348,63
137.03339,233.30202,-104.70046,68
137.20404,236.21272,-104.834435,66
137.37488,239.11896,-104.90713,62
137.54614,242.03061,-105.00817,80
137.71684,244.90706,-104.790054,72
137.88866,247.81914,-104.86284,85
138.06087,250.73714,-104.96528,85
138.2334,253.65596,-105.05521,90
138.40628,256.57718,-105.14547,90
138.57974,259.51068,-105.31054,92
138.75403,262.46368,-105.600586,85
138.92955,265.4484,-106.09679,85
122.52245,-55.718315,-235.99509,16
122.75164,-51.00733,-237.44388,15
122.802734,-49.31109,-249.06464,15
123.03144,-45.099747,-242.25128,16
123.16728,-42.203564,-245.2163,15
123.54659,-35.921616,-221.79375,15
123.48102,-35.829334,-246.81906,16
124.5155,-20.12913,-157.87933,15
125.06735,-11.66567,-112.12305,16
125.50466,-4.829857,-78.293686,15
126.06675,4.501293,-44.98486,16
126.2371,8.581424,-58.214832,15
126.030975,6.864162,-102.03611,16
126.2037,10.082303,-98.67128,16
126.31863,12.555957,-102.77828,15
126.52978,16.24342,-94.23232,16
126.647484,18.74701,-98.08582,15
126.36128,16.279997,-157.9984,16
126.49219,19.007753,-161.42311,16
126.65276,22.094587,-160.75543,16
126.98399,28.370026,-157.92624,17
127.15615,31.572617,-155.47612,18
127.30267,34.47338,-156.96048,19
127.47329,37.643925,-154.70473,19
127.665,41.038483,-148.94609,19
127.799416,43.793243,-152.52809,21
128.33472,52.1056,-113.70476,16
128.7147,59.332577,-113.68115,16
128.90392,62.5773,-106.63022,16
129.09686,65.83478,-98.51422,22
129.32791,70.14687,-97.54715,17
129.73279,77.47272,-91.64997,19
129.87943,80.264305,-92.63111,21
130.02911,83.07941,-93.02191,25
130.1821,85.916466,-92.71643,35
130.32982,88.71505,-93.77128,35
130.48412,91.55622,-93.27143,43
130.64078,94.407265,-92.17034,53
130.79787,97.25467,-90.933685,46
130.95702,100.1053,-89.07543,48
131.11267,102.932274,-88.2237,50
131.27084,105.7631,-86.58475,41
131.42934,108.58665,-84.76558,37
131.58632,111.39784,-83.41398,45
131.74191,114.20041,-82.56115,52
131.89722,116.99838,-81.82658,63
132.0528,119.79241,-81.02689,69
132.20941,122.58022,-79.809906,73
132.36693,125.35828,-78.12795,77
132.52501,128.12384,-76.07682,78
132.68361,130.87285,-73.56375,74
132.8414,133.61292,-71.31026,72
132.99806,136.3508,-69.57279,77
133.15376,139.0914,-68.39124,80
133.30922,141.83093,-67.40918,78
133.46436,144.57404,-66.74686,74
133.61917,147.32817,-66.573235,74
133.77397,150.09392,-66.78094,75
133.92918,152.85878,-66.91212,81
134.0848,155.62453,-67.031334,75
134.24077,158.38936,-67.093216,79
134.39713,161.15388,-67.12208,70
134.5538,163.91624,-67.081764,70
134.71078,166.6726,-66.90109,60
134.86803,169.42715,-66.68584,57
135.02556,172.1841,-66.52155,49
135.18333,174.93773,-66.294754,52
135.34143,177.69742,-66.17753,42
135.49966,180.44424,-65.83973,39
135.65852,183.2158,-65.90586,43
135.81755,185.97813,-65.809364,39
135.97676,188.73537,-65.628654,38
136.13724,191.54042,-66.118095,46
136.29692,194.29204,-65.83039,71
136.46007,197.1801,-67.33232,40
136.624,200.0759,-68.814766,33
136.78668,202.90298,-69.34348,33
136.95702,205.99937,-73.01391,27
137.13423,209.31273,-78.93592,21
137.41946,214.86745,-93.56057,20
137.60269,218.26845,-99.3736,23
137.77983,221.43367,-102.40124,33
137.95244,224.43228,-103.56837,42
138.12582,227.44229,-104.76994,53
138.29773,230.39412,-105.33718,67
138.46925,233.32478,-105.66201,63
138.63936,236.20456,-105.49198,71
138.81062,239.11087,-105.5508,74
138.98206,242.01445,-105.567726,69
139.15361,244.91309,-105.52624,68
139.32576,247.82278,-105.563545,86
139.49817,250.73198,-105.58045,83
139.67134,253.65598,-105.69914,82
139.8448,256.5804,-105.8017,85
140.01915,259.52158,-106.0133,91
140.19447,262.48187,-106.3445,85
140.37016,265.44534,-106.671684,98
124.12366,-56.0129,-237.46785,16
124.37623,-50.935265,-236.31342,16
124.73723,-43.482067,-241.78906,15
125.1461,-35.583576,-231.19928,16
126.6672,-8.985449,-101.060326,16
127.13797,-0.912303,-55.77638,15
127.42673,4.500727,-44.340244,15
127.48493,5.981503,-55.9689,16
127.45945,6.162168,-80.544624,16
127.46396,6.832828,-101.60114,16
127.683304,11.15414,-101.604836,15
127.86509,14.890911,-107.75969,16
128.06961,18.647425,-98.34551,16
127.854836,16.062609,-159.54044,15
127.99872,18.921463,-161.49228,15
128.28041,24.542225,-166.91685,16
128.44174,27.650248,-166.0809,17
128.6521,31.463612,-155.85841,19
128.80249,34.39576,-156.92532,21
128.99088,37.865562,-150.42334,18
129.1604,41.05526,-147.52345,19
129.28368,43.590267,-154.41579,18
129.87401,52.962704,-74.80002,17
130.21465,58.779953,-46.22157,17
130.06523,58.52596,-155.55154,16
130.51622,65.74402,-98.814575,17
130.66812,68.60622,-98.48744,17
130.88449,72.75207,-101.450325,17
131.05826,75.864555,-94.729416,17
131.21223,78.73163,-93.81259,17
131.36542,81.58425,-93.16449,21
131.51852,84.430534,-92.59313,27
131.67064,87.26207,-92.41958,34
131.82141,90.07586,-92.88966,30
131.9726,92.89197,-93.34661,35
132.12886,95.75104,-91.77793,47
132.28351,98.58957,-90.89007,40
132.43846,101.42492,-89.88259,40
132.59343,104.25469,-88.877396,46
132.74901,107.082405,-87.5178,46
132.90485,109.90426,-85.951126,40
133.06042,112.71741,-84.47341,46
133.21516,115.52173,-83.56456,53
133.36993,118.32129,-82.6523,57
133.52501,121.11539,-81.54257,63
133.6803,123.90198,-80.14596,65
133.8358,126.67722,-78.28192,65
133.99142,129.43654,-75.86819,72
134.14659,132.18527,-73.58696,70
134.3014,134.92554,-71.502686,73
134.45581,137.66512,-69.9318,70
134.61015,140.40916,-68.922905,73
134.76456,143.15492,-68.18056,76
134.9192,145.90703,-67.79517,73
135.07423,148.66872,-67.77988,68
135.22981,151.44176,-68.09857,70
135.3856,154.20683,-68.12424,73
135.54175,156.97502,-68.21122,74
135.69824,159.7425,-68.25129,70
135.85498,162.50728,-68.20744,68
136.01212,165.27509,-68.21714,63
136.16914,168.03041,-67.95038,62
136.32674,170.79335,-67.842705,47
136.48459,173.55634,-67.72964,47
136.64319,176.3325,-67.84318,51
136.80115,179.08133,-67.46652,49
136.9603,181.8552,-67.5114,39
137.1196,184.62593,-67.48694,38
137.27863,187.38187,-67.22611,39
137.43954,190.17868,-67.55551,32
137.60167,192.99791,-68.15393,31
137.76418,195.81773,-68.701324,39
137.9296,198.70068,-70.00759,33
138.09471,201.56706,-71.00458,32
138.2666,204.58418,-73.73752,25
138.43973,207.61826,-76.48257,22
138.63312,211.10927,-84.220116,21
138.84947,215.10443,-97.030396,23
139.04015,218.49065,-102.59104,28
139.21606,221.53049,-104.2316,41
139.38914,224.4986,-105.04288,49
139.56357,227.49008,-106.02564,69
139.73642,230.43887,-106.53284,83
139.907,233.33205,-106.47867,63
140.07733,236.2151,-106.319275,76
140.24911,239.1241,-106.383026,73
140.41934,241.99464,-106.09435,73
140.59181,244.90854,-106.171745,69
140.76398,247.81004,-106.12771,83
140.93826,250.75133,-106.39368,79
141.11194,253.67526,-106.49574,79
141.28487,256.57883,-106.42004,82
141.45995,259.52286,-106.641785,79
141.63684,262.4992,-107.08168,81
141.81387,265.4738,-107.47664,95
126.049545,-49.84807,-227.86433,16
126.25759,-45.663574,-220.98802,15
126.30799,-44.575714,-237.04245,15
126.498,-40.7565,-232.8298,15
126.64436,-37.798206,-235.15022,16
127.2892,-25.011435,-183.98376,15
128.07475,-9.580459,-81.26498,15
128.37802,-3.527853,-77.98207,16
128.95757,7.840762,-1.605913,15
128.77574,4.369636,-70.24339,14
128.85942,6.048824,-80.91435,15
128.90471,6.97481,-99.47422,15
128.98666,8.611336,-111.89087,16
129.17702,12.353069,-103.30042,15
129.05801,10.067097,-158.00839,16
129.43123,17.356842,-111.575874,15
129.27986,14.431653,-176.93549,15
129.55183,19.742956,-168.7007,15
129.68967,22.429993,-173.0943,15
129.9169,26.847652,-175.27454,18
130.13882,31.155281,-158.86668,19
130.3049,34.369644,-156.18549,23
130.47762,37.707264,-151.53549,22
130.64001,40.837322,-149.56052,18
130.79079,43.7343,-150.97847,19
131.17564,51.18938,-79.65995,18
131.37518,55.02812,-62.357853,19
131.5574,58.36965,-157.01152,16
131.85321,64.07097,-102.31335,17
132.00903,67.02571,-100.220795,17
132.15451,69.76952,-102.64692,16
132.3901,74.21674,-98.57995,16
132.54483,77.128265,-96.78956,18
132.69913,80.02502,-95.133125,18
132.85417,82.93024,-92.923134,19
133.00652,85.77603,-92.31245,24
133.1579,88.595764,-92.53255,24
133.31128,91.44978,-91.36844,24
133.46278,94.25819,-92.01263,27
133.61543,97.08411,-91.895134,33
133.76877,99.91735,-91.26985,40
133.92227,102.74796,-90.58087,47
134.07646,105.58837,-88.65227,44
134.23033,108.41568,-87.05729,45
134.38399,111.23316,-85.68628,41
134.53758,114.042076,-84.73251,44
134.69127,116.84579,-84.10759,50
134.84512,119.6465,-83.59612,56
134.99883,122.44076,-82.285576,55
135.15227,125.22536,-80.588196,57
135.3052,127.996284,-78.403435,60
135.45766,130.75278,-75.970215,63
135.60992,133.50003,-73.75601,61
135.76237,136.24382,-71.97877,65
135.91539,138.99088,-70.797485,66
136.06885,141.7392,-69.91897,64
136.22289,144.49173,-69.36454,69
136.3777,147.2517,-69.15518,69
136.53343,150.02191,-69.29024,67
136.68951,152.79279,-69.40693,71
136.8459,155.56407,-69.500496,75
137.00247,158.33249,-69.48931,68
137.15987,161.1105,-69.69196,66
137.31665,163.87321,-69.50924,61
137.4746,166.65039,-69.63608,56
137.63182,169.41013,-69.38141,55
137.7897,172.17654,-69.26271,46
137.94867,174.95654,-69.38534,46
138.10693,177.7189,-69.1734,42
138.2655,180.48196,-68.97442,40
138.42549,183.26454,-69.085106,40
138.585,186.03424,-68.97419,39
138.74617,188.82698,-69.19243,35
138.90753,191.61934,-69.37208,38
139.0721,194.46112,-70.19348,32
139.23738,197.31065,-71.04265,30
139.40732,200.23561,-72.7746,29
139.5827,203.24939,-75.46515,25
139.77386,206.52939,-81.13003,22
139.9534,209.60524,-84.08241,19
140.20499,213.91089,-100.57284,18
140.39058,217.08163,-103.78936,32
140.57072,220.15479,-105.780556,40
140.74461,223.11617,-106.501144,44
140.91685,226.04494,-106.842476,52
141.091,229.00226,-107.42734,74
141.26077,231.88052,-107.21741,61
141.43166,234.77397,-107.1429,70
141.60408,237.68922,-107.25291,67
141.77501,240.5754,-107.08624,78
141.9466,243.4692,-106.97739,70
142.11908,246.37386,-106.949646,79
142.29282,249.29655,-107.05641,76
142.46605,252.20697,-107.04501,74
142.64062,255.13681,-107.17237,76
142.81483,258.05658,-107.201935,83
142.99187,261.0221,-107.56151,80
143.16978,263.99814,-107.97055,89
143.34601,266.94257,-108.11968,88
128.05342,-40.516777,-171.17525,16
128.13647,-39.10952,-183.70285,15
128.21399,-38.189648,-212.54065,15
128.27045,-37.49408,-232.10966,15
128.55438,-31.57646,-223.7019,16
129.51988,-8.64949,-72.883194,15
129.52164,-9.313304,-102.56362,15
129.76614,-3.896558,-80.55151,15
130.22125,6.895952,-9.432433,15
129.99744,-0.419889,-127.64297,16
130.30194,6.128925,-106.98193,15
130.4064,7.925383,-117.98896,15
130.32379,4.187442,-202.70442,15
130.42256,5.69137,-220.32895,15
130.59026,9.027242,-218.7395,16
130.98372,18.576744,-146.33218,16
131.09181,20.319126,-160.98888,16
131.29411,23.993269,-171.68228,17
131.42902,26.408438,-179.82578,18
131.62767,30.67286,-164.16139,18
131.80893,34.449593,-153.99815,22
131.97202,37.69117,-150.63062,22
132.13547,40.94463,-146.80577,18
132.38303,45.91254,-139.06604,20
132.74463,54.81261,-64.71988,17
132.99626,60.224285,-42.047306,17
133.11752,60.7111,-110.48314,17
133.35393,65.41182,-102.54323,16
133.50633,68.33803,-101.02459,18
133.73433,72.69348,-99.164116,17
133.88776,75.67832,-95.597824,18
134.03781,78.44764,-97.448326,18
134.18921,81.273994,-97.87127,18
134.34186,84.227036,-94.24831,19
134.4938,87.154755,-90.82503,19
134.64523,90.01294,-89.39207,19
134.79648,92.8701,-87.65655,23
134.948,95.69331,-87.1207,26
135.10042,98.48737,-88.05441,30
135.25288,101.29845,-88.167015,33
135.40517,104.11869,-87.57307,36
135.55684,106.943504,-86.17158,44
135.70924,109.75544,-85.51935,53
135.86145,112.56515,-84.58324,61
136.01501,115.36815,-84.58612,62
136.16965,118.171555,-85.09815,48
136.323,120.974014,-84.52165,46
136.47548,123.77007,-83.36461,46
136.62619,126.55242,-81.31693,49
136.77605,129.32074,-78.966835,52
136.9251,132.07426,-76.42664,55
137.07501,134.82332,-74.40618,59
137.22577,137.57048,-72.8233,58
137.37773,140.32036,-71.72706,58
137.53131,143.07861,-71.19092,61
137.68535,145.83762,-70.76905,60
137.84087,148.60649,-70.73337,57
137.99706,151.37924,-70.80678,62
138.1534,154.15053,-70.808075,64
138.31033,156.92517,-70.8807,67
138.46774,159.70227,-70.98768,59
138.62573,162.48267,-71.140015,51
138.78323,165.25453,-71.07003,55
138.94128,168.02954,-71.05613,52
139.09933,170.80107,-70.95653,43
139.25902,173.58875,-71.15217,42
139.4176,176.36028,-71.024315,47
139.57492,179.11234,-70.56074,42
139.73506,181.89561,-70.62677,37
139.89471,184.66974,-70.52844,37
140.05753,187.48068,-70.971146,35
140.21985,190.28224,-71.228096,32
140.38152,193.07256,-71.29409,45
140.55026,195.95264,-72.537796,31
140.71971,198.83972,-73.77005,28
140.89746,201.83612,-76.26741,25
141.0867,204.98657,-80.447815,22
141.3018,208.48842,-88.461395,19
141.54834,212.4238,-100.89169,21
141.74794,215.72551,-105.6003,23
141.92705,218.7465,-107.021324,40
142.0999,221.67915,-107.42827,53
142.27293,224.61086,-107.78787,51
142.44649,227.54736,-108.15976,83
142.61827,230.45604,-108.22943,69
142.78783,233.33023,-107.957184,64
142.95862,236.21822,-107.808304,63
143.12958,239.10547,-107.64496,66
143.30188,242.00894,-107.614655,62
143.47487,244.91924,-107.62878,63
143.64851,247.83562,-107.67736,66
143.82236,250.75261,-107.71417,77
143.99693,253.67703,-107.79351,76
144.17303,256.62094,-108.007225,74
144.35066,259.58478,-108.34962,68
144.52777,262.53793,-108.58405,84
144.70517,265.4935,-108.812454,82
129.09503,-54.13766,-245.66222,16
129.44257,-44.955868,-202.87357,15
129.703,-38.439247,-178.12589,15
129.8998,-33.913437,-167.42032,16
130.02682,-31.647738,-173.71439,16
129.66843,-45.54907,-307.8243,15
130.09943,-33.327362,-237.13533,15
130.97879,-6.475947,-54.157257,16
131.33644,1.991768,-28.54632,15
131.50932,6.079595,-16.100956,15
131.11116,-12.357791,-223.80353,15
131.63289,3.325654,-119.276146,16
131.79474,6.82597,-113.6411,15
131.61813,-3.515316,-248.03801,16
131.8087,0.819451,-236.93594,15
132.26389,13.029181,-173.64339,15
132.47713,18.790512,-142.99738,16
132.63672,22.141047,-138.68353,15
132.80379,25.901821,-129.1085,16
132.879,24.701008,-180.91713,21
133.0485,28.447607,-172.2802,17
133.22699,32.8441,-154.30441,21
133.38785,36.252815,-148.70134,20
133.54877,39.728176,-141.68907,18
133.77232,43.506508,-152.01402,19
134.19286,56.017597,-66.45155,17
134.33989,59.40789,-55.309452,17
134.62921,62.661045,-98.92062,18
135.00655,69.570305,-103.679405,17
135.30594,75.49372,-98.380745,17
135.45546,78.41252,-96.30634,18
135.6814,82.701096,-95.299065,18
135.82884,85.639015,-91.79414,19
135.9733,88.60563,-86.52361,20
136.12367,91.42549,-86.11386,20
136.27463,94.238,-85.9246,22
136.42647,97.04196,-86.114136,25
136.57976,99.83754,-86.85381,30
136.73262,102.64348,-87.10965,35
136.8873,105.44317,-88.028496,39
137.04082,108.25417,-88.167336,45
137.19214,111.07196,-87.27334,39
137.34544,113.88257,-87.11067,43
137.49672,116.69282,-86.096504,33
137.65176,119.500374,-86.37219,34
137.80406,122.30464,-85.60863,38
137.95451,125.10049,-84.22134,42
138.10262,127.88234,-82.1472,43
138.24898,130.64813,-79.6479,43
138.39575,133.40431,-77.36474,48
138.54349,136.15486,-75.42065,52
138.69246,138.90314,-73.85104,57
138.84485,141.66365,-73.148766,54
138.99837,144.4269,-72.677734,50
139.15274,147.19226,-72.35187,49
139.30943,149.97084,-72.48801,54
139.46638,152.74956,-72.58898,54
139.62358,155.5284,-72.661316,54
139.78236,158.31763,-72.971924,54
139.93929,161.09079,-72.8402,54
140.09642,163.86293,-72.683,53
140.2559,166.65266,-72.90137,37
140.41466,169.4343,-72.91492,39
140.5742,172.22058,-72.998955,31
140.734,175.00708,-73.061424,35
140.89197,177.77393,-72.75966,42
141.05212,180.55888,-72.76834,35
141.21162,183.33464,-72.61231,33
141.37164,186.11328,-72.49631,34
141.53627,188.93607,-73.01976,34
141.70137,191.76207,-73.53431,28
141.86731,194.59572,-74.0977,27
142.0393,197.49292,-75.440056,28
142.21686,200.45055,-77.44274,24
142.41109,203.59297,-81.56766,21
142.6336,207.05498,-89.214645,19
142.99138,212.54027,-103.10637,20
143.19273,215.79005,-107.18261,30
143.37495,218.82364,-108.69545,48
143.54591,221.72626,-108.74427,49
143.71754,224.63452,-108.832436,55
143.89153,227.56792,-109.14699,64
144.0623,230.46072,-109.03971,66
144.23096,233.32574,-108.661995,57
144.4011,236.20581,-108.42437,69
144.57373,239.11331,-108.42733,72
144.7468,242.02315,-108.43515,70
144.92078,244.94243,-108.50765,65
145.09456,247.85725,-108.525276,69
145.26912,250.77887,-108.58197,72
145.44536,253.71948,-108.77274,72
145.62096,256.64993,-108.86149,69
145.79865,259.6051,-109.12145,73
145.97736,262.57104,-109.436874,78
146.15341,265.50208,-109.469505,81
130.70258,-51.318344,-202.25162,16
130.70753,-54.841427,-250.06683,15
131.04114,-43.69003,-193.06876,15
131.31268,-37.07484,-178.95184,16
131.60614,-29.238642,-154.48404,15
131.49207,-42.262653,-294.6709,15
131.65802,-39.000343,-295.92517,15
132.39603,-6.320153,-63.88281,15
132.57413,-3.954938,-79.75897,15
132.50958,-17.83974,-243.5228,15
132.67072,-14.721083,-244.89185,15
133.04839,0.342304,-147.2082,16
133.03285,-10.513446,-283.94943,15
133.20143,-7.234154,-284.8412,15
133.58264,4.209379,-234.38727,15
133.80028,14.645919,-154.9171,15
134.12715,24.907,-105.35515,15
134.26913,26.261858,-123.806335,16
134.4111,24.604713,-181.09337,21
134.56894,26.678144,-194.09067,16
134.79965,34.66149,-148.92422,20
134.95195,38.03525,-143.504,21
135.10637,40.90828,-144.9956,19
135.26727,43.173477,-155.87683,18
135.42009,46.442657,-151.66862,18
135.55544,50.80818,-128.84077,17
135.64212,57.433422,-64.585396,17
135.7674,61.08556,-48.31553,17
135.96507,61.588768,-90.70495,17
136.36552,60.177998,-207.88214,16
136.51836,70.707886,-108.68813,17
137.10706,79.94521,-132.77066,17
137.23494,85.61984,-89.87628,18
137.45218,89.938194,-86.39188,20
137.60524,92.730965,-87.10727,24
137.75557,95.54946,-86.73221,22
137.90569,98.36836,-86.20764,26
138.06078,101.16184,-87.152405,36
138.2115,103.978386,-86.64189,31
138.36958,106.7722,-88.13395,33
138.51746,109.59526,-86.67112,31
138.67114,112.40346,-86.7355,32
138.82037,115.214355,-85.59218,35
138.97873,118.020676,-86.64224,37
139.1357,120.83102,-87.219376,42
139.29097,123.64161,-87.29903,37
139.43839,126.43739,-85.57929,41
139.58298,129.21791,-83.28614,38
139.7268,131.98535,-80.908066,41
139.87201,134.74611,-78.86554,39
140.0171,137.497,-76.85202,46
140.16615,140.2549,-75.63196,43
140.31816,143.01979,-74.944916,48
140.47198,145.78957,-74.554276,43
140.62846,148.57025,-74.58209,48
140.78566,151.35362,-74.67118,42
140.94345,154.13936,-74.79677,41
141.10216,156.92923,-74.99602,39
141.2611,159.7198,-75.16902,38
141.41682,162.48811,-74.784424,40
141.5773,165.28587,-75.07279,36
141.73686,168.07649,-75.164825,34
141.89667,170.8672,-75.230965,28
142.0561,173.65347,-75.18997,32
142.21599,176.44151,-75.16755,32
142.3749,179.21964,-74.96108,35
142.53654,182.01741,-75.075096,36
142.6917,184.75966,-74.2963,38
142.85896,187.60054,-75.04034,35
143.02866,190.46217,-76.00984,32
143.19196,193.26839,-76.12156,29
143.37122,196.21553,-78.094864,26
143.55052,199.16637,-79.964874,25
143.74716,202.27982,-83.72475,20
143.99222,205.8551,-92.81147,17
144.27759,209.83337,-106.036255,17
144.45805,212.8278,-107.26695,22
144.64665,215.90215,-109.28985,38
144.82649,218.89236,-110.2797,50
144.99529,221.77191,-110.0458,46
145.16763,224.68475,-110.1455,65
145.33919,227.58786,-110.12783,51
145.50723,230.45222,-109.722984,50
145.6759,233.3207,-109.36057,59
145.84912,236.23405,-109.411446,74
146.02153,239.13687,-109.34969,71
146.19415,242.0401,-109.279564,71
146.36835,244.95798,-109.32163,57
146.54364,247.88655,-109.43618,66
146.7185,250.80817,-109.474014,65
146.8946,253.74184,-109.591034,62
147.0721,256.68954,-109.79859,74
147.25087,259.64987,-110.07932,77
147.42781,262.58835,-110.171165,79
147.60481,265.52643,-110.242004,85
132.22752,-54.643257,-224.91666,15
132.45062,-46.3609,-189.02098,15
132.66464,-42.995388,-198.93991,16
132.82558,-39.288006,-194.90709,15
132.9855,-35.6159,-190.95955,16
133.09845,-36.802853,-224.72467,16
133.25912,-41.379223,-300.5905,15
133.48036,-30.873497,-242.36377,14
133.68002,-21.676617,-192.50272,16
133.7327,-37.57367,-356.3847,15
133.88168,-40.52562,-413.89435,15
134.11827,-21.066324,-271.86716,16
134.27405,-22.880615,-319.56552,15
134.45132,-14.91961,-276.94952,15
134.62085,-15.865576,-318.76996,15
134.87975,-9.92509,-311.1823,16
135.04724,-5.046945,-296.19446,15
135.27516,4.71614,-245.48642,15
135.3295,21.863598,-90.174774,16
135.55618,25.17994,-101.26066,16
135.73125,25.775564,-128.73637,15
135.94289,24.567226,-180.53423,19
136.12978,25.924051,-202.75156,17
136.22047,32.654625,-154.68846,19
136.35963,36.355923,-145.05472,24
136.5036,39.720753,-139.50761,17
136.67337,42.086395,-148.44958,18
136.9065,46.530827,-148.98868,19
137.0474,49.904045,-142.54965,17
137.00009,57.813354,-56.697556,17
137.16846,59.99248,-66.89109,18
137.3753,61.521503,-90.53773,18
137.92487,60.192307,-205.83896,16
137.74875,68.55402,-91.25048,15
138.28378,78.32258,-94.57578,17
138.60468,79.562515,-141.76434,16
138.79529,88.35592,-90.134636,17
138.93968,91.216736,-88.444756,18
139.08916,94.04125,-87.98819,19
139.23917,96.861595,-87.60534,21
139.38176,99.70761,-85.534805,22
139.52675,102.53452,-84.03274,24
139.6749,105.34574,-83.1991,28
139.83365,108.13404,-84.48246,30
139.99205,110.930244,-85.56244,38
140.15207,113.73153,-86.81571,47
140.31145,116.53957,-87.82155,44
140.47485,119.35412,-89.43335,37
140.62993,122.17002,-89.43419,32
140.78111,124.98078,-88.70238,34
140.92638,127.77796,-86.95988,36
141.06923,130.56155,-84.842285,38
141.21217,133.33504,-82.77883,36
141.3536,136.09451,-80.522224,40
141.49728,138.85027,-78.64874,36
141.64757,141.61986,-77.78794,36
141.80107,144.39687,-77.377,37
141.95532,147.17444,-77.0431,33
142.11378,149.96768,-77.255196,36
142.27231,152.76096,-77.41673,36
142.43214,155.55994,-77.69532,30
142.5895,158.3463,-77.59256,38
142.749,161.14241,-77.72038,31
142.90443,163.91505,-77.28304,29
143.06596,166.72014,-77.57133,25
143.22423,169.50502,-77.40204,28
143.38396,172.29713,-77.37242,26
143.54338,175.08562,-77.261406,34
143.70619,177.8949,-77.50562,33
143.86372,180.66724,-77.09613,32
144.02342,183.45212,-76.904205,36
144.18687,186.26149,-77.0855,25
144.35448,189.10027,-77.668076,28
144.52914,191.99226,-78.9436,26
144.69713,194.83522,-79.44129,24
144.87971,197.79176,-81.381615,29
145.07352,200.84164,-84.36186,20
145.63948,208.42801,-107.415634,16
145.83241,211.51262,-109.67383,21
146.01959,214.55284,-111.28416,37
146.1983,217.52275,-112.019295,47
146.36526,220.39017,-111.61323,38
146.53302,223.26163,-111.25554,58
146.70483,226.16693,-111.238754,53
146.86832,228.99522,-110.45708,51
147.04265,231.91919,-110.607635,67
147.21632,234.83604,-110.668594,71
147.3885,237.73721,-110.57008,70
147.56015,240.63124,-110.397125,70
147.73454,243.54982,-110.42876,65
147.90907,246.46828,-110.44254,57
148.08466,249.39569,-110.515045,65
148.26195,252.3381,-110.69001,61
148.43884,255.2759,-110.80632,67
148.61885,258.2434,-111.13276,74
148.79509,261.17203,-111.13733,74
148.9713,264.09933,-111.11794,81
149.1472,267.0215,-111.04765,87
133.8056,-78.78727,-406.0863,16
134.14594,-46.665085,-213.47328,15
134.28308,-55.017376,-299.10165,16
134.44347,-62.14095,-378.91022,15
134.616,-38.925877,-227.97781,16
134.79846,-53.23771,-366.2459,16
134.96274,-44.30472,-323.406,16
135.1173,-35.97954,-283.65234,16
135.31306,-38.661015,-334.66074,16
135.54044,-44.035244,-411.17294,15
135.7163,-39.171494,-401.09848,16
135.8912,-23.024807,-304.20267,16
136.23029,-24.986967,-371.5244,15
136.42818,-22.722277,-384.55145,15
136.59222,-10.370431,-314.76257,15
136.76717,-7.017015,-315.74042,16
136.88216,5.213675,-239.14539,15
136.80278,23.70629,-84.53764,16
137.16452,22.597218,-148.08109,16
137.39178,23.090641,-178.75308,16
137.57529,25.348698,-189.09688,18
137.66544,30.36961,-163.88565,17
137.76906,34.737946,-145.7068,22
137.90944,38.024857,-141.40173,20
138.14267,42.400402,-142.55951,17
138.39479,46.453903,-148.93701,18
138.56876,49.11475,-154.3199,19
138.48367,58.416187,-69.00622,17
138.64476,60.96076,-73.22655,19
139.48337,60.154556,-204.87712,16
139.79857,79.48479,-99.63765,16
140.00085,83.90826,-94.67631,17
140.13307,86.84519,-91.00239,17
140.27415,89.715744,-89.1242,17
140.41605,92.57194,-87.417725,19
140.55695,95.42185,-85.5617,18
140.70497,98.238884,-84.97078,20
140.84642,101.07001,-83.23975,21
140.98782,103.89163,-81.520615,23
141.15588,106.66047,-84.12619,27
141.32814,109.43938,-87.21043,28
141.49623,112.23845,-89.46759,33
141.66187,115.05053,-91.19863,31
141.82584,117.87159,-92.55457,34
141.98434,120.69706,-93.01241,34
142.13127,123.51522,-91.76267,28
142.27412,126.32219,-89.94753,31
142.42113,129.12625,-88.718506,32
142.56311,131.91484,-86.81248,33
142.70392,134.6916,-84.78232,35
142.84494,137.45914,-82.80896,33
142.98875,140.22462,-81.20669,34
143.14148,143.00916,-80.71882,30
143.29378,145.78943,-80.15159,31
143.45093,148.58354,-80.13551,31
143.6103,151.38524,-80.33992,31
143.77112,154.1925,-80.65553,26
143.93129,156.99734,-80.84316,31
144.08987,159.79498,-80.80921,30
144.24377,162.5694,-80.21892,25
144.39732,165.33904,-79.573395,30
144.56157,168.15923,-80.034935,31
144.71886,170.94344,-79.720146,34
144.8797,173.74467,-79.73849,34
145.04265,176.55678,-79.93135,27
145.2036,179.3565,-79.879005,36
145.36244,182.14244,-79.58948,27
145.52733,184.96333,-79.85279,28
145.6897,187.76762,-79.82926,24
145.86565,190.65872,-81.0438,22
146.04591,193.58142,-82.5912,28
146.2313,196.54233,-84.524254,22
146.87595,204.41574,-112.38481,16
146.9973,206.96536,-108.14013,17
147.22035,210.24763,-112.74233,18
147.396,213.18802,-113.15798,31
147.56941,216.11115,-113.34229,43
147.74245,219.03046,-113.45844,44
147.90735,221.88507,-112.87727,49
148.07516,224.75967,-112.513954,57
148.2447,227.64624,-112.271645,46
148.41286,230.51886,-111.89233,54
148.58455,233.41867,-111.77093,60
148.75543,236.30971,-111.55991,61
148.93233,239.25018,-111.78488,61
149.10532,242.15627,-111.68398,58
149.27983,245.07416,-111.67316,63
149.4555,248.0008,-111.7206,59
149.6322,250.93535,-111.815506,60
149.81079,253.88573,-112.01802,72
149.9892,256.83398,-112.18091,71
150.16708,259.7766,-112.27924,72
150.3449,262.7176,-112.3467,80
150.51897,265.62268,-112.13405,85
135.553,-80.27723,-402.76807,16
135.7195,-74.27425,-386.5502,15
135.78069,-54.035225,-266.35312,16
135.96628,-53.470394,-286.9808,15
136.25249,-62.97377,-384.47498,15
136.41237,-47.781097,-308.92502,16
136.65952,-42.089695,-304.84824,16
136.80023,-36.69691,-288.81406,15
137.1468,-44.572018,-383.56546,16
137.47221,-42.149513,-410.0939,15
137.63567,-25.216238,-323.36853,15
137.93358,-27.105953,-373.58304,15
138.17468,-25.930428,-396.9463,15
137.76949,3.72222,-156.0478,15
137.71588,13.51506,-86.68159,16
137.86124,19.801342,-64.98969,15
138.15952,21.615398,-91.25058,15
138.3141,24.195032,-94.31023,16
138.61775,26.528654,-117.755936,16
139.06686,26.30721,-175.90079,17
139.1326,31.087008,-153.41444,18
139.24806,34.76609,-144.23805,24
139.38446,38.013966,-140.43233,18
139.51727,41.284096,-135.98604,18
139.7815,45.22074,-143.64877,20
139.96407,47.821983,-149.65836,17
140.11668,50.836926,-149.18,17
139.97633,59.31911,-76.41915,17
141.00194,60.448627,-197.067,16
140.68976,71.45338,-86.032555,17
141.19934,79.52723,-96.2529,16
141.33443,82.446014,-93.74338,18
141.48396,85.28232,-93.52737,17
141.61046,88.21342,-89.7789,16
141.74367,91.097176,-87.12866,18
141.8821,93.94868,-85.29223,18
142.02428,96.77923,-84.01606,19
142.1706,99.5931,-83.31576,20
142.33311,102.372055,-84.81496,22
142.49057,105.16781,-85.52118,30
142.65263,107.96235,-86.770386,33
142.82173,110.75841,-88.824036,30
142.99458,113.56398,-91.23334,35
143.16187,116.38299,-92.818565,40
143.32759,119.209915,-94.109085,37
143.48749,122.04031,-94.61128,32
143.63359,124.8616,-93.41995,25
143.78053,127.67765,-92.31954,32
143.9217,130.48,-90.556755,29
144.0614,133.27104,-88.64132,32
144.20303,136.05641,-86.95947,31
144.34569,138.83572,-85.39905,29
144.49077,141.61337,-84.10754,32
144.6446,144.40816,-83.73735,31
144.80365,147.21593,-83.879776,30
144.9589,150.01167,-83.589554,31
145.11859,152.82036,-83.71477,34
145.28226,155.64319,-84.1937,28
145.43544,158.42743,-83.59383,30
145.59953,161.25201,-84.02811,25
145.75314,164.03365,-83.416725,25
145.90912,166.8222,-83.00473,27
146.07796,169.66664,-83.75277,24
146.22873,172.42786,-82.805145,26
146.39008,175.23625,-82.79645,25
146.5543,178.05821,-83.00861,29
146.7125,180.8483,-82.65155,31
146.8752,183.66055,-82.66261,24
147.03871,186.47597,-82.704414,24
147.2068,189.31682,-83.10023,21
147.40637,192.34183,-86.06142,18
147.76361,197.2466,-95.00577,18
148.08449,201.05292,-107.387344,15
148.50111,205.50523,-127.020874,16
148.6941,210.38159,-115.24178,20
148.86452,213.28548,-115.16685,30
149.03447,216.18495,-115.03169,35
149.20468,219.08461,-114.88921,41
149.37038,221.95074,-114.38861,41
149.53731,224.82286,-113.95955,48
149.70393,227.69069,-113.49507,39
149.87508,230.58902,-113.33202,44
150.04663,233.48915,-113.177895,59
150.21768,236.38383,-112.96651,54
150.39372,239.31525,-113.07777,52
150.56865,242.23695,-113.08391,58
150.74382,245.15958,-113.08195,56
150.9192,248.08308,-113.07272,51
151.09839,251.03618,-113.289986,66
151.2763,253.97868,-113.39854,61
151.45512,256.92737,-113.5368,68
151.63179,259.85782,-113.514694,72
151.80707,262.77563,-113.385086,74
151.97989,265.67108,-113.081345,82
137.34755,-77.47119,-382.4966,16
137.52242,-59.397667,-304.61298,16
137.68834,-55.86575,-304.03967,16
137.96758,-52.084698,-314.66583,16
138.25069,-48.187443,-325.00668,15
138.2771,-38.61157,-276.1568,16
138.85335,-46.116947,-380.43344,16
139.19008,-43.026268,-400.80524,15
139.06749,-29.398935,-313.4054,15
139.46132,-28.313944,-350.77246,15
139.79364,-29.141943,-391.71457,16
140.01576,-26.546478,-401.91388,15
140.17278,-22.202244,-395.42163,15
138.99457,19.33087,-40.242683,15
139.1575,21.483833,-46.228813,16
139.4391,21.36539,-77.51595,16
139.64311,23.015734,-90.64441,16
139.93658,25.954653,-106.36144,15
140.58629,26.319244,-174.7078,17
140.58598,31.608606,-145.52635,19
140.72656,34.749924,-143.37227,22
140.86653,37.8829,-141.15544,19
140.98378,41.268604,-135.05183,17
141.26257,45.147243,-143.54901,22
141.54893,49.057796,-152.59253,21
141.61531,52.866104,-138.49748,18
141.39764,58.9954,-80.928345,16
141.61905,63.182117,-81.24352,17
142.0481,67.889336,-100.76059,17
142.13655,71.117294,-92.05381,18
142.41539,75.06275,-99.59579,16
142.80284,80.37138,-110.90802,16
142.81969,83.80066,-93.23083,19
142.96832,86.637115,-92.94397,17
143.15958,90.98724,-88.504005,18
143.32782,93.75593,-90.58707,18
143.44359,96.65979,-86.26448,18
143.5931,99.47201,-86.020615,21
143.75117,102.269066,-86.73618,28
143.90678,105.07376,-87.10306,38
144.06358,107.87951,-87.5499,43
144.22607,110.68389,-88.57404,31
144.40077,113.489136,-90.84409,28
144.58823,116.30513,-94.37245,30
144.74991,119.13502,-95.03268,38
144.9134,121.96905,-95.82528,37
145.06567,124.79896,-95.40597,29
145.22086,127.629425,-95.25371,28
145.36491,130.4454,-93.9627,30
145.50143,133.24384,-91.93103,31
145.64127,136.03786,-90.24123,29
145.78531,138.83156,-88.96075,26
145.93465,141.63025,-88.17677,29
146.0839,144.42451,-87.362976,34
146.24495,147.24495,-87.616394,26
146.40353,150.0591,-87.603134,28
146.55441,152.84991,-86.87405,27
146.71715,155.6742,-87.16435,22
146.8713,158.4706,-86.675156,23
147.03346,161.29233,-86.84434,23
147.19449,164.1099,-86.88023,23
147.35883,166.9397,-87.15711,23
147.51569,169.73961,-86.779076,24
147.67155,172.53317,-86.30077,22
147.82747,175.32407,-85.8014,22
147.99529,178.1663,-86.22925,22
148.15611,180.97643,-86.06534,24
148.3122,183.76227,-85.50912,19
148.50179,186.71199,-87.497284,22
148.66331,189.52449,-87.28872,23
148.87665,192.60774,-90.922485,19
149.15164,197.97226,-86.78947,17
149.95352,207.31071,-114.23389,15
150.18332,210.56773,-118.35728,22
150.34201,213.40483,-117.42716,28
150.51418,216.32146,-117.41559,33
150.6774,219.1806,-116.769966,40
150.84218,222.04663,-116.215996,34
151.00713,224.91106,-115.660126,39
151.17294,227.77823,-115.14401,41
151.34505,230.68573,-115.027565,44
151.51318,233.56451,-114.63124,45
151.68904,236.49469,-114.70977,51
151.86317,239.41225,-114.6562,48
152.03908,242.34149,-114.6923,48
152.2152,245.27148,-114.71722,47
152.39183,248.20425,-114.749435,54
152.57172,251.16057,-114.95707,59
152.74783,254.0886,-114.91548,59
152.92482,257.02167,-114.90037,64
153.09943,259.9362,-114.72934,71
153.27278,262.8394,-114.4658,77
153.4439,265.7238,-114.05994,78
138.97394,-69.80765,-328.35062,15
139.09401,-64.29876,-314.23407,15
139.35037,-59.242413,-315.4578,15
139.5099,-55.449635,-313.13855,15
139.85814,-53.328335,-336.91885,16
139.97885,-48.23189,-324.62723,16
139.87888,-36.880135,-261.52945,16
140.22699,-38.67465,-303.57358,15
140.71579,-43.634228,-374.06543,16
140.79997,-33.77406,-335.60123,16
140.91766,-25.308496,-306.862,16
141.45691,-29.764208,-379.66656,15
142.09221,-24.187193,-413.97403,16
141.42635,-5.259933,-260.37686,15
140.40968,20.627018,-40.118412,16
140.72778,20.474688,-71.12908,15
141.07994,22.605268,-94.42616,15
141.32396,26.508043,-98.88758,15
141.56125,28.19356,-113.29278,16
142.06546,26.78009,-167.83983,17
142.0593,31.665537,-143.73264,23
142.20709,34.688347,-143.12247,19
142.36028,37.652615,-143.27129,23
142.47885,40.95433,-138.48293,17
142.66739,43.58363,-143.50876,20
142.70183,47.574585,-127.37465,20
143.08676,48.618076,-158.52788,18
143.14195,52.39104,-145.33289,18
142.92867,57.97659,-98.016335,17
142.92957,61.80335,-79.38029,19
143.12642,64.285805,-85.68558,17
143.33505,68.574104,-84.179985,17
143.45021,71.54908,-80.317986,18
144.19003,71.524475,-149.72638,17
143.5692,79.589516,-51.70637,17
144.32172,85.09389,-94.713005,18
144.4478,88.000496,-91.990395,16
144.58578,90.85968,-90.58234,17
144.79796,95.12247,-89.01453,19
144.94456,97.9475,-88.49118,18
145.08733,100.77592,-87.55522,23
145.2491,103.574844,-88.50194,38
145.40143,106.38877,-88.458534,44
145.55724,109.20003,-88.71647,38
145.71591,112.01144,-89.205,30
145.9031,114.81913,-92.33294,25
146.06908,117.64278,-93.36637,24
146.25903,120.47819,-96.54056,25
146.42992,123.3202,-97.865555,26
146.58176,126.1548,-97.41383,27
146.73354,128.98697,-96.93524,25
146.88264,131.81342,-96.20179,26
147.0275,134.63007,-95.0824,26
147.16223,137.425,-93.10106,27
147.30676,140.22769,-91.95286,24
147.45117,143.02441,-90.79003,27
147.60764,145.84177,-90.61241,32
147.77509,148.68396,-91.29492,27
147.93237,151.50269,-91.1131,25
148.08928,154.31923,-90.877754,23
148.23749,157.10887,-89.93503,21
148.40213,159.94435,-90.2482,19
148.57541,162.80876,-91.18471,23
148.72865,165.60825,-90.55691,21
148.87999,168.39766,-89.77021,24
149.05089,171.25604,-90.41472,21
149.20583,174.05464,-89.85251,25
149.37912,176.92409,-90.59557,21
149.5254,179.68317,-89.3658,21
149.70036,182.5602,-90.155594,21
149.92613,185.66586,-94.45057,19
150.0792,188.45407,-93.60261,17
150.17754,190.98013,-89.005844,17
150.39865,194.0832,-92.781204,15
151.17659,199.96983,-133.70613,15
150.94087,201.84381,-101.064316,16
151.21687,205.28032,-108.07035,17
151.56876,209.15094,-119.80243,17
151.77013,212.23288,-121.65838,20
151.92712,215.0708,-120.6442,23
152.08235,217.89415,-119.51366,26
152.25288,220.80234,-119.33017,31
152.41322,223.64865,-118.50211,32
152.57538,226.50198,-117.77278,33
152.74307,229.38625,-117.36803,38
152.91077,232.26848,-116.94863,35
153.07959,235.15572,-116.580215,43
153.25864,238.10715,-116.7961,46
153.43301,241.02797,-116.71607,40
153.6095,243.9616,-116.734184,40
153.78433,246.88377,-116.64012,43
153.96274,249.82907,-116.725815,51
154.14275,252.78494,-116.87865,55
154.31622,255.69524,-116.649765,57
154.48584,258.57672,-116.19229,63
154.65675,261.4654,-115.793915,66
154.82874,264.35992,-115.44092,70
155.00285,267.2688,-115.19222,75
140.731,-66.21665,-314.82138,15
140.88664,-62.396976,-312.42612,16
141.091,-59.92831,-319.8032,15
141.30734,-57.677765,-329.0855,15
141.40077,-52.262115,-314.6154,16
141.59775,-49.468475,-319.91287,15
141.70494,-44.57408,-308.72836,14
141.86256,-40.894638,-306.89737,15
142.55972,-44.75134,-382.6296,16
142.48975,-29.54154,-313.04022,16
142.72241,-23.974834,-309.52914,16
143.18796,-22.224253,-341.77573,15
143.9628,-24.691994,-417.95688,15
141.51866,19.297255,-25.219135,16
141.75925,20.529457,-40.379726,16
142.20123,19.308516,-82.93282,16
142.43701,20.980938,-95.76895,15
142.62143,25.62245,-91.62246,15
142.81406,27.934828,-98.02051,16
143.44112,25.819233,-159.8477,16
143.53258,31.678467,-142.51617,32
143.69595,34.545612,-143.97144,20
143.84097,37.58343,-143.11845,21
143.97693,40.68967,-141.18198,18
144.16588,45.437286,-136.57535,19
144.43533,47.561295,-149.9716,19
144.61551,52.375916,-144.2098,19
144.66824,55.96275,-133.06198,19
144.465,62.760216,-86.52134,17
145.00447,70.77084,-96.52318,17
145.4886,72.22805,-130.4733,17
145.42155,77.71329,-100.753265,17
145.76634,83.282326,-104.84666,17
145.84155,86.35335,-97.48978,17
145.9693,89.25136,-95.2376,18
146.15915,93.57802,-91.73613,16
146.35551,96.32147,-95.790016,17
146.45166,99.24103,-90.69801,17
146.60211,102.06313,-90.520744,20
146.7497,104.88739,-90.06025,21
146.9062,107.70233,-90.34957,25
147.06223,110.51917,-90.55858,25
147.22166,113.33611,-91.02028,23
147.39014,116.15471,-92.18594,21
147.5739,118.98132,-94.556114,21
147.75273,121.81848,-96.43253,21
147.93007,124.66436,-98.11188,24
148.0896,127.50524,-98.30683,22
148.2328,130.3314,-97.176895,24
148.39134,133.16937,-97.23533,25
148.53993,135.99411,-96.495346,25
148.6859,138.81102,-95.53964,24
148.84885,141.65202,-95.85302,23
148.98868,144.45073,-94.40927,23
149.14336,147.27278,-94.05725,19
149.30629,150.11131,-94.28586,19
149.4435,152.88896,-92.62649,21
149.57098,155.6339,-90.281525,18
149.77754,158.5823,-93.52559,19
149.95349,161.4569,-94.54062,26
150.12724,164.32874,-95.35199,21
150.27423,167.11884,-94.29261,23
150.43553,169.95135,-94.19451,24
150.60735,172.8192,-94.77121,21
150.7552,175.60275,-93.724335,23
150.9188,178.44025,-93.70269,21
151.07558,181.25056,-93.2105,19
150.90614,184.86746,-61.464336,16
151.33994,189.83723,-73.54352,16
151.12827,190.96251,-50.282978,14
152.61908,199.77101,-132.10266,15
152.91957,205.45067,-129.33084,15
153.0377,209.16173,-120.87519,16
153.33003,212.6942,-127.92374,15
153.46133,215.41609,-125.416855,17
153.56207,217.96632,-121.165054,18
153.82639,221.38416,-126.34221,19
153.95294,224.06158,-123.57873,20
154.08322,226.74919,-121.04959,22
154.24644,229.61557,-120.3844,28
154.42061,232.54231,-120.3127,28
154.5828,235.39737,-119.56249,33
154.75554,238.31279,-119.38042,29
154.93443,241.26424,-119.510376,36
155.10558,244.16783,-119.204926,35
155.27814,247.07849,-118.95813,39
155.4543,250.01093,-118.88732,46
155.62921,252.93433,-118.73099,49
155.79973,255.82822,-118.333855,56
155.96988,258.7177,-117.904,58
156.13818,261.59317,-117.37068,61
156.30656,264.46695,-116.83252,61
156.47972,267.37128,-116.5238,64
142.49696,-63.73351,-308.91025,15
142.73354,-61.80843,-320.08966,15
142.98311,-56.516273,-319.7231,15
143.11392,-52.282604,-314.06873,16
143.357,-50.2449,-325.2276,16
143.8702,-46.30708,-350.05875,16
144.38545,-48.52358,-397.97995,16
144.45673,-43.073895,-383.04126,16
144.12492,-31.485508,-314.1118,15
144.29134,-27.98066,-313.7017,15
144.5827,-23.314362,-318.45407,16
145.35167,-24.879726,-383.1406,15
145.7296,-23.749659,-407.72528,16
143.98315,3.321924,-172.07103,15
143.0895,20.65941,-38.24952,15
143.43782,21.052532,-63.262962,16
143.83139,21.179947,-92.69963,15
144.12924,26.768042,-93.99115,15
145.02455,25.043598,-168.46751,15
145.01056,31.62707,-142.14122,36
145.17332,34.5107,-143.35849,22
145.289,37.75382,-139.60204,18
145.45424,40.621788,-141.00539,20
145.60413,43.60344,-140.77855,21
145.83386,48.04422,-140.87766,20
145.985,51.018265,-140.69911,19
146.10298,54.173477,-137.28754,18
146.37581,56.508976,-148.6973,17
146.00792,63.792755,-92.50252,18
146.11728,66.79252,-88.94266,17
146.71825,67.76389,-130.26256,17
146.84096,70.81135,-127.45644,19
147.00687,73.69033,-128.52394,17
146.97986,80.53355,-99.34947,17
147.21915,83.13992,-106.91234,18
147.34642,86.06618,-104.77198,19
147.44919,89.034065,-100.59737,17
147.48032,92.11786,-90.56414,18
147.91791,96.01154,-107.66054,16
147.9103,99.09774,-94.64065,18
148.03964,101.954704,-92.7644,17
148.1996,104.77322,-93.303314,19
148.3355,107.6118,-91.9299,19
148.46205,110.447655,-89.83965,26
148.62839,113.26085,-90.78636,22
148.81235,116.07749,-93.01006,25
148.97272,118.90322,-93.39681,25
149.13177,121.73057,-93.6513,21
149.29843,124.56283,-94.42076,23
149.48286,127.41096,-96.426636,24
149.643,130.24825,-96.62992,21
149.79942,133.08252,-96.53396,23
149.96687,135.92949,-97.184944,23
150.13354,138.77835,-97.73862,26
150.29533,141.6221,-97.91714,23
150.43864,144.43492,-96.81375,22
150.56494,147.21048,-94.563286,20
150.71107,150.0154,-93.64589,18
150.86664,152.83633,-93.34062,18
151.11424,157.09853,-93.76019,19
151.34329,160.1043,-98.10477,20
151.5057,162.94968,-98.106636,23
151.68803,165.85098,-99.33177,19
151.83084,168.63988,-98.045395,19
152.01529,171.55212,-99.327095,19
152.16194,174.347,-98.24824,18
152.67622,179.54082,-114.36798,16
152.60272,181.57628,-99.95839,16
152.77612,184.46136,-100.40411,17
152.1565,188.51195,-35.87141,15
154.87297,203.01344,-176.86601,14
153.67845,200.1268,-99.395874,15
154.31479,205.06888,-125.5281,16
154.61275,208.57217,-132.44606,16
155.12904,213.1186,-151.20738,15
154.92155,215.34341,-125.49096,15
155.22968,219.98332,-127.96465,15
155.4674,223.24738,-131.26613,14
155.35083,224.69289,-115.84909,16
155.73186,229.70633,-122.04749,16
156.00044,233.14525,-126.818375,17
156.12233,235.79462,-123.99379,20
156.30101,238.75076,-124.07456,20
156.44041,241.48372,-122.15829,24
156.64815,244.6034,-123.661835,26
156.79836,247.39137,-122.27701,32
156.963,250.25993,-121.60509,37
157.13829,253.18964,-121.4412,38
157.3024,256.0503,-120.72381,43
157.47029,258.93152,-120.1808,47
157.63422,261.7858,-119.44069,51
157.79892,264.6422,-118.73188,54
157.96533,267.50693,-118.09731,61
144.22002,-67.37779,-321.68973,16
144.60544,-64.55891,-339.3289,16
144.7371,-57.121635,-323.5453,15
145.14598,-45.139297,-311.75302,16
146.09074,-50.01834,-394.30075,15
145.9212,-38.490307,-343.36472,16
145.8426,-31.631824,-314.5783,16
146.17009,-24.578815,-313.34647,15
145.94965,-16.538519,-270.575,16
147.5263,-26.279156,-413.3477,16
147.43102,-19.596191,-383.83063,16
146.23003,-1.846873,-239.6738,16
144.4604,20.336517,-40.875057,16
144.7994,21.134964,-61.567245,15
145.29065,20.722092,-96.93839,16
145.47304,23.245775,-100.80016,15
145.40489,29.846087,-73.220566,16
146.39943,28.131313,-147.69809,17
146.48503,31.594812,-141.51585,35
146.65277,34.451214,-143.07784,30
146.77432,37.621166,-140.34097,19
146.8224,41.229553,-130.98862,18
147.06712,43.61391,-139.4078,18
147.18953,46.74084,-136.79337,23
147.31252,49.847862,-134.25978,18
147.53603,52.43559,-140.41977,21
147.71887,55.256527,-142.94112,19
147.93707,57.93736,-148.35176,17
147.5172,63.316296,-100.48272,17
147.5978,66.43518,-94.86394,17
148.29703,70.74295,-127.20642,19
148.63533,73.08257,-141.89616,19
148.51698,78.50247,-114.288124,17
148.54517,81.70525,-104.63055,17
148.80428,84.31523,-112.8393,19
148.90654,87.30232,-108.959496,19
149.06749,93.28264,-98.121056,17
149.21764,96.12592,-97.94074,18
149.2234,99.14765,-87.24757,17
149.43362,103.37993,-85.98034,17
149.78522,107.51062,-94.64861,20
149.90233,110.35706,-92.06639,23
150.02527,113.188095,-89.9117,26
150.23277,116.00052,-93.55076,29
150.39818,118.82807,-94.24025,24
150.5481,121.65505,-93.85126,28
150.70844,124.48457,-94.134315,24
150.90234,127.33597,-96.58931,23
151.06963,130.17899,-97.23671,21
151.22021,133.00945,-96.769295,21
151.39645,135.86566,-97.9225,23
151.5836,138.74103,-99.714714,20
151.73424,141.57349,-99.160065,20
151.89294,144.41562,-99.088715,21
152.07617,148.57996,-95.57423,19
152.26802,151.47647,-97.48531,19
152.4228,154.30486,-97.104385,20
152.61485,157.21352,-98.92579,20
152.86247,160.26064,-103.976295,20
153.02846,163.12791,-104.128944,20
153.18394,165.96811,-103.64314,22
153.35939,168.8606,-104.29034,19
153.55132,171.80276,-105.84065,21
153.76785,174.82509,-108.73331,18
153.88533,177.55089,-105.995316,15
154.62874,182.291,-138.09055,16
154.19212,183.20718,-104.54654,17
154.01659,187.11913,-76.90266,16
155.5857,198.60175,-138.47218,16
155.42374,200.2315,-120.771034,15
155.65103,203.37766,-123.66622,15
155.82349,206.30559,-123.65276,17
156.67857,213.28435,-154.11597,15
156.92584,216.60277,-157.60106,15
156.66609,217.63356,-135.47469,15
156.52603,219.13295,-119.654015,15
156.4442,221.88132,-102.68694,16
156.97418,228.56792,-111.67448,15
157.43065,232.90364,-125.27232,16
157.75923,236.63133,-132.519,16
157.8579,239.18246,-128.71568,15
157.974,241.81224,-125.774284,17
158.43896,247.31955,-134.96152,21
158.46959,249.4739,-128.02934,22
158.57579,252.02739,-124.65258,28
158.7333,254.86046,-123.645004,36
158.89613,257.72058,-122.87661,40
159.05452,260.55176,-121.90406,40
159.21802,263.40964,-121.15676,46
159.37953,266.2528,-120.31662,52
145.7527,-67.36988,-308.77792,15
146.26474,-69.441124,-348.10992,16
146.80484,-71.57633,-389.41974,15
146.64325,-59.810028,-342.8874,15
146.49516,-51.74235,-308.55194,16
147.0247,-53.26111,-347.19785,15
147.25093,-50.426697,-352.94934,16
146.95021,-40.809483,-303.9715,16
147.15686,-32.42983,-291.22412,16
146.42674,-18.75252,-202.14162,15
147.73576,-28.376186,-315.56827,15
147.94359,-25.328428,-319.31796,15
149.29231,-31.15774,-423.3729,15
149.67119,-29.305704,-441.67017,15
149.14386,-18.842144,-375.36957,16
147.71767,-0.811516,-228.21736,15
145.85168,21.833813,-38.60945,15
146.60521,19.512491,-93.67123,16
146.76598,24.195978,-89.03495,15
146.89706,29.043522,-81.94566,15
147.85352,28.283594,-144.7626,17
147.9586,31.558193,-140.94765,30
148.12526,34.430325,-142.27559,29
148.16225,38.06849,-132.9531,17
148.26039,41.30445,-128.74376,18
148.51184,43.70274,-136.85309,23
148.65463,46.70071,-136.16803,23
148.79121,49.72425,-134.98383,23
149.22678,53.23742,-150.95676,19
149.21068,56.930237,-137.94527,18
149.04697,62.84147,-108.406654,19
149.07805,66.133644,-99.59309,17
149.7613,70.647606,-127.5941,19
149.95717,73.44862,-130.636,20
150.02174,79.898834,-113.35842,18
150.14178,82.85347,-111.06553,17
150.29129,85.73578,-110.82764,17
150.43878,90.18841,-105.19252,18
150.538,93.12893,-101.55038,17
150.73036,95.9255,-104.18732,17
150.68527,99.00729,-91.00108,17
150.84424,101.82136,-91.43758,19
151.17613,105.98317,-98.07789,19
151.31993,108.827194,-97.40037,20
151.44963,111.672386,-95.81064,21
151.56686,114.51123,-93.43805,32
151.74648,117.337524,-94.97443,28
151.9143,120.16993,-95.73271,23
152.07802,123.00494,-96.19672,20
152.2714,125.85653,-98.42849,25
152.447,128.7081,-99.52494,23
152.63052,131.57137,-101.050156,24
152.7978,134.42696,-101.55971,24
152.95454,137.27353,-101.4178,23
153.1186,140.12823,-101.67817,21
153.29782,143.00479,-102.78144,19
153.49748,145.91742,-105.012314,20
153.63057,148.73096,-103.404625,21
153.79166,151.5865,-103.373985,21
153.94113,154.41954,-102.67376,20
154.18365,157.43915,-107.10238,22
154.38927,160.39891,-109.410255,45
154.55734,163.28271,-109.61394,39
154.71721,166.14735,-109.34857,43
154.8732,169.00067,-108.85671,38
155.04495,171.8935,-109.18541,48
155.26718,174.92789,-112.14242,19
157.5779,185.3471,-219.29842,15
155.65926,184.41924,-102.20154,20
155.8959,188.66946,-101.49417,15
154.7585,187.0299,-35.98965,15
155.78668,192.81737,-79.34405,15
157.27737,202.80124,-136.25995,16
157.31711,205.24168,-129.69252,17
157.56755,208.48979,-133.37831,16
158.15198,215.37683,-144.49915,16
157.28741,217.10272,-83.34068,16
155.33282,211.35086,18.64096,16
155.59244,214.40181,13.76966,15
158.58626,230.3339,-115.4378,16
160.32445,240.74176,-186.02701,15
159.63156,240.61916,-142.4928,16
161.16907,253.67508,-190.0815,17
159.90884,249.25763,-126.88739,18
160.13309,252.45497,-128.80646,27
160.26581,255.16838,-126.75085,36
160.41768,257.9781,-125.52246,46
160.56929,260.78223,-124.28701,49
160.72455,263.602,-123.20528,54
160.8831,266.43646,-122.26077,56
147.2033,-63.724136,-282.76025,15
147.85114,-64.17182,-322.49164,16
148.72041,-69.96757,-390.40405,15
149.2909,-71.34401,-428.1008,16
148.88239,-54.530632,-356.31088,16
149.41084,-55.085735,-389.1171,16
147.77782,-31.080639,-224.44188,16
149.11528,-40.694916,-330.72467,15
148.57549,-24.756914,-253.41833,16
149.71146,-31.020073,-338.18964,15
150.95312,-29.497269,-406.7705,16
151.26515,-24.285347,-410.05154,16
150.22545,-10.593898,-309.57538,15
147.89195,12.532762,-105.99836,16
147.3139,22.750616,-42.536514,16
148.03357,21.299387,-88.81659,16
148.26025,23.556202,-95.47793,16
148.07889,28.542782,-70.32978,15
149.27466,28.588562,-139.90901,18
149.41873,31.591156,-139.47275,24
149.58632,34.461327,-140.77322,28
149.62048,38.04395,-132.18195,17
149.78458,40.91718,-133.21895,22
149.97966,43.649513,-136.44992,22
150.12604,46.624973,-136.10373,22
150.26724,49.62094,-135.37148,18
150.13597,53.726063,-115.4984,18
150.78218,54.701546,-150.04288,22
150.38945,59.681717,-112.33781,18
150.67488,62.10088,-121.59429,22
151.26056,68.76917,-135.34572,17
151.29268,72.04274,-127.26998,20
151.40787,75.059685,-124.75179,18
151.46837,78.18865,-118.705696,17
151.59294,82.747475,-111.955,18
151.7608,85.59769,-112.9014,18
151.71376,90.354,-95.537285,17
151.51384,93.67838,-73.72512,17
152.2308,95.75957,-108.6549,17
152.20036,98.82101,-97.389,17
152.30295,101.70289,-94.33256,18
152.45496,104.53276,-94.26215,17
152.7,107.31079,-99.695274,18
152.83287,110.1623,-98.40487,19
153.0239,112.99326,-100.50864,20
153.1282,115.84239,-97.52885,22
153.28207,118.679405,-97.42115,29
153.41827,121.51195,-96.28283,25
153.60667,124.357765,-98.08718,23
153.80757,127.219246,-100.53857,21
153.99396,130.08363,-102.120575,21
154.1888,132.96262,-104.11514,21
154.3593,135.82881,-104.72679,23
154.5399,138.70871,-105.848724,24
154.71277,141.58475,-106.514854,24
154.8864,144.46494,-107.18753,22
155.10367,147.41206,-110.13408,20
155.27763,150.30438,-110.73787,21
155.41623,153.13863,-109.46385,21
155.6213,156.08902,-111.62509,21
155.79337,158.98462,-112.03509,84
155.96184,161.8745,-112.23393,74
156.13348,164.77205,-112.56605,82
156.29176,167.63988,-112.199165,72
156.44176,170.48584,-111.405495,63
156.62718,173.41792,-112.348694,55
157.54507,178.29712,-149.17546,15
159.05997,184.98888,-214.4863,15
157.80972,184.03462,-145.22404,15
157.3664,185.17712,-115.654236,15
156.36882,184.48383,-60.118458,15
157.21683,189.4239,-92.576546,16
156.25919,188.57358,-39.849792,15
158.35889,199.01787,-126.21093,15
158.65396,202.38304,-131.84029,15
158.858,205.44116,-133.20348,16
159.13358,208.77107,-137.77689,15
159.4078,212.1144,-142.20403,16
159.69424,215.52322,-147.09448,17
159.74576,219.14433,-137.51952,15
158.39511,215.80276,-70.31394,16
156.67625,210.63905,12.053896,15
156.5921,212.18875,22.401398,16
158.20349,221.14381,-40.40132,15
159.22166,227.68895,-76.952934,15
162.6307,248.70726,-202.40074,15
164.47516,262.10306,-263.0287,16
161.10767,247.87343,-115.95826,15
161.8412,253.5803,-138.68085,20
161.82988,255.5938,-130.80087,31
161.94882,258.24857,-128.27104,43
162.08719,260.99533,-126.53823,50
162.23627,263.79254,-125.240845,56
162.38914,266.60538,-124.09603,59
148.76755,-62.389156,-272.84247,16
150.63037,-71.13511,-398.2073,16
151.25154,-72.49405,-435.9098,15
152.38162,-79.15683,-515.42896,15
151.59523,-61.830883,-426.82343,15
150.23067,-32.28898,-274.29074,15
152.79085,-40.142654,-434.9478,15
150.68546,-17.244478,-259.25583,15
152.12543,-21.774904,-349.7891,16
152.79146,-21.992931,-386.63083,16
151.64949,-8.609794,-288.69833,15
150.52013,3.97916,-193.55002,16
148.54805,23.462637,-34.07385,15
149.12468,23.296734,-65.808586,15
149.90251,22.102694,-111.210724,16
150.26118,23.723597,-126.25758,15
150.82515,26.202208,-150.06543,17
150.81061,30.087248,-138.70335,28
150.97423,32.980423,-139.65742,26
151.08566,36.13707,-137.0463,20
151.12213,39.628815,-129.44608,20
151.40007,41.990437,-137.95912,19
151.52646,45.05346,-136.3423,17
151.82861,47.394196,-146.17175,17
152.52174,51.93843,-170.92513,20
152.18791,56.67003,-139.794,24
152.05257,60.56467,-121.65475,18
153.23112,62.110485,-180.72112,17
152.97806,68.026436,-150.51172,17
152.7321,72.013084,-126.06801,19
152.90598,74.882744,-127.30442,22
152.88997,78.16596,-117.15082,17
152.8969,82.92246,-104.01164,18
153.1282,85.64333,-108.66941,17
152.85217,90.683105,-79.453835,17
152.98183,93.49945,-78.32609,17
153.7314,95.60628,-112.45477,17
153.61293,98.750496,-97.03299,19
153.73532,101.61206,-95.31635,24
153.92395,104.42002,-97.28195,19
154.14655,107.22123,-101.061424,19
154.2916,110.07138,-100.522644,22
154.43883,112.918205,-100.0847,21
154.61562,115.76042,-101.22221,20
154.72481,118.60436,-98.70612,21
154.85083,121.43863,-97.09919,24
155.01997,124.27914,-97.75953,24
155.22185,127.13858,-100.096054,26
155.40445,129.99814,-101.376175,24
155.58128,132.85986,-102.31549,23
155.8303,135.7889,-106.901085,21
156.07404,138.7354,-111.12667,25
156.2684,141.64749,-112.786354,30
156.46745,144.57346,-114.631874,29
156.6593,147.49847,-116.071526,28
156.85397,150.43456,-117.60563,26
157.01498,153.32393,-117.453476,25
157.18826,156.2335,-117.87403,27
157.26717,158.9719,-113.73017,96
157.43431,161.86243,-113.83579,95
157.60898,164.76877,-114.273384,85
157.76611,167.639,-113.86032,74
157.91725,170.49347,-113.149605,68
158.1203,173.4683,-114.83692,41
160.40431,184.30719,-203.95279,15
159.93484,185.68379,-174.36664,15
158.89519,185.3352,-119.45873,16
159.34059,191.47081,-124.128746,16
158.25183,192.7607,-61.300285,15
159.99434,200.70036,-130.12296,17
160.37747,205.53528,-135.38911,17
160.66783,208.89922,-140.31181,17
160.95746,212.28107,-145.11823,18
161.16637,215.38521,-146.43163,25
161.30374,218.22464,-144.70541,16
161.2417,220.28722,-134.66818,15
158.51999,212.82533,-11.302653,16
160.5878,226.43301,-79.16857,15
161.40028,233.0723,-101.563095,16
163.99785,247.75322,-194.58679,16
162.33727,242.54697,-121.345436,15
164.24571,254.54686,-185.62927,16
162.83923,250.16649,-123.461845,15
163.41829,256.08374,-135.37167,21
163.49974,258.57922,-131.49405,36
163.61157,261.21057,-128.80621,51
163.74792,263.95505,-127.06595,60
163.89572,266.7515,-125.76441,68
150.2483,-60.40429,-258.41455,15
151.3647,-54.52628,-301.44727,15
153.11133,-64.04929,-414.10443,15
154.24649,-69.38631,-485.21326,15
152.8282,-50.676647,-366.9449,15
151.2446,-31.398285,-238.81136,15
152.48607,-37.50937,-317.1815,15
152.6727,-31.773457,-312.58624,16
155.72882,-51.350037,-516.5642,16
153.61165,-29.525663,-354.85205,15
152.2935,-14.838592,-251.43134,14
154.18437,-24.026525,-370.34378,16
154.95021,-24.530914,-410.49808,15
153.49715,-9.839984,-300.1393,15
149.54178,22.049046,-19.885777,15
149.98468,24.557636,-36.036972,16
150.85037,23.017954,-83.72775,15
151.52583,22.862875,-118.28798,15
151.71777,25.529972,-121.25813,16
152.19592,28.610624,-137.61234,25
152.38312,31.389673,-140.00461,23
152.50511,34.4858,-138.2793,30
152.57953,37.781292,-133.62329,19
152.59076,41.313625,-125.155754,17
152.82095,43.91127,-130.08955,17
152.9916,46.76851,-131.33736,16
153.91138,50.50815,-167.96007,19
154.09587,53.449486,-169.61836,19
153.72682,58.112732,-138.96678,21
153.77994,61.35919,-133.18402,18
154.70549,62.180786,-177.51181,17
155.25708,65.98747,-195.22589,17
154.33963,73.229454,-130.16908,20
154.27086,76.617676,-117.784805,20
152.9581,82.30448,-36.943718,17
154.37892,84.310165,-102.817665,18
154.50389,87.20402,-101.371284,19
154.48949,90.27917,-92.43899,18
154.59642,93.15763,-90.08676,21
154.91037,95.80384,-98.70092,23
155.05098,98.65604,-98.05909,25
155.32591,101.40159,-104.40674,18
155.55473,104.210724,-108.25224,17
155.6716,108.55766,-102.28922,18
155.79346,111.41676,-100.589386,22
155.92023,114.26614,-99.14191,21
156.09634,117.10735,-100.16101,20
156.25987,119.95238,-100.52001,18
156.37514,122.78724,-98.468285,23
156.52673,125.62518,-98.204636,25
156.71927,128.48228,-99.91144,24
156.90718,131.34521,-101.351326,23
157.11827,134.23273,-103.85944,22
157.3531,137.15343,-107.441025,22
157.62141,140.12498,-112.53427,27
157.92613,143.16199,-119.2433,38
158.1579,146.1429,-122.437195,46
158.3627,149.10329,-124.31631,65
158.53418,152.02452,-124.615616,56
158.70868,154.95175,-125.02563,62
158.73993,157.64201,-118.91103,57
158.82649,160.40134,-115.351456,88
159.01166,163.32921,-116.230194,73
159.16812,166.20416,-115.802124,58
159.3189,169.06508,-115.10736,68
159.51242,172.01624,-116.2742,45
159.84813,175.29868,-123.600525,16
159.8427,180.27731,-108.80782,15
160.445,185.52142,-123.72434,15
160.46957,188.04366,-117.541504,16
160.96745,193.09868,-127.68557,17
161.66762,200.05203,-142.33945,15
161.91096,204.45197,-141.50027,17
162.09608,207.45697,-141.85654,17
162.30809,210.55373,-143.27608,17
162.55467,213.77553,-146.04813,25
162.77377,216.91182,-147.66943,19
162.9634,219.94832,-148.08423,16
160.54475,214.406,-42.51908,15
160.0701,214.69228,-17.619164,16
162.47687,229.39323,-94.70524,15
164.85558,244.74419,-168.27925,16
164.9388,248.4993,-160.91989,15
164.28569,248.9503,-126.30867,15
164.95346,257.34937,-134.19078,20
165.09633,260.14893,-132.73361,35
165.19539,262.7351,-129.69644,55
165.32516,265.4578,-127.78529,66
165.47032,268.24838,-126.43256,76
151.64743,-55.546688,-235.41003,15
151.5648,-47.596653,-213.43388,15
152.60999,-50.3876,-269.97897,15
152.5192,-44.773342,-252.84886,15
154.64607,-56.151505,-380.7726,15
154.81514,-42.418163,-357.4154,14
158.65381,-61.160553,-583.93994,15
157.37802,-46.37227,-488.92,16
154.77109,-18.445387,-299.98,15
156.89091,-27.72736,-422.492,15
156.42003,-17.520655,-376.31384,15
153.14194,6.680231,-163.94775,16
151.20212,21.735748,-36.545586,16
151.29018,24.689787,-33.796654,15
151.58336,26.530758,-43.378784,15
153.1922,25.353182,-122.42508,15
153.60362,27.01944,-137.96802,17
153.7776,29.86889,-139.43979,27
153.92424,32.84763,-139.28783,36
153.98302,36.19265,-134.08887,17
153.98505,39.731724,-125.72067,21
154.1483,46.07288,-118.20977,16
154.97969,48.372227,-151.89478,16
155.46306,50.30591,-170.01393,23
155.64316,53.272923,-171.30779,17
155.33186,57.6605,-145.9716,20
155.38994,60.89395,-140.82239,17
155.64233,63.601093,-146.08809,17
156.06496,70.95459,-147.91304,18
155.88225,74.60905,-130.30067,22
154.05359,82.66686,-24.378418,16
155.83481,84.18746,-104.301994,17
156.47322,86.356346,-128.88258,17
156.08466,89.9707,-101.58598,17
156.17735,92.88748,-98.620056,17
156.57886,96.98919,-107.1414,21
156.68947,99.88682,-105.00953,20
157.01877,102.629456,-113.51413,17
156.99657,107.06637,-101.18469,18
157.17015,109.90712,-102.077995,19
157.2627,112.76902,-99.09188,19
157.425,115.60981,-99.41451,20
157.55428,118.450714,-98.16431,22
157.72366,121.29192,-98.77479,22
157.83633,124.1198,-96.73562,20
157.9871,126.95274,-96.450455,24
158.1999,129.817,-98.97542,23
158.3948,132.68256,-100.63452,22
158.66458,135.61319,-105.616554,22
158.96509,138.5956,-111.88439,26
159.28156,141.62492,-118.756905,33
159.584,144.67302,-124.90162,56
159.78505,147.62949,-126.50512,81
159.97263,150.57614,-127.480644,128
160.14322,153.5034,-127.68718,90
160.29013,156.39574,-126.85651,79
160.29341,159.0511,-119.887245,43
160.41476,161.87657,-117.991806,38
160.58345,164.77939,-118.09529,34
160.73766,167.65468,-117.57013,46
160.91615,170.57658,-118.04308,41
161.3365,175.29358,-124.98778,15
161.90404,179.11404,-141.28053,17
161.83405,181.50862,-131.41951,16
161.92963,184.26323,-128.3536,16
162.2005,188.69836,-128.89731,18
162.48683,191.9395,-133.4373,22
162.64679,194.85196,-132.9058,21
162.84306,197.86546,-133.79042,17
163.3495,203.02394,-143.31834,17
163.55199,206.08368,-144.32147,17
163.76263,209.17332,-145.60683,21
163.9761,212.27742,-146.96634,23
164.21706,215.47836,-149.33678,18
164.67885,220.64273,-156.58714,15
161.93336,213.39401,-47.010284,17
161.38083,213.55559,-20.337845,16
161.59225,216.40652,-22.22894,16
165.5323,236.71996,-151.15004,15
165.99754,240.84824,-161.3831,15
166.06534,243.42699,-157.16083,17
166.10722,245.88322,-152.0461,20
166.38124,249.28175,-155.24022,19
166.34444,251.38185,-147.37866,18
166.70232,255.1434,-153.48512,16
166.60364,259.13403,-137.10924,20
166.66914,261.5976,-133.0128,34
166.77261,264.21866,-130.25516,54
166.89764,266.92917,-128.25476,67
153.1678,-54.7682,-229.33553,15
153.30939,-49.10823,-223.71976,16
153.59184,-46.995495,-231.98866,15
153.486,-41.55874,-215.6153,16
152.00002,-24.97608,-113.134834,15
155.32071,-47.284092,-310.62076,16
155.4096,-43.240192,-305.95508,15
155.09712,-36.22737,-276.81573,15
155.6791,-31.3289,-292.43304,16
158.62357,-41.844975,-447.4452,16
156.54164,-21.24976,-309.30704,16
158.09694,-26.284693,-389.98834,15
161.68335,-42.757793,-586.60345,16
155.9681,-2.712388,-243.12584,15
153.20537,16.376892,-77.6565,15
153.0176,20.895184,-59.320004,15
153.93477,25.054983,-91.07624,15
154.65508,27.03494,-118.801704,15
155.13675,28.498047,-137.00832,25
155.32837,31.280725,-139.32881,23
155.3847,34.615944,-134.37036,19
155.35197,38.25899,-124.736176,19
155.47319,41.28133,-123.32657,17
155.14066,49.204693,-90.64937,16
156.65578,47.714996,-161.31593,17
157.06294,49.975685,-174.24965,17
157.01994,55.319847,-160.14676,16
156.73595,59.478664,-138.03098,22
156.81184,62.620136,-134.18417,18
157.10905,65.22723,-141.35342,18
157.30753,71.368004,-135.94925,17
157.36096,74.50106,-131.04213,20
157.32639,77.75905,-121.92706,20
157.95535,84.67847,-133.56607,17
157.96385,87.799225,-126.60496,17
157.98355,90.86848,-120.23816,17
157.96623,93.939384,-112.210175,17
158.01485,96.90849,-107.31724,18
158.03912,99.86892,-101.348595,18
158.1504,104.20705,-95.91013,18
158.35788,108.46536,-94.865776,19
158.7459,112.680435,-101.857735,18
158.83572,115.534004,-98.92816,20
158.95438,118.37338,-97.28657,26
159.09131,121.207054,-96.444664,27
159.22003,124.03412,-95.23696,27
159.36893,126.86269,-94.896774,30
159.56271,129.71175,-96.46935,27
159.76492,132.57387,-98.36312,25
159.97745,135.45293,-100.64943,23
160.3811,138.5001,-110.947044,23
160.6979,141.51852,-117.4576,28
161.0624,144.61838,-125.85254,49
161.26347,147.57468,-127.36148,73
161.45891,150.53142,-128.59941,155
161.62007,153.4484,-128.40077,94
161.7567,156.32924,-127.18849,88
161.81927,159.09071,-122.97996,28
161.92532,161.90277,-120.548874,32
162.08672,164.79865,-120.33513,39
162.2406,167.67975,-119.80636,33
162.443,170.65112,-121.17793,20
162.80667,173.95215,-128.8325,17
163.13626,177.21732,-135.04878,18
163.3368,181.5134,-132.8601,16
163.50761,184.4551,-132.82295,17
163.75186,187.57318,-135.5674,18
163.92976,190.53835,-135.74649,23
164.12311,193.54411,-136.48755,24
164.32576,196.57793,-137.55037,23
164.62311,199.87642,-142.11044,22
164.89018,203.1095,-145.47878,21
165.09596,206.17899,-146.53304,20
165.3101,209.27803,-147.86328,21
165.54779,212.4552,-150.0192,18
165.95204,216.16623,-158.16063,16
166.14139,220.43645,-155.20512,16
164.4955,217.35095,-90.026566,16
165.60701,229.16333,-107.86399,15
167.35843,237.85562,-162.65523,15
167.48209,240.67522,-160.5344,19
167.58253,243.39732,-157.62265,25
167.69286,246.14632,-155.06819,27
167.86546,249.13142,-154.64386,28
168.00417,251.97849,-153.0642,26
168.18364,254.98607,-152.85693,19
168.35327,257.95227,-152.311,16
168.2194,260.74277,-138.5965,31
168.2464,263.06125,-133.39583,39
168.34116,265.65698,-130.46138,60
168.45999,268.34903,-128.33386,74
154.7399,-54.566856,-227.31067,16
154.97523,-52.00839,-232.2483,15
155.75694,-53.8274,-269.24527,15
154.3191,-33.70115,-167.55954,16
156.38516,-44.904953,-278.09036,16
157.23677,-44.203236,-312.9037,15
157.39839,-36.14533,-303.45078,15
157.29413,-30.958862,-288.48795,16
160.19423,-42.431934,-434.86392,16
158.8476,-24.851297,-341.8583,16
162.91905,-40.849808,-546.99756,15
160.95178,-25.087906,-431.3561,16
157.659,-3.18155,-246.99461,16
155.75168,10.510582,-138.11792,15
154.99109,17.89989,-90.68806,15
156.56851,15.862445,-161.45494,15
156.49806,23.512259,-142.5029,16
156.6046,28.447945,-136.62782,26
156.7991,31.229013,-138.95436,23
156.84052,34.593758,-133.59142,18
156.88022,37.930965,-128.19681,20
156.72763,41.889595,-113.38593,17
156.77927,45.09239,-108.738304,15
156.63007,48.88987,-94.375,15
158.26624,49.06306,-162.63126,17
158.8749,54.328056,-176.8164,15
158.30391,60.83392,-138.83688,21
158.49272,63.70762,-140.50714,20
158.79726,71.25297,-136.80093,16
158.8356,74.40386,-131.50179,19
158.9066,77.47098,-127.72998,25
158.97139,80.525986,-123.70549,17
159.46709,87.66673,-128.60312,17
159.62048,90.5902,-128.50087,18
159.6736,93.607895,-123.98236,17
159.57219,96.72817,-112.76013,17
159.59006,101.18389,-103.49094,17
159.7711,104.02305,-104.64249,16
159.78441,106.93769,-98.6018,18
160.01015,109.75658,-101.626,17
160.25024,114.0278,-101.917114,18
160.33897,116.877884,-99.10288,20
160.429,119.713295,-96.356735,23
160.59296,122.54914,-96.67701,21
160.72153,125.37586,-95.51963,29
160.87769,128.20793,-95.48257,29
161.06404,131.05548,-96.65176,29
161.25746,133.91336,-98.071945,32
161.45802,136.7836,-99.74185,25
161.73468,139.72495,-104.40555,27
162.23427,142.8955,-117.81875,29
162.64026,146.0372,-127.374794,51
162.83333,148.9878,-128.46588,71
163.01125,151.9253,-128.9363,103
163.15273,154.81737,-127.973,89
163.2768,157.68025,-126.332275,74
163.36119,160.47577,-123.17504,53
163.53548,163.39902,-123.45147,61
163.68422,166.28058,-122.74046,52
163.91208,169.29884,-124.99215,21
164.20021,172.43987,-129.45229,15
164.5396,175.70158,-135.74701,26
164.76987,178.77078,-137.92165,19
164.89334,181.62366,-136.13017,18
165.04047,184.5205,-135.20627,18
165.28986,187.64699,-137.987,20
165.47572,190.63556,-138.4247,23
165.63367,193.5577,-137.83884,23
165.81337,196.53233,-138.01904,25
166.07457,199.72076,-141.0714,21
166.31224,202.85948,-143.24315,24
166.59969,206.14597,-147.12212,22
166.80579,209.21776,-148.10089,17
167.08923,213.75734,-148.62726,17
167.41528,217.20233,-153.67265,17
167.59323,220.20802,-153.57545,17
167.6164,222.7198,-148.19054,16
165.0267,217.78969,-51.525387,15
166.06006,223.45984,-80.67075,15
166.03404,225.60858,-74.083664,15
168.9112,237.9227,-164.05704,20
169.00386,240.64342,-160.98781,23
169.08011,243.29156,-157.3971,25
169.16644,245.96243,-154.1597,29
169.3131,248.84851,-152.9048,30
169.48407,251.82318,-152.43634,29
169.68027,254.89497,-152.77148,27
169.92622,258.16666,-154.68349,18
169.93985,260.50586,-149.16136,17
169.77327,262.08215,-137.97383,37
169.81091,264.46652,-133.32678,47
169.90361,267.06622,-130.444,67
156.67659,-59.552322,-250.01613,16
156.50485,-53.69785,-232.03836,15
156.88425,-49.93735,-240.26675,15
156.97586,-46.2038,-236.89627,16
156.41496,-37.859104,-198.43228,15
158.09645,-43.05499,-276.10568,15
158.98027,-37.71913,-301.4959,16
160.53659,-38.224537,-365.03094,15
161.38138,-38.538357,-399.56213,15
159.17978,-19.30967,-274.07202,16
160.44833,-17.544394,-321.49918,15
159.64137,-9.153862,-272.84998,15
157.60678,10.508953,-153.01566,15
156.7624,19.718729,-101.17957,16
158.03374,19.617405,-152.14322,15
158.24167,22.386724,-154.95973,15
157.95332,27.089186,-134.13258,20
158.24202,29.519642,-140.80717,24
158.32039,32.74121,-137.50468,35
158.37593,36.02018,-133.16014,18
157.9931,42.38018,-105.16444,17
157.61072,48.482433,-77.66235,16
159.90556,46.8902,-172.09856,17
159.81973,55.665085,-150.83922,16
160.04156,63.476997,-143.63625,24
158.97505,70.420334,-87.034904,17
160.0912,73.089226,-125.75303,18
160.3943,75.76351,-132.20888,21
160.39465,78.92508,-125.63563,25
161.05879,88.99156,-130.81868,17
161.18079,91.95084,-129.39783,18
161.2442,94.951485,-125.551506,18
161.22755,97.989204,-118.43976,16
161.24692,100.96603,-112.86299,16
162.1266,104.99346,-139.04788,16
161.59055,112.52787,-101.63252,17
161.70224,115.37919,-99.8807,16
161.9269,118.224915,-102.59001,17
161.96732,121.0599,-98.018295,17
162.15457,123.90599,-99.210526,20
162.29257,126.74156,-98.45952,23
162.39635,129.55827,-96.3764,22
162.52686,132.3787,-95.32483,26
162.71176,135.22835,-96.34163,30
162.91817,138.09889,-98.14499,29
163.26114,141.09154,-105.062195,26
163.81354,144.31194,-119.742035,29
164.21143,147.44858,-128.4746,45
164.40752,150.40489,-129.60442,53
164.54697,153.2988,-128.6126,63
164.69356,156.19714,-127.875656,60
164.81227,159.05342,-126.111534,47
164.96965,161.95792,-125.75176,61
165.1342,164.87184,-125.63589,50
165.31206,167.807,-125.981255,20
165.61414,170.95845,-130.7404,15
165.93858,174.17293,-136.22305,20
166.15695,177.21223,-137.8828,29
166.39085,180.29008,-140.05267,27
166.4742,183.06793,-136.92226,22
166.7815,186.31078,-141.58879,20
166.92886,189.22003,-140.66277,21
167.05403,192.07393,-138.96574,28
167.22931,195.03929,-138.98215,27
167.39262,197.97537,-138.57437,25
167.62338,201.08063,-140.43742,23
167.8329,204.1388,-141.54785,23
168.04153,207.19969,-142.60132,23
168.18283,210.07951,-141.38623,22
168.62679,213.81131,-150.18857,19
168.96184,217.26553,-155.29643,19
169.12411,220.22786,-154.67383,16
165.8933,213.95178,-40.78319,16
166.9692,219.54529,-70.27143,15
167.19383,222.52148,-72.05489,16
170.13351,235.65865,-157.75012,18
170.50134,239.31615,-163.57141,21
170.51581,241.77533,-158.15477,23
170.58,244.3874,-154.34329,26
170.69965,247.18297,-152.29005,29
170.8242,249.98822,-150.39748,29
171.00412,252.99194,-150.22388,28
171.2354,256.18958,-151.62007,27
171.5503,259.7153,-155.55241,23
171.41142,261.48203,-145.59924,19
171.32202,263.40518,-137.23361,46
171.36362,265.8234,-132.8927,55
171.45506,268.4289,-130.08162,69
158.10751,-53.735428,-231.68092,16
158.41489,-49.401802,-235.72467,15
158.40608,-45.033443,-227.55405,15
158.62375,-42.225693,-230.84964,15
160.20255,-48.184704,-302.03012,15
160.55573,-45.946785,-311.50598,15
161.10114,-42.562405,-326.2359,16
162.79181,-45.641464,-396.40295,15
162.85489,-41.328663,-390.9595,16
162.68948,-35.80832,-374.57642,15
163.21796,-34.065266,-391.53226,16
160.41278,-13.082272,-246.18596,16
161.64096,-15.045902,-296.54694,15
160.63782,-6.111801,-241.90588,16
160.38184,-0.958774,-222.64302,15
159.18613,10.073974,-156.74757,15
159.1943,17.290005,-143.61024,16
159.68207,18.940151,-159.01965,16
159.62442,24.521137,-146.35757,16
159.55566,28.283657,-136.66711,25
159.7207,31.185059,-137.43471,27
159.89987,35.76617,-135.5307,18
160.3036,39.651546,-143.40302,17
161.41968,43.350872,-178.49463,17
161.6476,46.225643,-181.57892,16
160.23174,54.852573,-111.51295,16
160.72345,56.942425,-126.01967,15
161.90387,59.2965,-165.9602,17
161.60512,63.233227,-147.02797,21
161.58911,66.52834,-139.98329,20
161.13512,72.12674,-111.89967,16
161.87805,75.6575,-132.9141,18
161.89415,78.78694,-127.3298,23
162.53178,88.90331,-131.17084,17
162.68282,91.83559,-130.9709,18
162.7418,94.84026,-127.14658,19
162.72748,99.373795,-117.45287,17
163.06894,102.16532,-124.63067,18
163.292,112.40356,-112.11713,16
163.164,116.72523,-98.416985,17
163.32162,119.5651,-98.47593,16
163.40869,122.39296,-95.89037,17
163.53732,126.60895,-91.95737,18
163.68361,129.42787,-91.57178,22
163.53055,132.09236,-80.23856,25
163.78589,134.94507,-83.84657,26
164.17513,137.90913,-92.23544,31
164.50244,140.86687,-98.29023,31
164.85353,143.87592,-105.114815,29
165.61531,147.31546,-126.45271,31
165.88138,150.33878,-130.0125,36
166.02515,153.24019,-129.21494,43
166.17346,156.14326,-128.56522,60
166.31996,159.04082,-127.843124,70
166.5022,161.98483,-128.34763,48
166.69337,164.9446,-129.13739,26
167.04416,169.49416,-132.462,16
167.3629,172.68375,-137.51454,18
167.56021,175.68268,-138.39038,27
167.72878,178.6327,-138.27287,34
167.94882,181.68138,-139.86143,26
168.10054,184.60056,-139.14195,22
168.41106,187.84723,-143.67369,23
168.55078,190.74608,-142.51347,21
168.71628,193.69725,-142.19304,24
168.79037,196.4358,-138.87788,23
168.9518,199.36774,-138.4156,24
169.13907,202.3611,-138.77513,23
169.4394,205.64253,-142.74821,23
169.70442,208.84998,-145.537,23
170.06621,212.32881,-151.35771,20
170.33492,215.5782,-154.16034,19
170.48328,218.50108,-153.13028,17
168.05481,216.282,-66.12188,15
168.26994,219.20828,-67.573135,15
168.69154,222.77896,-75.36662,15
169.56004,227.79416,-96.79056,16
172.07298,238.2008,-168.22656,20
172.01033,240.44507,-160.64607,23
172.0241,242.91359,-155.43906,23
172.07526,245.48788,-151.39377,27
172.18924,248.26419,-149.25783,28
172.33131,251.13118,-147.96593,30
172.52068,254.1636,-148.07724,28
172.78535,257.47308,-150.39798,27
173.07455,260.88364,-153.4027,24
172.8726,262.4464,-142.01137,24
172.87016,264.73053,-136.52086,55
172.91423,267.17435,-132.41803,64
159.92723,-59.609222,-249.16907,15
159.86154,-54.808796,-238.63972,15
159.85474,-50.47372,-231.03445,16
160.18439,-48.36948,-239.49281,16
160.36804,-43.169827,-237.32755,16
161.88321,-48.15532,-301.08157,15
162.97604,-50.212387,-344.4167,15
163.90367,-46.422554,-371.6614,16
164.85947,-47.06086,-407.51657,15
164.61687,-41.138275,-388.45865,15
164.7811,-37.4274,-387.99155,15
164.74127,-32.704945,-378.33954,15
163.03195,-17.902658,-290.5454,15
162.80173,-10.664963,-269.53943,15
161.61081,-1.397924,-210.14784,15
162.09163,0.381952,-224.418,15
160.98961,8.758471,-169.77592,15
159.86836,16.863268,-114.90211,16
160.80186,16.740458,-148.85188,15
161.86084,18.195429,-184.50304,16
160.87592,27.00206,-133.22427,21
161.1985,29.37371,-140.6045,21
161.23848,32.687794,-136.08528,23
161.5541,35.134296,-143.04578,17
162.26758,36.461353,-166.34119,16
163.16524,42.703125,-187.30048,18
164.08783,43.88484,-218.32245,16
163.48132,50.597054,-184.21126,15
163.18591,54.665768,-166.10803,15
163.797,56.748928,-184.21295,16
163.33435,62.69159,-156.58968,19
163.16774,66.26693,-143.96004,22
162.98068,69.803894,-130.64893,16
163.03848,74.45706,-124.00972,17
163.37857,78.67495,-128.26869,23
163.41376,81.74325,-123.73495,26
163.63727,87.64753,-120.54273,17
163.86884,90.47649,-123.44678,17
164.07715,93.3404,-125.43229,17
164.22964,96.25488,-125.303856,19
164.35126,99.187546,-124.01534,17
164.2667,102.21819,-115.139,16
163.51608,108.31787,-76.43396,16
163.9428,111.04053,-86.406555,16
165.74043,113.65378,-145.65454,16
164.74892,119.48915,-98.69992,17
165.13097,122.36683,-106.69814,16
165.00974,125.15702,-96.83586,18
164.79295,129.2331,-80.974495,21
164.81833,131.96469,-76.433876,32
165.02647,134.7777,-78.25838,31
165.22165,137.59146,-79.60101,29
165.5403,140.50436,-85.147,32
166.27232,143.79001,-104.731865,31
167.12714,147.28676,-128.27222,37
167.36855,150.28485,-130.82867,47
167.51953,153.19725,-130.30173,53
167.69208,156.13237,-130.4841,68
167.86102,159.06395,-130.5286,47
168.07367,162.05406,-132.00099,20
168.23192,164.97443,-131.6495,17
168.68413,169.6815,-138.1227,18
168.90518,172.7159,-139.74837,23
169.07024,175.66336,-139.52583,24
169.20505,178.55649,-138.31554,27
169.427,181.60458,-139.89412,31
169.57954,184.52698,-139.22578,21
169.9843,187.94917,-146.55334,19
170.1252,190.86002,-145.45824,32
170.30374,193.84662,-145.54227,23
170.38261,196.61299,-142.4914,23
170.48068,199.40944,-140.05344,23
170.64642,202.35431,-139.71864,24
171.0418,205.85493,-146.44698,20
171.4274,209.36185,-152.79565,19
171.58223,212.30542,-152.02481,18
171.76102,215.30885,-151.9742,17
171.88025,218.15129,-150.10864,16
170.1383,215.83232,-92.2697,15
171.88512,223.14967,-139.39682,15
169.88116,219.79292,-74.33218,15
170.19322,223.02156,-78.5331,15
170.58498,226.51045,-85.03393,16
173.66359,238.34326,-170.34581,17
173.50658,240.32562,-160.28484,22
173.48973,242.71642,-154.38197,24
173.52899,245.26648,-150.14568,26
173.63327,248.0162,-147.80911,28
173.74211,250.77194,-145.61333,29
173.91556,253.74266,-145.2687,29
174.14789,256.91998,-146.58809,28
174.5204,260.60574,-151.84488,26
174.57176,263.14325,-148.00502,18
174.39983,264.8384,-137.93637,47
174.41898,267.21097,-133.27567,67
161.7301,-60.812195,-256.88205,16
161.68951,-56.2372,-248.09694,15
161.28206,-45.28477,-216.19772,14
163.38528,-49.289413,-295.8984,15
163.5225,-45.73601,-294.88214,15
163.94751,-41.60557,-302.9016,15
166.43317,-48.095,-399.8266,15
166.79373,-45.339638,-407.80307,16
167.19139,-38.131577,-409.6899,15
165.08427,-21.746706,-309.57706,15
164.46765,-12.822424,-273.39624,16
162.79921,0.120863,-194.10376,16
162.44885,7.094664,-170.30675,16
161.74753,15.162204,-132.5179,16
162.44281,16.119814,-154.87906,15
163.51877,19.514103,-186.19931,16
162.49678,28.153494,-136.27559,22
162.63788,31.131939,-136.03436,29
162.785,34.090958,-136.01744,18
164.72112,33.77454,-203.12912,15
165.19228,36.074905,-215.34348,16
165.14415,39.765827,-207.29088,16
164.92232,43.82953,-192.60591,16
165.8906,45.059513,-223.69664,16
164.57434,54.84176,-161.3995,15
165.20912,61.93126,-170.65295,18
164.62886,67.831665,-140.29659,17
164.49529,71.23035,-129.66533,16
164.58893,75.80851,-124.681145,17
164.88844,80.09148,-127.23592,23
164.90552,83.1645,-122.27375,24
164.98047,86.15046,-119.43244,17
165.23982,88.94989,-123.22149,19
165.37253,91.87495,-122.43219,19
165.56383,94.75297,-123.71401,18
165.78403,97.61973,-125.987305,19
165.82716,100.59372,-121.99302,18
165.81853,103.56897,-116.20822,16
165.37523,106.66383,-95.32634,17
165.90614,109.39991,-108.3933,15
166.0531,115.143776,-102.69911,15
165.90985,117.98871,-92.470665,16
166.24727,120.83294,-98.653046,16
166.58122,126.52005,-99.321266,20
166.57373,129.30107,-93.78467,20
166.42526,131.98883,-83.58981,25
166.47571,134.73282,-80.0715,32
166.63373,137.5266,-80.11782,29
166.73477,140.28008,-78.27819,32
168.29442,144.18507,-124.083725,32
168.75021,147.35112,-133.54652,37
168.90701,150.27779,-133.22902,41
169.06256,153.20168,-132.8581,46
169.30212,156.21774,-135.16353,29
169.44624,159.1309,-134.38829,21
169.57947,162.02652,-133.25891,18
169.79259,165.02477,-134.64503,16
170.23947,169.72168,-140.65724,23
170.41508,172.68835,-140.7805,21
170.5505,175.5907,-139.63882,27
170.67653,178.47182,-138.20227,27
170.87975,181.48248,-139.1359,27
171.04977,184.43675,-139.03046,27
171.32123,187.58435,-141.99814,20
171.70326,190.96526,-148.27426,23
171.8271,193.84546,-146.68518,27
171.96927,196.75735,-145.64648,28
172.08253,199.60124,-143.73805,20
172.19835,202.44215,-141.90736,19
172.48868,205.6815,-145.24655,18
172.87363,209.16309,-151.32881,17
173.09154,213.53958,-149.7963,17
173.11517,216.14,-145.22568,16
173.72563,220.26242,-157.69487,16
172.43004,219.30771,-115.032196,15
173.22691,223.93289,-132.85283,16
171.61882,223.02261,-79.28696,15
171.61209,225.32515,-74.21791,15
175.13187,239.35551,-166.20685,18
174.98141,241.37898,-156.7325,24
174.96313,243.77538,-151.02315,24
175.00592,246.3424,-147.05307,28
175.1146,249.10684,-144.9302,29
175.2398,251.91719,-143.26978,30
175.41672,254.89503,-143.03078,29
175.67316,258.1445,-144.9532,27
176.0814,261.93143,-150.97458,26
176.02623,264.10324,-144.38797,19
175.91426,266.0439,-136.32062,53
175.95322,268.50272,-132.3621,75
164.26251,-64.202835,-291.59546,15
162.48224,-45.15508,-202.9411,16
161.45018,-35.2792,-153.32352,15
165.62077,-54.538296,-321.92792,16
165.10031,-45.223633,-290.15994,15
164.93727,-38.056942,-273.57828,15
167.01103,-44.241673,-352.09262,16
170.30797,-55.836586,-479.65176,15
169.437,-46.956425,-436.8234,15
169.79002,-41.650635,-440.163,16
165.4016,-17.825205,-257.17944,16
164.79597,-9.341745,-223.68529,15
164.62793,-1.047062,-204.91467,16
163.45454,8.94812,-150.15508,15
163.761,11.372624,-156.377,15
163.96716,14.187652,-158.64467,16
164.16273,17.052437,-160.46646,15
164.35715,19.932013,-162.20981,15
163.75357,27.04103,-130.76698,18
164.0873,29.427769,-137.86058,20
164.1491,32.636154,-134.6436,19
165.06363,35.19815,-160.51721,16
166.8136,34.09097,-219.87735,16
167.72696,35.40531,-247.71986,15
164.61089,48.035576,-124.39377,15
166.18954,47.810226,-176.6022,16
166.94948,51.323174,-195.66713,16
166.11226,56.355877,-159.74878,16
166.74501,61.818207,-171.28206,17
165.96588,69.56054,-132.60286,18
166.23497,72.33053,-136.69301,17
166.31255,76.943634,-131.33252,17
166.37715,79.978775,-128.22813,20
166.44461,82.99342,-125.23631,25
166.50792,85.99551,-122.11364,20
166.71872,88.84955,-124.05724,19
166.86978,91.761665,-123.92599,24
167.02748,94.668335,-124.007095,23
167.21298,97.558586,-125.00746,21
167.37053,101.960724,-122.41203,17
167.05449,105.043274,-106.62894,15
167.74384,110.69054,-119.141014,15
169.01332,119.42205,-145.01752,15
168.44304,122.278244,-121.22362,16
168.00923,126.44529,-99.49897,22
168.26425,129.3231,-102.61003,19
168.63284,132.26672,-109.3,20
168.20598,134.83119,-90.649826,23
168.2115,137.56038,-85.825554,21
171.00453,145.0617,-163.37006,32
170.50569,147.51411,-142.50725,28
170.40921,150.23123,-134.30232,26
170.69116,153.284,-137.84154,20
170.92296,156.30067,-139.78993,17
171.08014,159.24142,-139.42134,15
170.88982,161.7556,-128.4589,17
171.24788,164.92757,-134.20247,17
171.65474,168.1945,-141.34789,23
171.83003,171.16185,-141.45961,28
171.93681,174.02591,-139.50542,24
172.09026,176.95476,-138.9416,29
172.25215,179.89514,-138.61784,23
172.46689,182.92552,-139.83885,24
172.5959,185.80748,-138.51776,27
172.89445,189.00035,-142.146,19
173.29454,192.40724,-148.6793,22
173.43958,195.33315,-147.75397,32
173.56956,198.22372,-146.38846,25
173.6877,201.08273,-144.68004,27
173.82526,203.97697,-143.52759,24
173.98982,206.92744,-143.13792,19
174.22894,210.05067,-144.84856,19
174.44635,213.12976,-145.91704,23
174.74773,216.42085,-149.31572,17
175.10046,219.85756,-154.10489,15
174.67168,221.29027,-137.11467,16
174.82314,225.43135,-133.82819,15
173.36934,227.44429,-81.797745,15
176.48993,240.06769,-159.38016,21
176.43785,242.39725,-152.93831,23
176.43242,244.84113,-147.79501,24
176.4976,247.48228,-144.57466,27
176.58943,250.1942,-142.08069,29
176.71342,252.99908,-140.4484,30
176.90022,256.0033,-140.4786,29
177.19164,259.35663,-143.24855,29
177.63853,263.24878,-150.05284,26
177.532,265.26468,-142.36081,24
177.4307,267.26697,-134.86115,63
165.56703,-64.212814,-279.16547,15
166.23177,-63.73303,-299.69852,15
164.29993,-46.603123,-212.82487,16
165.28976,-45.871952,-243.31662,15
164.48705,-29.821386,-193.92534,15
168.6977,-43.960907,-348.9821,16
177.51926,-69.4768,-667.5664,16
169.03433,-28.326714,-336.17587,16
164.62105,-6.010084,-162.41695,15
166.62184,-10.353567,-232.43994,15
165.1422,-0.803946,-171.02663,15
163.64462,11.834315,-104.302,16
166.11826,10.148985,-185.13623,15
166.7887,11.540477,-204.18161,15
164.40393,24.407722,-108.919975,15
165.01427,25.891712,-125.88347,17
165.3473,28.280966,-132.66945,19
165.52562,31.141901,-133.82144,21
165.89519,33.497665,-141.78053,15
165.90659,36.82122,-136.91235,15
169.54234,33.02772,-257.44293,15
164.99286,47.176296,-91.75566,16
165.61996,48.94526,-108.682274,16
167.71504,47.73013,-176.54724,16
168.9051,50.452187,-209.62111,15
166.87556,57.64326,-134.24811,15
167.64542,59.50396,-155.44556,15
168.40062,63.162445,-173.25116,19
168.57903,66.17501,-173.9571,17
167.41833,71.07763,-129.5125,17
167.82385,73.672134,-137.99907,17
167.64119,77.031334,-126.75104,15
167.86392,81.41612,-126.513824,19
167.95708,84.392746,-124.51043,24
168.0521,87.35663,-122.56976,19
168.29068,90.19412,-125.32636,22
168.4238,93.12222,-124.60679,28
168.57224,96.03675,-124.3744,29
168.72226,98.94917,-124.17711,28
168.87288,101.86018,-123.98668,19
168.98537,104.78416,-122.56046,19
169.09056,107.70249,-120.900154,18
169.28455,110.5947,-122.05025,16
169.62051,116.39874,-122.63627,15
169.98718,122.21308,-124.10256,15
169.34789,124.94623,-99.33027,17
169.69847,127.84672,-105.27615,26
170.01486,130.765,-110.10379,22
169.9113,134.9018,-99.61179,21
170.21036,137.82655,-103.84399,21
170.65149,140.86552,-112.315,22
173.0949,145.40576,-180.8973,22
172.71455,148.02129,-164.3251,22
171.6724,149.97174,-128.16277,20
172.20999,154.64081,-136.67824,17
172.50717,159.1088,-137.97598,17
172.6847,163.44174,-135.72556,17
173.00197,166.57616,-140.00627,19
173.23853,169.62242,-141.89682,28
173.37865,172.5409,-140.97531,27
173.49716,175.42282,-139.42746,30
173.62364,178.30989,-138.1052,32
173.7872,181.25113,-137.83331,23
174.0291,184.3242,-139.76695,22
174.1823,187.25024,-139.16882,27
174.4784,190.43526,-142.57188,24
174.79477,193.67488,-146.49446,21
175.0158,196.74602,-147.71777,29
175.17189,199.69136,-147.11581,28
175.28323,202.5405,-145.27162,25
175.46272,205.52826,-145.29964,28
175.63931,208.50986,-145.23352,32
175.84872,211.56645,-146.04779,28
176.15321,214.84985,-149.41753,18
177.07495,219.63428,-169.39919,16
176.49684,222.08315,-146.46129,16
174.94582,220.64767,-100.204895,15
174.48965,226.59326,-74.319275,16
177.13448,236.31648,-139.1898,16
177.96503,241.15047,-156.10007,22
177.88835,243.41884,-149.25584,23
177.88657,245.87973,-144.39665,25
177.96452,248.56116,-141.62459,27
178.05765,251.27745,-139.25264,31
178.20914,254.167,-138.38217,31
178.38657,257.13602,-138.16885,31
178.6954,260.53104,-141.27837,28
179.17747,264.5112,-148.72383,25
178.99487,266.29507,-139.38579,32
178.95052,268.51077,-133.57698,66
167.66096,-62.354073,-289.31448,16
165.98541,-47.221554,-216.67694,16
168.05502,-51.723503,-286.38937,15
168.43077,-49.39793,-294.58688,15
168.2052,-40.017082,-274.34952,16
172.95534,-52.979103,-437.8963,16
176.68315,-64.511314,-568.1617,15
178.69981,-68.02031,-634.6941,15
180.41554,-69.87593,-689.6516,16
176.11264,-47.500675,-526.2307,15
165.7809,0.61391,-141.91522,16
165.51842,5.075756,-127.42343,15
164.74893,16.215178,-87.70986,16
167.53285,10.475259,-180.68048,15
165.96173,20.637085,-117.98156,15
165.75473,26.240866,-103.37819,16
166.64438,27.008396,-129.1912,17
166.96329,29.479383,-135.15324,17
167.1014,32.457558,-134.86613,17
167.16519,35.6203,-132.03448,16
169.15208,34.138767,-194.38254,16
166.85611,49.291172,-101.94831,16
169.39601,47.33749,-181.66595,15
170.39766,50.51215,-207.038,15
168.88135,56.61609,-151.85706,15
169.44478,60.557255,-162.75824,16
170.285,65.82783,-179.89497,17
168.82455,71.0758,-127.65478,17
170.66078,76.74262,-174.07639,16
169.3854,81.27273,-128.48363,19
169.49606,84.23585,-127.11246,19
169.52072,87.265335,-123.02875,22
169.74341,90.119064,-125.17276,18
169.87497,93.0472,-124.43723,22
170.03749,95.95267,-124.65384,28
170.1963,98.86115,-124.740166,24
170.32782,101.782005,-123.965744,24
170.52716,104.67477,-125.26401,21
170.71342,107.57801,-126.13465,26
170.87585,110.49042,-126.25717,20
170.59631,114.895805,-110.60734,15
171.16951,117.77282,-123.10877,17
171.54526,120.69763,-129.57353,16
171.39745,125.00025,-117.971794,16
171.34262,127.83095,-111.597,21
171.50548,130.70747,-111.68076,24
171.70537,133.60068,-112.83604,21
171.95453,136.52515,-115.40461,23
172.27951,140.90607,-117.77193,20
174.4579,146.66742,-173.55576,22
173.52069,148.81262,-141.67065,19
173.38629,151.50423,-133.01044,19
174.09769,157.76048,-143.66795,18
174.10498,160.54771,-139.06514,17
174.45847,163.71475,-144.22144,17
174.7609,166.84442,-147.88913,20
174.69864,169.51805,-141.34218,24
174.8328,172.4286,-140.28809,26
174.9711,175.34018,-139.34396,35
175.09349,178.22339,-137.95277,30
175.26418,181.17592,-137.88365,29
175.48396,184.20845,-139.13963,18
175.72098,187.27644,-140.83862,20
175.8089,190.08978,-138.47453,28
176.13544,193.32832,-142.54597,24
176.46053,196.58348,-146.52885,21
176.6563,199.60483,-147.00887,24
176.80849,202.54079,-146.31152,26
176.97888,205.51166,-146.08882,27
177.13521,208.45152,-145.48152,24
177.32976,211.47305,-145.87125,22
177.73189,214.96611,-151.67393,16
179.29826,221.1889,-187.74452,16
178.8508,224.08926,-168.85088,15
176.9128,221.90312,-114.099655,15
176.87767,224.27937,-108.641975,16
174.7113,223.4207,-44.462803,15
180.05154,240.11562,-175.60893,15
179.42242,242.20033,-152.59277,21
179.37314,244.55682,-146.67914,24
179.36287,247.00066,-141.77748,26
179.4139,249.60423,-138.43127,28
179.53627,252.40794,-136.86864,30
179.68083,255.27315,-135.85541,31
179.85922,258.23956,-135.67046,30
180.18448,261.6704,-139.07216,29
180.67772,265.65686,-146.5315,24
180.48596,267.43643,-137.28691,43
168.42554,-59.741062,-258.4973,16
169.17236,-59.444057,-280.10043,15
169.54825,-55.063503,-285.24792,15
169.9455,-52.82138,-293.89594,16
172.81975,-59.912296,-388.0393,15
171.4272,-47.057007,-329.58798,16
173.25258,-50.76993,-388.25726,16
178.94667,-67.97974,-578.9399,16
184.33662,-79.39529,-752.66724,15
177.12502,-41.568665,-489.02396,16
167.48396,-0.245005,-149.35968,15
167.48264,5.010925,-141.95845,15
166.18732,16.054892,-88.57666,15
169.69269,8.455724,-201.63255,15
167.45135,20.446795,-119.22974,14
167.15364,24.619175,-104.603226,16
167.8875,25.870607,-124.200935,18
168.19359,28.371548,-129.53076,20
168.45465,31.018805,-133.32445,17
169.12776,32.67892,-150.52039,16
171.06386,33.224056,-206.0543,15
171.77383,35.14303,-223.90825,15
170.55914,41.23672,-179.70775,15
168.2846,49.213615,-101.93779,16
171.64314,45.87928,-204.39351,16
171.92688,48.781414,-208.35779,16
172.0071,53.763683,-203.31555,15
170.5694,59.45874,-153.1355,16
171.12456,66.7022,-158.41406,18
170.48012,70.74463,-133.65529,17
173.22795,70.54066,-213.6098,16
173.11467,75.652725,-202.58536,15
170.97716,82.604324,-130.08347,20
170.99344,85.650566,-125.89966,18
171.06598,88.62948,-123.43157,20
171.16591,91.57554,-121.79098,18
171.41194,94.421684,-124.51909,19
171.57263,97.32875,-124.66823,21
171.72244,100.24166,-124.47556,23
171.89645,103.14428,-124.983986,25
172.10156,106.04029,-126.387024,21
172.26114,108.9539,-126.42968,24
172.45654,111.86255,-127.501396,22
172.49538,114.787476,-123.99991,18
172.84268,119.15395,-127.11635,17
173.38885,123.57684,-135.86237,16
172.85893,127.774925,-113.79359,18
172.97594,130.64127,-112.56368,34
173.20528,133.54843,-114.5031,22
173.42198,136.45941,-116.05539,22
173.7569,139.44505,-120.892204,22
173.78598,142.26112,-117.13804,20
174.2557,145.3694,-125.64743,20
173.94957,149.2925,-110.33101,19
174.77286,152.74858,-128.46948,18
175.85114,159.35382,-148.74748,18
175.85219,163.53616,-141.80019,16
176.25421,168.1562,-145.70758,24
176.25966,170.91501,-141.22153,34
176.34851,173.76468,-138.98563,23
176.53188,176.73752,-139.27017,28
176.6266,179.58076,-137.18793,31
176.83923,182.59612,-138.22044,27
177.00064,185.53432,-137.8837,20
177.25902,189.96667,-137.78168,25
177.53082,193.09706,-140.28789,23
177.81178,196.25613,-142.9953,21
178.12811,199.49503,-146.58076,22
178.28955,202.44943,-146.1413,23
178.48074,205.4618,-146.45352,23
178.61423,208.35664,-145.27895,26
178.77693,211.30844,-144.84175,18
179.18294,214.78993,-150.54681,15
181.54146,224.03563,-202.96133,16
180.87114,225.17703,-181.4015,16
178.877,223.06192,-127.00295,16
179.90967,228.09312,-148.17793,15
175.59616,222.14847,-32.885937,15
181.0751,241.26698,-158.6241,18
180.88034,243.26868,-149.32494,22
180.83041,245.63123,-143.59898,23
180.82411,248.09222,-138.96046,25
180.8811,250.7155,-135.86931,28
180.99313,253.48712,-134.11035,30
181.1316,256.3304,-132.98492,30
181.32378,259.3324,-133.13382,30
181.66232,262.78778,-136.73474,30
182.0771,266.49832,-142.09258,21
181.97931,268.5975,-135.36815,53
169.64038,-53.654682,-238.27818,15
168.15056,-42.569695,-181.67902,15
171.95712,-52.298866,-302.1489,15
174.66887,-55.7514,-383.385,15
175.78294,-53.839638,-412.3627,16
176.60956,-52.75155,-434.27774,15
186.85564,-77.623474,-756.3713,15
185.98375,-69.028595,-720.33374,16
168.73898,-1.246928,-143.81725,15
168.96078,3.221313,-144.05547,15
168.60838,7.810486,-127.95049,15
168.43265,11.749544,-117.6791,15
171.36119,8.058064,-205.00142,15
170.58444,13.878673,-175.24602,15
169.19177,27.84392,-116.99972,16
169.88263,29.389479,-134.24007,17
170.71751,32.372417,-153.50684,15
173.18933,33.669384,-220.93645,16
173.25627,37.04007,-218.08995,16
173.04422,40.94801,-206.66219,16
173.26689,45.6838,-206.20805,15
173.0119,49.54995,-193.59929,16
172.76309,61.574768,-169.47618,16
172.59647,65.05341,-159.8187,17
171.29016,69.948555,-116.27511,17
173.4894,70.36745,-177.06395,15
177.28218,71.09742,-281.85446,16
172.5258,82.44755,-132.5439,17
172.48082,85.547646,-126.7289,19
172.65152,88.45207,-127.20216,18
172.61293,91.501205,-121.60972,21
172.72342,94.43025,-120.33705,17
173.12589,98.69631,-125.18956,18
173.27902,101.608955,-125.09139,19
173.48589,104.50332,-126.50386,22
173.62654,107.42209,-126.01761,20
173.8112,110.330345,-126.75976,22
174.01483,113.2406,-128.0117,20
174.07442,116.16181,-125.21531,20
174.38225,120.53359,-127.09854,19
174.6074,123.459435,-128.87265,17
174.63737,126.35067,-125.24653,17
174.51314,129.17747,-117.40566,16
174.54396,132.02072,-113.846565,28
174.7467,134.92087,-114.97539,26
175.0248,137.86511,-118.12136,24
175.10785,140.71315,-115.966095,23
175.70023,143.8788,-127.496185,19
176.8676,148.94518,-152.03633,20
176.24042,152.67554,-128.61401,19
177.86737,156.9346,-167.203,19
177.5884,159.5181,-155.28241,19
177.76056,162.51425,-155.27367,18
178.07387,165.66724,-158.93651,16
177.82738,168.18073,-147.9913,21
177.7856,170.89421,-142.42372,27
177.88824,173.76875,-140.61365,23
178.06216,176.73192,-140.63461,27
178.12396,179.53535,-137.77065,27
178.29315,182.48512,-137.65475,29
178.48656,185.47218,-138.1408,32
178.81421,190.01906,-139.78363,17
179.31596,194.87994,-145.74722,16
179.37602,197.65254,-142.80406,17
179.83704,201.15388,-149.85709,18
179.93358,203.99257,-147.79987,22
180.05122,206.8633,-146.26535,19
180.18567,209.76132,-145.14426,20
180.83652,213.73026,-156.67838,15
181.03087,218.08882,-154.72981,16
182.53766,224.0511,-186.8578,16
180.7237,222.5892,-138.43031,16
181.26901,226.41637,-147.19038,15
176.36423,217.2558,-25.126564,15
176.49939,219.86319,-24.434273,15
180.76607,232.7926,-122.077034,15
183.9399,243.37296,-193.03699,15
182.43974,243.35983,-150.84584,21
182.31714,245.55067,-143.57964,23
182.27335,247.92535,-138.20207,26
182.29892,250.47025,-134.4717,29
182.38376,253.16759,-132.13545,32
182.49283,255.925,-130.36545,32
182.64198,258.79318,-129.52269,31
182.90074,261.9863,-131.19066,31
183.30817,265.6395,-136.23283,29
183.48053,268.5884,-135.87679,43
169.83647,-50.945805,-195.89761,15
169.24277,-44.341175,-171.4556,15
168.71918,-38.21607,-149.51582,15
173.35573,-53.126144,-294.7677,16
173.71341,-50.56295,-301.31445,16
176.40184,-53.365173,-378.15,15
181.93684,-68.6452,-548.27484,15
184.24072,-72.63522,-616.06494,16
182.26604,-57.874317,-543.5291,15
168.48825,1.144971,-93.39032,15
169.04588,2.603472,-106.656586,16
171.46826,-1.881925,-178.20918,15
173.51054,-4.737005,-237.32335,15
172.42297,4.076703,-196.364,15
172.77325,6.628057,-202.52571,16
172.86078,9.953221,-200.54056,15
169.47011,22.698378,-91.97447,15
170.50946,24.82816,-117.29301,16
169.57883,30.405056,-84.731064,15
171.46518,30.699772,-135.34142,16
172.34502,33.670654,-155.14594,15
174.87161,31.62121,-226.14143,16
174.85118,35.181885,-220.79443,16
174.83174,40.442566,-213.15637,15
173.27518,51.649372,-155.91568,15
172.97003,56.991535,-140.3668,15
174.97983,57.18391,-194.25992,16
174.17645,63.258354,-164.2213,19
172.30252,68.8854,-105.94317,15
173.13388,70.9287,-125.47966,15
178.81976,69.38712,-280.6819,16
178.55235,73.15595,-268.18967,16
174.0395,85.38877,-129.49182,21
174.22093,88.29336,-130.23885,17
174.15372,92.86756,-121.89589,18
174.1888,95.835815,-118.57941,19
174.37477,98.71545,-119.431885,19
174.69624,101.546295,-123.98278,17
174.93794,104.42707,-126.302155,19
175.06642,107.348236,-125.50395,20
175.25063,110.25542,-126.20923,20
175.46909,113.162865,-127.819664,20
175.65404,116.07984,-128.50027,17
175.76663,118.99757,-127.22135,18
176.03261,121.92554,-130.03342,20
176.20566,124.85152,-130.33649,17
176.24043,127.7446,-126.95709,17
176.14912,132.00096,-118.12856,18
176.14532,134.8247,-113.7803,26
176.41298,137.75859,-116.54814,21
176.59937,140.66168,-117.16352,23
177.05716,143.73656,-124.80061,18
177.86697,147.0922,-141.46236,18
179.4812,151.13742,-178.68777,18
179.57924,154.13135,-176.73067,18
179.46532,158.36563,-167.13968,18
178.82005,161.9925,-144.15892,18
179.59521,165.60748,-159.40205,17
179.27103,168.051,-146.86064,25
179.21754,170.75684,-141.18594,23
179.36453,173.68709,-140.54305,22
179.74054,176.91646,-145.58609,23
179.63869,179.5115,-138.74046,22
179.7377,182.3627,-136.88986,28
179.94655,185.36981,-137.73871,28
180.16003,188.38847,-138.68054,24
180.36649,192.73819,-137.2858,16
180.6611,195.90027,-140.15495,14
181.07954,200.62746,-143.82544,16
181.39964,205.1968,-145.06825,17
181.52776,208.08345,-143.83536,16
183.49722,215.98633,-184.17807,15
184.45367,220.67348,-202.36784,16
184.62875,227.86768,-195.2663,16
186.38387,234.53429,-231.76784,15
177.50885,216.7584,-20.832499,16
185.3727,241.66895,-192.4987,16
185.81935,245.43246,-198.31778,16
184.05696,243.58768,-153.59192,19
183.76959,245.38083,-142.77759,23
183.71815,247.752,-137.38504,24
183.70665,250.2077,-132.92583,27
183.78003,252.87785,-130.40059,31
183.87277,255.5917,-128.31902,32
184.00914,258.4212,-127.216034,32
184.20636,261.42328,-127.46821,32
184.49646,264.70096,-129.7665,34
184.91136,268.36392,-134.79808,35
170.61992,-41.891186,-164.38121,15
170.18701,-36.342052,-146.30122,15
173.3309,-44.02951,-238.41368,16
184.94691,-72.45627,-578.5949,15
185.67305,-70.23584,-594.9638,15
175.0058,-25.255903,-259.5849,15
174.83261,-18.913033,-247.22101,15
174.03735,-12.512298,-218.44188,16
174.24335,-7.651147,-217.8051,16
178.08504,-13.750105,-326.05707,15
177.468,-7.983088,-302.67862,15
173.16736,9.804924,-167.77051,15
171.13731,20.352684,-101.35581,16
171.74043,25.293886,-110.839096,16
171.45122,29.217827,-98.27527,16
173.18533,30.063822,-142.45872,15
173.52232,32.62546,-147.95377,16
174.5928,35.37047,-172.32239,15
177.1121,37.304672,-235.47307,15
174.69719,45.15574,-162.29572,16
175.51604,47.03202,-181.16116,15
174.31204,52.325695,-142.84619,16
175.09993,54.301952,-160.74295,15
175.50737,56.941166,-167.84781,15
174.20137,62.012726,-127.12745,16
173.68169,68.8747,-104.43784,15
174.17308,71.33723,-113.903244,15
175.54047,83.75366,-132.57994,15
175.69724,86.68483,-132.63403,21
175.60371,91.2906,-123.86697,16
175.73619,95.70601,-121.19593,17
175.74072,98.6755,-117.18627,20
175.83719,101.588234,-115.62767,20
176.24477,104.39591,-122.27597,18
176.47772,107.28108,-124.26806,18
176.68733,110.18084,-125.619675,20
176.85065,113.09243,-125.73921,21
177.11737,116.00142,-128.53043,19
177.26955,118.92086,-128.31985,19
177.46437,121.843765,-129.1961,20
177.76462,124.78944,-132.7621,18
177.88448,127.7106,-131.66687,16
177.84059,130.57608,-126.38831,17
177.7248,133.38759,-119.30594,18
177.64468,136.1783,-113.16683,24
178.02467,139.16866,-118.66507,24
178.0422,141.98183,-114.99872,23
178.70242,145.18181,-127.4369,19
181.27196,149.7706,-187.39043,17
181.68886,154.51047,-191.19704,18
180.5376,163.54694,-147.7887,17
180.84332,166.667,-151.04015,19
180.7658,169.37177,-144.94135,17
180.7368,172.10425,-140.04892,32
181.07838,175.27438,-144.11461,17
181.56677,178.65623,-151.66463,19
181.1657,180.86266,-137.85368,21
181.32343,183.79651,-137.45833,23
181.53426,186.80724,-138.31421,28
181.6581,189.68866,-137.09071,28
181.83304,192.64594,-137.06845,18
182.5606,197.86253,-147.91833,17
182.03609,199.63364,-131.48251,15
182.55917,204.52423,-137.46411,16
182.36926,206.80067,-128.93246,16
186.34813,218.4675,-214.37376,14
186.37605,221.31192,-210.60057,15
183.97061,221.74779,-147.06908,15
187.37408,231.72282,-220.10423,15
183.62282,227.43991,-128.873,16
186.36858,238.94437,-182.20717,15
187.27025,245.08633,-195.88959,16
185.41112,244.422,-148.26472,20
185.2287,246.4954,-140.1111,23
185.1478,248.79651,-134.23651,24
185.1596,251.31743,-130.42682,28
185.21573,253.94138,-127.60072,31
185.3134,256.66736,-125.688866,31
185.421,259.4133,-123.997025,32
185.60304,262.36374,-123.913536,33
185.88199,265.59445,-125.90542,35
171.68137,-47.33444,-158.8482,15
171.6537,-43.54756,-153.78203,16
172.08687,-41.748383,-162.74954,15
170.96121,-33.43417,-124.4394,16
172.24039,-35.09676,-158.95139,15
176.38889,-47.877052,-279.43832,15
177.12585,-46.741726,-296.86487,14
176.39725,-38.022507,-268.12485,15
186.63106,-71.17784,-567.1754,16
175.3723,-22.880161,-224.24063,15
175.48755,-19.543983,-223.20894,16
177.10832,-21.115236,-266.18896,15
176.17589,-14.341792,-234.4667,15
176.1827,-6.969058,-225.80183,15
179.71791,-9.626824,-318.4941,16
177.40945,0.573169,-247.73486,15
171.00708,21.154568,-60.821957,16
172.63635,23.321482,-99.34511,15
174.99757,20.885971,-161.96742,15
174.8647,24.563227,-154.08263,15
174.2019,32.62643,-127.374275,16
175.42696,33.340042,-157.3793,15
176.03827,35.44054,-170.16545,15
177.97188,35.109486,-219.3079,15
178.05507,38.420902,-217.23953,16
176.33273,44.85411,-165.74582,15
176.22807,48.310467,-158.73438,16
176.7242,50.777824,-168.08498,15
175.48238,59.05401,-126.27033,15
175.96262,61.52945,-135.1686,16
177.01062,63.33233,-159.19382,16
175.29117,68.58381,-109.18037,15
179.10487,83.6113,-185.28865,15
177.31078,88.02509,-134.39552,20
177.14465,91.15997,-126.05185,17
177.31184,98.543076,-120.35855,17
177.26115,101.518326,-115.07635,18
177.67836,104.32389,-121.74824,19
177.79634,107.23507,-120.75684,18
178.086,110.11245,-124.10245,19
178.28203,113.01687,-125.04853,20
178.60907,115.92204,-129.2666,17
178.74132,118.84291,-128.56198,20
178.8677,121.75952,-127.70148,19
179.23727,124.711754,-132.8788,20
179.40195,127.64399,-132.9275,18
179.54425,130.57,-132.41107,16
179.38818,133.3866,-124.54628,17
179.19423,136.14677,-115.796715,26
179.37556,139.04382,-116.258,23
179.91739,142.14044,-125.47026,22
180.26088,145.16345,-129.79433,23
181.68729,148.93454,-160.22134,19
183.244,154.43579,-191.42525,19
181.44127,155.89824,-144.0521,18
182.009,160.63234,-151.47229,24
182.12088,163.56041,-150.03564,20
182.13113,166.37675,-146.19427,19
182.36024,169.41267,-147.51762,18
182.20071,172.00937,-139.70277,34
182.32686,174.91214,-138.6069,17
182.7856,180.97478,-141.18942,20
182.74706,183.64722,-136.25377,20
183.04707,186.78088,-139.1384,18
183.19785,189.7067,-138.56387,22
183.42093,192.74165,-139.6341,20
182.4444,196.47636,-109.41417,16
182.82893,199.72588,-114.191734,15
182.5321,201.79872,-103.56536,16
184.63264,209.50052,-144.81781,15
188.0414,220.00587,-214.7679,15
186.32628,223.44273,-166.1809,15
185.18585,223.70538,-136.96414,16
186.24258,228.56195,-156.14827,15
188.42896,235.99606,-199.87775,15
188.19206,239.51347,-188.40643,15
188.21991,242.24774,-184.83693,15
187.68605,244.93695,-167.10661,16
186.85063,245.488,-145.08076,21
186.64275,247.50862,-136.62912,22
186.59148,249.89061,-131.5656,24
186.60944,252.4301,-127.9989,28
186.66344,255.04953,-125.21087,31
186.7521,257.75046,-123.16498,32
186.86552,260.5104,-121.64273,31
187.00682,263.342,-120.707184,34
187.2477,266.45193,-121.847305,36
173.05643,-45.0075,-152.7351,16
174.21622,-42.478157,-178.52704,16
174.7893,-33.70083,-182.803,15
176.36638,-35.838768,-224.0315,15
188.51622,-70.70358,-562.35315,16
188.09335,-62.129856,-542.1986,15
177.83116,-22.042841,-244.33376,16
177.35876,-11.298181,-220.37744,16
179.60509,-12.31094,-276.6123,15
180.88834,-12.104701,-307.81134,15
181.558,-10.047432,-321.8098,16
175.93709,12.035011,-158.35994,15
172.4279,25.606947,-56.536163,16
175.72124,20.958006,-142.5424,16
176.82085,23.467573,-166.42276,16
175.76257,29.094706,-133.85794,18
177.11601,29.55438,-166.34747,15
179.13649,28.879189,-216.4649,15
179.24252,33.875393,-213.0165,16
179.2446,37.31204,-208.89798,15
179.94354,42.97462,-219.0257,15
181.3046,46.01939,-248.44252,15
177.42255,58.314384,-138.7439,16
178.80049,59.66909,-170.59766,15
178.94685,64.33051,-168.34517,16
180.6273,73.86817,-197.20497,15
180.1077,85.49506,-169.75763,16
178.85364,89.417656,-134.25038,20
178.64177,92.56088,-125.04936,17
178.77486,95.48357,-124.498665,16
178.87498,98.4173,-123.11742,16
178.34645,101.57011,-106.171684,15
179.1146,104.2508,-121.31574,18
179.1463,107.18035,-118.2381,18
179.45183,110.048996,-121.87342,19
179.73917,112.938736,-125.0268,17
180.0483,115.84443,-128.67331,19
180.27287,120.22392,-128.28429,21
180.42535,123.14227,-128.0757,20
180.80106,126.10188,-133.21811,20
181.11064,129.07169,-136.72693,17
181.11798,131.96483,-132.98636,16
180.99797,136.21529,-124.28964,20
180.70956,138.91434,-113.59735,32
181.51196,142.13474,-128.67152,24
181.92595,145.20374,-134.50383,21
182.1933,148.20757,-136.85075,20
182.39279,151.17543,-137.58511,18
182.85745,155.76613,-142.48817,19
183.37067,159.0211,-150.41344,18
183.60748,162.06395,-151.90376,22
183.73117,165.00475,-150.77263,23
183.87573,167.96158,-150.11383,20
183.69933,170.56767,-142.13148,22
183.74448,173.38702,-139.22316,18
184.54788,181.25699,-147.52667,17
184.35487,185.10953,-137.28474,19
184.59483,188.1586,-138.72647,17
184.84427,191.22888,-140.35568,20
184.8932,194.00186,-137.51738,15
185.32985,197.37286,-143.24792,17
184.83696,199.25694,-128.47357,16
183.86562,200.26599,-103.30079,15
185.87927,207.66507,-141.54276,15
187.95363,214.07545,-182.70692,16
192.00415,224.36273,-266.36826,16
189.18095,221.88649,-201.08902,15
188.44023,223.1962,-181.03839,16
188.67102,226.37035,-181.93633,15
186.98357,225.58774,-141.85007,15
189.45245,234.76324,-188.44536,15
189.83537,238.29625,-192.48602,16
190.40315,243.61667,-198.33461,16
190.15831,245.74675,-189.10329,15
188.4196,245.59784,-146.72559,19
188.14497,247.4872,-137.10733,21
188.04762,249.77255,-131.22137,25
188.04193,252.26303,-127.25891,26
188.06491,254.81015,-123.90619,30
188.13641,257.46957,-121.56189,30
188.20981,260.12418,-119.263115,33
188.32845,262.89185,-117.894196,33
188.42648,265.59723,-116.10687,34
174.40466,-44.45058,-148.27295,16
174.76945,-42.320663,-154.70322,16
175.61497,-42.0173,-174.572,15
174.88889,-35.626892,-150.33449,16
174.85544,-31.956764,-145.56049,15
175.63335,-31.253487,-163.35027,15
177.64803,-34.808342,-215.25266,16
177.39285,-30.21937,-204.15645,15
196.99864,-89.7851,-736.38336,15
196.63603,-80.718376,-717.7632,15
180.02019,-23.889439,-259.7158,16
176.33002,-8.950389,-155.4135,16
179.23367,-14.043872,-230.07974,15
181.7774,-11.899965,-288.07687,15
182.38193,-3.972613,-293.46594,15
180.84412,3.594204,-248.42697,15
173.54424,24.60396,-51.54423,16
177.54265,21.779955,-149.45197,15
178.03989,24.023169,-158.63663,15
177.62502,29.846657,-142.09082,16
181.64117,25.249413,-242.38522,16
180.92781,33.59408,-215.78592,15
185.03854,42.813904,-301.93942,15
180.55557,89.19659,-139.86508,18
180.33636,92.353165,-130.76332,19
180.1069,95.46528,-121.46332,15
180.5796,102.693375,-123.46477,17
180.53154,105.652374,-118.57696,17
180.56879,108.56899,-115.73511,18
181.20474,111.39407,-127.08073,16
181.61989,114.29363,-133.12318,17
181.82483,118.69081,-132.27185,18
182.12404,123.09276,-133.60103,18
182.19922,126.0106,-131.56718,18
182.64551,129.00797,-138.14612,18
182.87096,133.42032,-137.65451,16
182.84924,136.29242,-133.35443,17
182.24416,138.87898,-115.69374,20
182.2908,141.70773,-113.03168,20
183.39282,145.12343,-134.41058,22
183.6147,148.09648,-135.65471,19
183.68803,150.97426,-133.51633,18
184.28049,154.22652,-143.08028,17
184.85684,157.51437,-152.20515,18
184.97917,160.45999,-151.08823,17
185.20097,163.49089,-152.18588,19
185.25703,166.3672,-149.5766,23
185.45358,169.37442,-150.08554,22
185.10399,171.79596,-138.51643,33
186.28542,178.69962,-156.82376,16
186.80545,183.53218,-162.36998,16
186.12753,185.42393,-143.7365,17
186.32333,188.42517,-144.15434,15
186.6116,194.28188,-142.71912,15
186.13905,197.59435,-126.871895,15
184.2321,197.18073,-82.408585,16
189.5079,212.64229,-185.04028,16
193.77496,223.01802,-271.0661,15
193.18123,224.88318,-254.33627,15
191.8832,225.34279,-222.95543,15
190.76312,225.99947,-195.4903,15
187.7741,222.82285,-129.3206,15
188.47658,226.83504,-140.12096,15
191.1381,236.3303,-189.33014,15
191.87149,240.61191,-200.44504,15
192.08963,243.81255,-200.91704,16
190.03671,244.51512,-151.16806,17
189.81485,246.57875,-142.84763,22
189.58992,248.5976,-134.51111,22
189.47163,250.83849,-128.36926,24
189.48293,253.3731,-124.86026,25
189.4997,255.90634,-121.47613,29
189.55736,258.52997,-118.92064,30
189.62352,261.16498,-116.542725,31
189.69798,263.812,-114.33558,33
176.09058,-47.057903,-155.18932,15
176.02951,-43.23494,-149.80904,15
176.45062,-41.273144,-157.52257,16
176.80365,-39.011852,-163.33751,16
176.48973,-34.302475,-151.14847,16
177.90411,-32.159447,-181.6021,16
177.70543,-26.118616,-170.63356,15
183.98581,-42.950222,-333.49457,15
200.49269,-91.12058,-765.69885,15
184.7098,-37.151485,-344.0246,15
180.95161,-21.84122,-240.98042,16
177.27504,-7.396968,-140.73404,16
179.9746,-11.679415,-207.54031,15
183.58078,-16.14229,-295.40427,15
183.29984,-11.574744,-283.97806,15
184.33562,-10.457907,-306.58923,15
186.24158,-7.422829,-347.08398,14
176.47496,20.92672,-91.4721,15
179.33139,17.720926,-160.61214,16
179.02528,21.723467,-149.14088,16
179.21887,24.620527,-150.35541,16
184.80574,24.05466,-279.09534,15
182.04956,89.10735,-140.22997,16
182.09003,92.12138,-137.50456,17
181.92805,95.2152,-130.04913,19
181.63376,98.32219,-119.54563,16
181.7585,101.22954,-118.83202,16
182.13437,104.062904,-123.92565,19
181.91275,107.05335,-115.18146,16
182.20927,109.916405,-118.40112,16
184.17407,118.63517,-152.34335,16
183.9708,123.057846,-142.14468,16
183.88783,125.9711,-136.57219,19
184.31221,128.97397,-142.44557,16
184.4644,131.92789,-142.15692,16
184.4393,134.8183,-137.8924,16
183.78119,140.25066,-115.90008,18
185.06181,145.15454,-138.78629,24
185.12514,148.04143,-136.48482,20
185.17432,150.90733,-133.87323,19
185.54544,153.99168,-138.31387,16
185.94427,157.12006,-143.31581,20
186.5295,160.4284,-152.32419,16
186.58844,163.31714,-149.855,19
186.7108,166.25319,-148.75807,19
186.88344,169.23387,-148.73755,19
186.529,171.66377,-137.39525,36
186.58945,174.49344,-134.98828,17
187.72096,178.54468,-155.4132,15
188.91959,182.77763,-177.11578,15
187.99773,187.22215,-150.00787,14
190.64203,193.56673,-201.8829,14
187.88455,192.5449,-140.16106,15
188.25029,197.1452,-142.22964,16
194.23642,220.86111,-246.57921,15
197.92665,231.88475,-315.82446,15
192.92357,227.0558,-207.77728,15
189.15533,223.87686,-125.73187,15
193.03273,236.95866,-196.28587,15
193.4619,243.32101,-197.09206,16
192.1784,244.55438,-165.80196,15
191.58372,245.84554,-150.26294,19
191.24294,247.6498,-139.8229,20
190.99532,249.62521,-131.27164,22
190.91513,251.96227,-126.04626,23
190.90497,254.44661,-122.21313,26
190.94043,257.02744,-119.28556,28
190.97838,259.60178,-116.414635,31
191.04642,262.24115,-114.136665,31
191.12271,264.89246,-112.02385,32
177.55103,-43.390995,-150.31139,15
178.04787,-39.887882,-157.94995,16
177.87112,-33.961857,-147.98674,16
177.96915,-30.80074,-146.97743,15
178.73625,-29.87704,-163.24576,15
179.67744,-29.420242,-183.88356,15
182.72557,-35.525978,-258.45792,16
185.11282,-35.18076,-311.57193,15
183.55974,-26.691397,-268.02866,16
179.93657,-12.540403,-172.28265,15
180.50717,-10.654524,-183.0801,16
188.38,-26.457106,-375.56775,14
185.9815,-14.243514,-309.15863,15
188.60135,-10.913897,-364.1081,15
187.63753,-4.727935,-336.02692,16
182.35414,14.377732,-197.81529,15
180.78317,21.092293,-155.5945,16
180.5593,24.850552,-146.5518,16
181.06065,28.794079,-153.435,16
183.3663,89.12125,-136.52148,16
183.3824,92.136215,-133.33636,15
183.68393,95.004005,-136.63461,16
182.68283,98.4024,-110.443054,16
183.66759,103.963806,-125.63104,19
183.38716,106.96956,-115.82509,16
183.5947,109.848465,-116.960976,16
187.40039,115.506165,-194.38242,15
185.78122,120.04844,-153.0121,16
185.58707,122.99372,-145.1152,16
185.73975,125.95612,-144.86282,20
185.95671,128.93178,-146.00375,17
186.04068,131.87592,-144.2262,19
186.09714,134.80159,-141.84834,16
185.99379,137.65204,-136.0125,17
185.81075,140.43663,-128.48116,17
187.03708,143.89584,-151.30571,16
186.6806,146.58397,-140.02727,19
186.64198,149.41043,-135.6028,18
186.95348,153.86598,-136.85468,16
187.37254,157.00056,-142.14851,20
187.9643,161.7222,-149.22327,16
187.64891,164.2723,-138.95444,17
188.3297,167.7043,-149.62375,18
188.15514,170.34387,-142.33711,18
188.07642,173.04726,-137.08171,18
190.89354,184.652,-184.4289,15
189.21176,185.41135,-146.09175,15
192.3288,193.64972,-204.43156,15
189.33745,195.14418,-135.9841,15
189.30688,199.13814,-129.9693,16
201.81879,232.43579,-363.43,15
201.35384,234.80704,-349.85388,15
191.6685,223.13722,-150.03374,16
191.138,224.78677,-135.94887,15
194.72552,235.7669,-200.83264,16
195.14584,239.36952,-205.23563,16
195.75565,243.38359,-213.28735,15
195.0325,245.99118,-193.52638,16
193.01521,246.9225,-147.17299,21
192.7144,248.8297,-137.78152,20
192.4709,250.82669,-129.53731,23
192.37823,253.14087,-124.21148,24
192.3551,255.59789,-120.23265,25
192.36221,258.11102,-116.841835,28
192.39793,260.68042,-114.005226,30
192.45207,263.28412,-111.524376,31
179.13689,-45.546883,-154.1308,15
178.81439,-40.854675,-142.52296,15
179.349,-39.232677,-152.60625,15
181.80493,-34.960464,-201.95056,16
182.85617,-34.647327,-224.53511,16
185.22632,-38.248,-279.70557,15
206.03067,-96.73766,-790.63904,16
186.76338,-35.090115,-309.99393,16
180.9254,-11.130111,-159.04883,15
182.5495,-12.088931,-195.29431,15
193.18701,-34.3444,-448.7835,15
190.98618,-16.424906,-382.75058,15
188.56029,-1.090628,-314.38116,15
190.27742,-0.94565,-351.40976,15
183.01772,17.850357,-174.71078,15
181.44957,24.321663,-134.01996,16
182.15973,26.192144,-147.41818,15
182.51323,28.79856,-152.31721,16
186.79575,86.364075,-181.63475,16
185.08084,93.4527,-136.65138,15
183.74443,98.46995,-102.13929,15
184.57767,101.09999,-117.031456,16
185.1949,103.86733,-127.1035,18
185.03555,108.31317,-118.50432,16
185.46194,111.174355,-124.33018,16
187.6024,118.48477,-161.7633,18
187.15852,121.44542,-148.7098,18
187.41306,125.907486,-148.87424,22
187.43823,128.85153,-145.89508,17
187.5868,131.81386,-145.5352,20
187.70186,134.76346,-144.45728,16
187.46173,137.57176,-135.89592,16
189.27907,142.71141,-168.75185,15
188.49834,145.24776,-148.85793,16
188.41557,148.08087,-143.60616,18
188.23451,150.82611,-136.33484,15
188.55283,153.87245,-139.42926,16
188.88286,156.94318,-142.73177,18
189.09457,159.9384,-143.56886,18
189.51083,165.9358,-145.04298,15
189.9036,169.11316,-149.51468,19
189.47818,171.50603,-137.33394,31
190.8665,175.7192,-161.92627,15
192.06387,185.56664,-175.20787,15
190.43063,194.53915,-128.41626,15
204.7516,234.26723,-385.86115,14
198.36972,228.06339,-256.02997,15
197.55986,230.98993,-234.6181,15
199.49681,240.37456,-264.02707,15
199.22165,247.0849,-249.05325,16
196.95354,246.66971,-200.43947,16
194.47537,244.16031,-150.08699,16
194.63875,247.12537,-149.60646,19
194.31223,249.00919,-139.95547,20
194.01987,250.92592,-130.99301,23
193.88348,253.15929,-124.97658,23
193.81227,255.51791,-120.19805,23
193.78752,257.96558,-116.297104,25
193.83377,260.56778,-113.72022,27
193.86139,263.11316,-110.809074,29
177.37828,-35.71901,-75.433,15
178.70523,-37.079193,-104.88304,15
180.43173,-39.624798,-143.92136,15
181.58594,-34.71363,-163.72757,15
183.91397,-38.56256,-216.72142,15
184.34235,-34.390232,-221.79114,16
185.2283,-33.370403,-239.55803,16
188.79536,-40.024258,-321.43225,15
188.05472,-32.062763,-298.05508,15
180.67368,-8.129678,-118.79922,16
180.14806,-3.442432,-103.119934,15
192.60837,-30.28958,-392.48172,15
192.09067,-22.909756,-374.2824,15
192.38742,-15.593644,-373.27844,15
195.74522,-19.099274,-447.5194,15
186.93288,5.926012,-236.86433,15
183.79317,17.609543,-159.01,15
183.50806,21.478123,-149.09601,15
181.8102,27.961708,-106.80152,15
187.18724,21.28358,-226.65437,15
186.70753,88.74663,-144.95863,16
183.58685,93.3185,-74.60644,15
186.90378,94.727844,-142.42433,16
186.6111,103.80061,-126.13291,18
186.0994,106.85112,-111.98476,16
183.95303,110.06723,-63.454227,15
188.71512,121.370804,-150.08737,17
188.9202,124.35359,-150.92784,16
188.9239,127.30396,-147.58176,17
189.02422,130.25987,-146.23569,19
189.22165,133.23715,-146.88457,19
189.2491,136.15944,-144.02867,15
189.04521,138.9752,-136.44708,16
189.89462,142.22574,-150.3721,15
189.97905,146.60742,-146.93285,15
190.04285,149.51848,-144.794,16
190.55643,152.70285,-151.72766,16
190.15376,156.71498,-138.47343,17
190.61018,159.88428,-144.19771,17
190.18538,165.15999,-128.89311,15
190.9315,171.4067,-136.87805,26
194.26776,179.01279,-197.4188,16
192.80472,181.761,-163.35428,15
196.31406,194.55367,-220.99585,14
197.44199,200.44002,-237.26924,15
209.0667,239.9321,-431.16562,15
201.95964,235.8141,-286.99786,15
199.25328,233.93529,-232.48189,15
202.26674,242.3618,-284.95544,15
206.47374,253.29294,-359.28394,16
202.60931,248.96135,-283.54922,16
202.25876,251.225,-273.19415,15
199.36081,248.2926,-215.96773,15
197.32687,246.87732,-174.94939,15
196.27289,247.3364,-152.11266,17
195.95128,249.26422,-142.7732,20
195.57169,251.0225,-132.42702,20
195.39406,253.18475,-125.798584,21
195.27998,255.4618,-120.35166,23
195.25659,257.92456,-116.563866,25
195.25671,260.4263,-113.21412,25
195.28496,262.98083,-110.380516,27
178.16652,-33.6651,-60.765526,15
179.35576,-34.474163,-86.06232,15
181.84027,-39.4234,-141.88026,16
182.00562,-36.507538,-142.61148,15
185.25226,-37.880077,-210.80983,16
185.60947,-35.32357,-215.79198,15
186.41629,-34.050625,-231.21758,15
190.32318,-39.55684,-316.77386,15
186.72922,-22.156366,-226.48007,16
181.53268,-3.388642,-101.91739,15
195.24745,-32.410538,-411.20206,16
195.08885,-27.903025,-403.6349,15
192.71788,-16.323854,-343.86746,16
194.49373,-16.39005,-380.3453,16
197.3355,-18.55027,-440.68622,16
185.3464,12.444654,-164.89459,15
184.49298,20.743801,-139.29172,15
187.73073,19.645416,-206.6254,16
188.95782,20.888319,-230.49284,15
188.41487,87.014725,-151.23459,16
188.31892,103.6592,-131.22539,17
190.68794,119.82731,-161.5012,15
190.47964,124.2822,-152.25757,16
190.47499,127.23571,-148.82832,20
190.52835,130.1847,-146.57137,19
190.67326,133.14784,-146.14919,17
191.02289,136.17722,-149.80318,15
190.50743,138.8924,-136.20116,19
195.58554,147.09155,-230.10678,14
193.96272,150.81166,-192.75401,15
191.50688,156.55159,-136.03845,18
191.91989,159.67673,-140.77383,16
190.697,164.28578,-110.41042,15
192.48029,169.99861,-139.95193,17
195.41782,175.6048,-193.12541,15
197.05402,180.16809,-221.00941,15
194.2999,180.24706,-164.755,16
202.45673,204.73935,-301.40933,15
204.40314,237.03963,-301.0138,15
206.03316,244.49538,-324.96146,16
209.47618,255.4654,-381.56104,16
202.90413,249.18033,-254.88051,15
201.41777,249.14117,-224.45195,15
199.94617,248.99,-194.45995,16
197.7649,248.55682,-150.25803,18
197.35358,250.30623,-139.55403,20
197.05737,252.25526,-130.94736,21
196.827,254.31004,-123.548004,21
196.75989,256.69724,-119.06298,23
196.70866,259.1008,-114.87588,24
196.70726,261.6015,-111.578705,26
196.77045,264.24033,-109.422,26
178.98718,-30.262295,-46.338436,15
182.73096,-39.278133,-129.59009,15
181.16975,-27.629921,-87.83801,15
187.40865,-39.674114,-223.85164,16
187.49403,-34.45054,-220.84486,15
190.68172,-39.74968,-289.5361,15
195.72575,-47.632465,-397.74954,15
192.49031,-34.993473,-321.41486,16
182.88449,-4.870689,-101.535095,16
195.47845,-30.655237,-377.19034,15
196.80405,-27.724718,-400.9614,15
195.3763,-18.43754,-363.77423,16
197.04298,-18.10677,-396.73727,15
200.54208,-21.438232,-469.702,15
186.13986,15.454678,-147.52614,15
186.22649,18.55872,-146.29816,15
192.07477,12.804912,-268.3333,15
190.54477,22.56398,-228.46715,15
190.98817,103.28081,-155.34671,15
192.57901,119.7628,-169.0757,15
192.15654,122.73549,-157.45615,15
191.93114,125.675995,-149.76466,18
191.98463,128.6312,-147.56935,18
192.08052,131.58556,-146.20198,16
192.18756,134.53625,-145.0478,17
192.14182,137.42784,-140.91904,16
191.9984,140.25922,-134.91006,18
193.94127,161.41608,-149.40346,15
194.12056,167.24124,-146.23645,14
193.72963,171.11249,-133.98364,18
196.28462,179.21649,-175.22891,15
196.31256,182.11206,-172.38258,14
209.88196,246.4874,-364.65738,15
207.49713,248.56488,-314.53012,16
205.29315,247.56429,-271.801,16
205.36057,252.10875,-267.48337,16
203.98808,252.36542,-239.75818,16
202.05975,251.38899,-202.46826,16
199.295,248.54347,-150.80615,18
198.97394,250.5104,-141.91241,20
198.72893,252.59697,-134.37991,20
198.46596,254.61069,-126.57205,19
198.3175,256.83978,-120.775856,21
198.22556,259.16855,-115.975136,22
198.21469,261.65988,-112.5835,25
198.24878,264.24005,-109.971504,24
179.69774,-28.227013,-31.691656,15
181.18405,-25.046246,-58.030304,14
180.08742,-18.611937,-30.986109,15
190.96577,-45.411823,-267.03293,15
191.17036,-40.336823,-266.57434,15
192.61124,-38.589806,-293.16202,15
199.135,-49.761257,-430.34515,16
201.71365,-52.059906,-482.6758,15
185.86136,-8.740808,-134.96785,16
202.11603,-42.177822,-481.6603,15
197.145,-18.507273,-363.4748,16
202.93433,-22.50627,-479.70837,15
187.45721,15.710991,-143.7768,15
190.89726,14.286801,-211.90291,15
191.6895,18.053274,-223.76965,16
191.90674,86.5834,-161.20483,15
193.82469,127.13784,-155.85207,17
194.16908,130.16962,-159.23967,17
194.04213,133.0943,-153.63185,16
193.99815,137.47667,-148.02791,16
193.41443,140.15933,-133.83253,20
191.58228,142.22424,-96.19473,15
194.98322,155.30846,-147.42911,16
195.0738,166.72652,-136.3791,15
195.05882,169.51448,-132.93597,23
194.92172,173.55783,-125.68998,16
212.66045,249.6883,-380.05542,16
207.11366,244.789,-278.19464,15
206.54887,246.7537,-264.8371,16
205.25554,247.31612,-239.00673,16
208.73686,259.72708,-291.5912,16
199.15839,243.9347,-124.515335,16
200.24986,250.00569,-138.30972,18
200.2386,252.58589,-134.9125,19
200.22803,255.15234,-131.53802,20
199.8824,256.98752,-122.53136,21
199.92207,259.6206,-120.03928,22
199.75597,261.78702,-114.10779,23
