-26.3539,113.25714,-62.705444,15
-34.854195,112.92099,-127.30544,15
-46.403416,107.73877,-211.3363,15
-32.585667,115.791626,-123.290474,16
-32.886997,118.73184,-126.36391,15
-38.09945,106.49235,-166.36551,15
-33.575867,114.19651,-139.1907,15
-39.142677,118.70957,-177.88664,16
-34.35923,121.67288,-147.18675,16
-46.257473,102.579414,-229.99506,15
-44.36239,107.49935,-219.1591,17
-42.99064,110.735,-211.1858,15
-40.626083,117.077705,-197.71977,16
-39.255135,121.7503,-190.27708,17
-43.880913,125.07201,-222.552,16
-36.823605,130.9406,-177.38739,15
-42.120304,102.69928,-213.09843,14
-42.855644,105.81471,-219.27762,16
-43.24501,108.97907,-223.12883,18
-41.125656,113.818016,-210.63017,16
-39.542625,120.13374,-202.31212,18
-39.754776,126.454124,-206.13223,15
-43.959038,102.322624,-236.52467,15
-42.084286,105.67128,-225.01637,17
-41.614002,108.89107,-223.0503,20
-39.997387,112.13445,-213.25626,19
-38.188457,115.32775,-202.12456,18
-38.14029,118.47307,-203.00102,17
-39.135086,124.82459,-212.21982,15
-37.282803,127.89315,-200.72705,16
-38.945087,131.18045,-213.32759,17
-34.060673,101.40562,-179.22252,16
-41.018864,103.94488,-228.20915,16
-40.447773,107.1815,-225.53772,25
-39.246544,110.428795,-218.52032,20
-36.99488,113.66111,-204.24844,22
-36.39488,116.8121,-201.33133,19
-35.854706,119.94836,-198.81685,17
-36.41145,123.10809,-203.87213,16
-37.15183,127.892624,-210.81084,16
-22.206312,131.33357,-109.04736,14
-25.782167,134.63252,-134.96092,14
-28.793846,137.99944,-157.00517,16
-20.704233,139.87436,-101.91618,15
-18.341522,142.39114,-86.56446,14
-36.776867,100.91159,-208.82388,15
-39.53059,103.84623,-229.15764,18
-38.880135,107.089966,-225.91081,27
-36.97369,110.367294,-213.92944,26
-34.58863,113.59133,-198.59087,25
-32.962395,116.73073,-188.49742,17
-34.02798,119.856255,-197.13312,21
-35.199276,123.03142,-206.51979,17
-35.49502,126.21112,-209.80887,17
-33.446,129.24243,-196.71346,15
-31.075977,132.175,-181.34103,14
-26.945187,136.35172,-154.1814,17
-23.29836,140.38052,-130.32553,16
-41.591476,164.79124,-266.85892,14
-38.57558,102.09932,-233.20827,17
-37.448467,105.39136,-226.60173,20
-36.10462,108.65907,-218.45808,28
-32.94958,111.941765,-197.58777,27
-30.882004,115.09837,-184.30548,21
-31.85908,118.19971,-192.39342,19
-32.91241,121.34597,-201.03075,18
-34.060574,124.542435,-210.34988,19
-32.691162,127.63386,-201.93149,17
-25.150414,134.71756,-151.68242,16
-24.18718,137.62476,-146.03275,16
-22.041601,140.32832,-131.99118,15
-24.657543,143.74606,-151.6845,14
-31.599716,157.63025,-205.7469,15
-32.878223,162.78084,-216.67015,15
-32.146416,178.7628,-217.46587,16
-32.389996,99.29731,-199.79237,15
-36.329983,103.66615,-229.51193,20
-34.146603,107.00473,-215.36377,26
-31.085941,110.30521,-194.97191,29
-30.32531,113.442566,-190.82887,29
-30.33812,116.55401,-192.15884,20
-32.226543,122.859566,-208.05518,25
-31.966309,126.01334,-207.45207,18
-30.873365,132.2598,-202.14761,15
-24.046865,134.67575,-154.65524,17
-16.676357,138.2179,-103.73539,15
-29.171494,144.66399,-194.88829,16
-30.544,148.07587,-205.94102,15
-31.363098,157.8664,-215.49776,16
-30.827957,160.95218,-212.87202,14
-32.892815,164.76042,-228.96881,16
-27.024517,175.76729,-191.44734,15
-34.468014,100.404526,-226.52055,17
-30.204863,103.94418,-197.42227,22
-28.929976,107.142586,-189.5879,28
-28.90388,110.244934,-190.65636,36
-29.645758,113.334045,-197.21652,24
-27.507303,118.019516,-183.77962,22
-29.77602,121.1693,-201.29128,22
-30.369644,124.34152,-206.80817,23
-29.093061,127.42806,-198.88959,16
-28.009476,130.48788,-192.3388,15
-22.351656,133.05489,-152.82088,17
-22.12616,136.05879,-152.38701,16
-28.243546,144.68095,-199.58443,15
-28.553337,147.90776,-203.05844,15
-25.34412,150.42572,-181.04099,16
-30.035763,154.61406,-216.27423,16
-30.3429,159.53278,-220.36684,16
-33.387505,163.6133,-243.74678,17
-24.09896,170.45392,-179.78407,15
-24.661602,173.80072,-185.08206,15
-27.137829,177.89355,-204.37337,15
-26.940971,184.26381,-205.35144,14
-13.137089,91.115364,-80.12024,15
-25.845953,102.55801,-176.79382,20
-26.336023,105.58403,-181.5807,31
-26.980675,108.626945,-187.48863,32
-26.130188,111.7531,-182.61137,26
-26.465769,114.83469,-186.29118,30
-25.880198,117.932396,-183.3104,23
-27.826859,121.07226,-198.65907,25
-27.732706,124.20779,-199.23985,21
-29.538383,127.46355,-213.60709,16
-21.85265,130.02682,-159.03693,15
-21.052574,132.99011,-154.43033,17
-23.787766,137.89978,-176.1646,16
-21.560036,142.19525,-161.74536,16
-27.000744,147.8213,-203.31624,15
-27.228262,151.05096,-206.22624,16
-28.31729,154.49315,-215.44804,16
-28.634272,159.41139,-219.65231,18
-29.90016,164.63773,-230.83264,15
-27.713737,168.86047,-216.63571,15
-27.296232,173.58347,-215.42273,15
-26.391815,176.49734,-209.98843,17
-25.93035,179.55405,-207.81052,15
-26.69438,186.35602,-215.9147,15
-18.907753,92.67647,-133.36334,15
-23.994877,100.976814,-173.99217,19
-24.698166,103.96994,-180.37164,36
-25.06839,107.01819,-184.33685,31
-24.635727,110.12376,-182.45676,31
-24.471128,113.21221,-182.52365,29
-24.395647,116.30028,-183.23726,26
-24.96528,119.40041,-188.66402,26
-25.351492,122.52353,-192.7562,25
-25.16006,125.6385,-192.62152,17
-24.06872,128.68846,-185.88286,18
-17.84223,131.23456,-141.42546,17
-21.108345,134.59425,-166.63411,17
-22.455593,137.83893,-177.7752,16
-23.38808,141.08131,-185.8815,16
-25.131214,144.50548,-199.97827,18
-25.889782,147.81876,-206.83418,19
-26.801395,151.20149,-214.83157,18
-26.481564,154.34488,-213.73343,16
-27.015516,159.31291,-219.5846,19
-26.341223,162.36371,-215.85013,16
-25.997427,165.49393,-214.55763,17
-25.986967,168.72437,-215.73595,16
-25.112574,171.66797,-210.48555,17
-25.235495,174.9431,-212.64806,18
-25.183943,178.16428,-213.51071,18
-25.93142,181.71135,-220.33485,16
-24.608873,184.4242,-211.70459,15
-27.200369,188.81999,-232.32509,15
-5.025002,69.28378,-31.924166,15
-16.03405,94.27546,-123.89439,16
-22.56896,97.83326,-173.60948,17
-22.84752,100.851425,-176.9329,25
-23.379906,103.86524,-182.123,39
-23.190481,106.953896,-182.01518,32
-22.980389,110.04276,-181.75092,33
-23.112621,113.12087,-184.00356,28
-22.96606,116.21286,-184.20116,27
-23.567423,119.315125,-189.91653,28
-24.23244,122.44992,-196.11081,20
-22.602285,125.49875,-185.33356,17
-22.241913,128.58098,-183.9335,16
-18.340355,131.33194,-156.26947,20
-20.045803,134.55899,-170.16098,18
-21.006933,137.76308,-178.54782,18
-22.091236,141.03104,-187.86526,19
-23.95233,144.48233,-202.98361,19
-24.349264,147.73532,-207.21548,19
-24.864029,151.03638,-212.33195,18
-25.356953,154.36034,-217.29233,20
-25.353626,157.5867,-218.54805,21
-25.111673,160.75546,-218.01602,22
-24.874725,163.92336,-217.5166,20
-24.80514,167.14136,-218.268,23
-24.456743,170.27129,-216.92314,20
-23.786396,173.2808,-213.15108,21
-23.722902,176.49727,-213.93501,22
-26.486837,182.4878,-236.66228,16
-23.63852,184.592,-216.44765,15
-25.14528,188.52754,-229.0885,16
-4.181578,71.68871,-36.851337,15
-20.200197,88.801125,-163.66803,15
-19.589378,94.918724,-161.73134,16
-20.350027,97.83502,-168.64062,19
-21.38451,100.758446,-177.58955,36
-21.340647,103.82254,-178.55844,33
-21.186632,106.89889,-178.70766,27
-21.088928,109.9732,-179.27153,24
-21.566801,114.57892,-184.76031,28
-21.682514,117.67321,-186.91272,25
-22.34379,120.790886,-193.136,25
-20.660143,125.391014,-182.49498,18
-20.631706,128.48897,-183.56067,21
-18.085108,131.36154,-165.76535,25
-19.31797,134.56169,-176.26378,20
-19.947807,137.73882,-182.25513,21
-20.887299,140.99538,-190.58243,25
-22.680008,144.44402,-205.34212,28
-23.180096,147.72348,-210.3962,22
-23.487532,150.98953,-214.00504,22
-23.847155,154.28764,-218.01172,21
-23.69115,157.47705,-218.12772,25
-23.524239,160.6646,-218.15762,28
-23.377821,163.85886,-218.33902,25
-23.132248,167.02347,-217.76553,21
-22.44841,170.03848,-213.86171,19
-21.819088,173.0523,-210.36,21
-22.12152,176.399,-213.93199,20
-24.48625,180.58582,-233.2062,15
-22.240417,182.94966,-217.38522,17
-22.872446,186.49184,-223.47975,18
-6.029258,70.55099,-60.567886,16
-20.84602,88.313286,-179.8999,16
-18.215338,91.8062,-161.60591,16
-18.533714,94.76718,-165.27847,18
-19.24842,97.696556,-171.91693,26
-19.281103,100.73442,-173.46399,29
-19.06098,103.80245,-173.117,27
-19.374836,106.83195,-176.76895,21
-19.518747,109.88886,-179.14932,24
-19.596516,112.96014,-181.03395,25
-19.481598,116.04297,-181.4691,24
-18.008041,119.11232,-171.66812,24
-17.947052,122.17408,-172.49231,21
-18.785046,125.28681,-180.10045,21
-18.516018,128.36061,-179.35577,23
-18.016499,131.40926,-176.86179,28
-18.40637,134.5447,-181.09436,26
-18.947481,137.72308,-186.47919,36
-19.715736,140.96535,-193.59622,33
-21.044754,144.34346,-204.98622,25
-22.069223,147.7241,-214.0807,23
-22.100664,150.94118,-215.62872,23
-22.215574,154.1866,-217.81265,27
-22.015472,157.36377,-217.5933,29
-21.734777,160.51794,-216.75388,29
-21.531736,163.69121,-216.50284,22
-21.273472,166.84608,-215.82462,21
-20.510893,169.8273,-211.27544,22
-19.98145,172.86812,-208.5018,22
-20.378775,176.24686,-212.83829,18
-20.616867,179.58612,-215.95596,17
-20.756372,182.90154,-218.3179,21
-20.626007,186.11115,-218.60153,17
-8.26797,69.25712,-87.672134,15
-16.645239,90.23124,-160.65146,15
-17.336327,93.12413,-167.16759,18
-17.671974,96.10063,-171.0131,26
-17.329544,99.17824,-169.74191,25
-17.299364,102.21773,-170.82481,23
-17.658653,105.23168,-174.85442,20
-17.665655,108.28776,-176.21925,20
-17.744274,111.348076,-178.12646,21
-17.591541,114.42287,-178.27672,23
-17.313992,117.49821,-177.47404,23
-17.14506,120.571556,-177.4925,24
-16.95505,123.6441,-177.34634,21
-17.220167,126.7441,-180.6687,29
-17.100206,129.83022,-181.05295,41
-17.22143,132.9433,-183.27863,42
-17.639666,136.10507,-187.77928,34
-17.979328,139.27989,-191.68394,28
-18.883944,142.5688,-199.92827,26
-19.153517,145.78484,-203.3091,28
-20.388075,149.2179,-214.11433,26
-20.384233,152.42921,-215.40584,28
-20.404049,155.65378,-216.8787,26
-20.128973,158.80772,-216.07576,20
-20.05064,162.0147,-216.78699,24
-19.7348,165.15242,-215.65955,23
-19.134436,168.19058,-212.32338,24
-18.03146,171.03436,-205.08127,22
-18.660135,174.48521,-211.254,19
-18.671553,177.72713,-212.64272,20
-19.09051,181.14664,-217.19963,26
-19.37153,184.53159,-220.68939,20
-18.81382,187.55261,-217.64792,16
-6.16737,70.79942,-83.2586,15
-20.932775,72.060326,-197.30882,16
-16.35939,85.3964,-168.10019,15
-16.385704,88.40865,-169.63348,17
-15.836839,93.03645,-167.4536,22
-15.942424,96.04483,-169.58441,26
-15.591585,99.11954,-168.23349,26
-15.422722,102.16837,-168.26546,23
-15.61334,105.18801,-171.04272,20
-15.7482,108.225555,-173.3954,21
-15.801287,111.2787,-175.1226,22
-16.207813,114.333855,-179.56215,23
-16.110472,117.4123,-180.13664,21
-15.77381,120.48874,-178.86769,25
-15.627575,123.566315,-179.05829,29
-15.805787,126.66503,-181.74658,42
-15.830324,129.76549,-183.25099,43
-15.954183,132.8844,-185.52232,34
-15.822304,135.98392,-185.81674,31
-15.748967,139.0937,-186.56133,31
-15.383228,142.15936,-185.03683,33
-15.370643,145.28293,-186.2461,34
-15.9725,148.54063,-192.22874,33
-15.791257,151.65228,-192.12933,32
-18.124012,155.39017,-211.6041,25
-18.444815,158.69017,-215.43285,24
-18.179024,161.8405,-214.68802,23
-17.976015,165.007,-214.42845,24
-16.903992,167.88277,-207.36685,23
-16.32581,170.89601,-204.15332,20
-17.03081,174.37518,-210.98898,20
-17.195923,177.6777,-213.59898,28
-17.685236,181.13103,-218.75856,24
-18.052385,184.55951,-222.96512,17
-21.92926,189.63304,-254.8145,15
-12.581637,190.07768,-183.11786,16
-18.256546,57.10608,-182.00865,15
-3.264464,72.594734,-72.63017,16
-6.537715,81.41232,-102.031555,15
-15.016596,82.26028,-168.24918,15
-14.755641,88.34508,-168.94188,18
-14.229492,91.45837,-166.24196,21
-14.129674,94.49146,-166.81244,25
-13.874695,97.547905,-166.18483,24
-13.789533,100.58151,-166.8615,21
-13.532075,103.63437,-166.20515,20
-13.767315,106.64797,-169.35263,23
-14.021596,109.67711,-172.65071,20
-14.357692,112.721054,-176.58653,21
-14.213154,115.790825,-176.7985,21
-14.313887,118.86416,-178.91211,27
-14.214747,121.94255,-179.4724,29
-14.197375,125.02818,-180.66656,30
-14.091839,128.11386,-181.17247,28
-14.259743,131.22784,-183.80933,32
-14.153098,134.32474,-184.30354,37
-13.870548,137.4007,-183.41937,37
-13.838707,140.5113,-184.49236,32
-14.335973,143.72162,-189.71152,35
-15.145664,147.02228,-197.39058,33
-14.885484,150.12996,-196.67786,39
-14.174016,153.12566,-192.4103,35
-15.347358,156.59216,-202.97092,27
-16.30094,160.05405,-211.81927,25
-16.135386,163.2237,-211.85167,23
-14.975251,166.07002,-204.02245,22
-14.935511,169.26357,-205.03413,21
-15.155049,172.55887,-208.09776,22
-15.478258,175.91199,-211.98654,32
-16.057144,179.39238,-217.90968,23
-16.20239,182.71785,-220.39726,18
-17.354568,186.5162,-230.89621,16
-8.692226,190.38318,-165.1638,16
8.281629,202.64912,-38.148865,14
-16.292227,58.698597,-179.59055,15
0.081587,70.45505,-56.48801,15
-0.967187,72.81468,-65.80215,15
-4.106321,74.57777,-91.24507,15
-6.691343,80.92408,-114.42071,16
-11.276484,84.18655,-151.87624,16
-13.06713,86.78722,-167.09969,18
-12.78941,89.85349,-166.30028,22
-12.404788,92.932884,-164.66418,28
-12.238861,95.97143,-164.72168,30
-11.79625,99.04453,-162.62006,20
-11.924623,102.04657,-164.9624,20
-12.244624,105.044685,-168.80254,22
-12.926904,108.0401,-175.47964,21
-12.87071,111.10204,-176.38893,25
-12.784673,114.16932,-177.06256,21
-12.837919,117.239975,-178.8264,29
-12.833068,120.31884,-180.13414,40
-12.737642,123.40092,-180.72882,36
-12.376289,126.4697,-179.22768,26
-12.409136,129.5633,-180.82587,33
-12.522803,132.67403,-183.06161,34
-12.30274,135.75502,-182.66248,34
-12.213483,138.85326,-183.29306,37
-12.411892,142.00337,-186.19897,39
-13.464057,145.33084,-195.87512,38
-14.665756,148.74214,-206.7564,33
-14.063089,151.7943,-203.32375,32
-13.449306,154.82555,-199.7911,25
-12.55948,157.76234,-194.04866,29
-13.572952,161.23244,-203.46246,25
-13.370403,164.36754,-203.18906,21
-13.243804,167.52757,-203.5184,26
-13.605759,170.86649,-207.75284,25
-13.961765,174.22682,-211.94586,31
-14.225427,177.57335,-215.40453,27
-14.748345,181.05013,-220.9485,18
-14.255474,184.10237,-218.33937,18
-13.899353,187.20554,-216.82104,17
-10.192305,188.65068,-188.3096,17
-7.673117,190.55174,-169.30798,16
5.483064,189.50533,-65.57121,16
12.891549,198.97565,-11.206449,14
7.021941,210.11734,-61.784317,14
-15.437041,61.379753,-186.41919,16
-3.431624,70.05628,-95.21515,15
-0.932608,73.66769,-77.06416,15
-7.449389,74.46089,-129.11809,18
-6.144474,82.05083,-122.25439,16
-11.65137,85.17596,-167.35217,19
-11.31503,88.25572,-166.08656,22
-10.717228,91.37513,-162.76175,30
-10.691319,94.38618,-163.91876,28
-9.900784,97.50796,-159.05908,22
-9.711281,100.53369,-158.91794,23
-10.846851,103.43163,-169.22186,20
-11.711757,107.93439,-178.09244,25
-11.395434,111.01399,-176.95636,25
-11.26812,114.08318,-177.31029,25
-11.357388,117.15388,-179.3782,37
-11.320907,120.23305,-180.44893,40
-11.294468,123.318306,-181.59811,33
-11.055429,126.39656,-181.05472,27
-10.666665,129.45947,-179.3136,36
-10.801867,132.56804,-181.743,34
-10.679072,135.6573,-182.11438,36
-10.629889,138.75957,-183.07137,38
-11.347655,141.99681,-190.16418,37
-10.920357,145.05441,-188.09598,37
-10.451108,149.65881,-186.35565,24
-11.096918,152.95544,-192.89014,20
-12.119759,156.38812,-202.46893,21
-11.791109,159.48401,-201.18219,26
-11.2409,162.50482,-198.10248,22
-11.631099,165.82132,-202.60313,28
-11.96536,169.1431,-206.65854,30
-12.37759,172.51688,-211.3506,26
-12.395339,175.76007,-212.85483,23
-12.599145,179.09032,-215.86775,18
-12.649819,182.37015,-217.64102,19
-12.922037,185.76328,-221.21562,19
-6.232643,188.9331,-169.45279,17
-5.618006,191.75536,-165.74258,17
5.185594,190.37476,-79.43183,14
-5.614985,199.62593,-168.95918,16
-14.966403,59.361088,-194.26065,15
-4.381931,67.72991,-113.32166,16
-1.756438,71.464355,-94.018814,15
-5.865181,72.969086,-127.66133,17
-6.69768,78.5348,-136.92143,16
-5.422256,83.23427,-128.8712,16
-10.172328,85.082985,-167.7977,27
-9.391236,88.25382,-162.99445,22
-9.057545,91.31783,-161.72432,38
-8.853063,94.35403,-161.47324,26
-7.984073,97.48112,-155.93402,25
-8.320045,100.43601,-159.96976,25
-9.788758,103.30178,-173.03938,18
-10.326333,106.30747,-178.70616,19
-9.732901,109.40525,-175.34674,27
-9.898664,112.45934,-178.04788,30
-9.841049,115.53049,-178.96272,39
-9.737892,118.60603,-179.51071,34
-9.706719,121.68663,-180.63393,32
-9.593303,124.76899,-181.09494,30
-9.233099,127.83588,-179.56757,31
-8.789619,130.88684,-177.36191,34
-9.022655,134.00462,-180.60359,30
-8.876912,137.08781,-180.79063,33
-8.691175,140.16588,-180.6511,35
-8.644249,143.2686,-181.63097,36
-8.324534,146.32161,-180.39906,39
-8.141477,149.39899,-180.2693,33
-7.747293,152.42404,-178.42082,25
-10.341891,157.83385,-201.55522,23
-9.855103,160.87726,-198.96297,23
-9.957034,164.09761,-201.16246,28
-10.293002,167.41135,-205.27441,30
-10.653034,170.75696,-209.58922,23
-10.714676,174.01033,-211.46858,23
-10.299664,177.07812,-209.44351,20
-10.139425,180.24637,-209.50029,20
-7.275784,183.77245,-188.024,20
-6.791688,186.7256,-185.38385,19
-4.38796,188.67973,-166.9246,19
-4.101227,191.66808,-165.87524,15
5.013023,191.1917,-92.563705,15
-1.218185,197.83383,-145.31573,14
-8.422915,62.709335,-155.59335,15
-2.737967,70.56725,-113.234276,17
-4.737556,72.7799,-130.4824,18
-5.246791,75.527954,-135.90076,16
-7.648563,82.24129,-158.50342,16
-8.483299,85.03725,-166.5688,25
-7.611484,88.224686,-160.98482,27
-7.40431,91.26014,-160.71176,37
-6.805833,94.35738,-157.29312,25
-6.236124,97.43214,-154.09343,33
-8.390982,100.16218,-172.80505,19
-8.789833,103.16463,-177.41145,18
-8.57935,106.23847,-177.11017,22
-8.22014,109.3189,-175.60318,24
-8.419685,112.37174,-178.6064,34
-8.248638,115.44533,-178.61296,33
-8.194593,118.519875,-179.56396,29
-8.014719,121.59569,-179.49237,39
-7.841712,124.67151,-179.47253,29
-7.48306,127.73369,-177.93881,29
-7.135407,130.7888,-176.48729,30
-7.057672,133.8678,-177.22932,33
-6.956824,136.94775,-177.78072,36
-6.615244,139.99228,-176.36224,31
-6.343745,143.04224,-175.5103,29
-6.052166,146.08382,-174.48813,32
-5.808655,149.13112,-173.85428,33
-5.790417,152.23143,-175.06526,32
-5.521438,155.27081,-174.21411,29
-5.667552,158.42767,-176.77415,26
-8.09177,162.31702,-198.10992,28
-8.725033,165.7181,-204.7164,28
-9.050252,169.04474,-208.79045,24
-9.041427,172.2665,-210.10828,24
-8.567457,175.30772,-207.57466,20
-7.366573,178.02518,-199.00624,20
-6.801574,180.98286,-195.69164,19
-4.886781,183.285,-181.15134,20
-4.330391,186.1816,-177.87329,19
-2.785399,188.54863,-166.35175,22
0.720342,191.32549,-139.10054,17
-0.754193,198.36212,-154.02277,15
13.321858,202.5867,-41.609997,14
-5.174297,63.301575,-141.74681,15
-2.211723,67.30544,-119.38586,15
-1.413608,70.445244,-114.3444,16
-3.750477,72.54251,-134.48987,17
-3.04447,75.66619,-130.1883,16
-8.191813,77.11729,-173.04628,15
-7.151369,80.405464,-166.07523,18
-6.95549,83.45424,-165.90637,26
-6.230768,86.61701,-161.45515,27
-5.899241,89.67845,-160.17355,48
-5.187989,92.79942,-155.80559,29
-4.652366,95.86987,-152.8489,36
-5.579422,98.730095,-161.77142,19
-7.292556,101.5496,-177.10976,19
-7.190199,104.61309,-177.68732,24
-6.705491,107.70551,-175.14278,30
-6.919441,110.75169,-178.2954,39
-6.770041,113.82354,-178.48003,32
-6.512495,116.896614,-177.77563,29
-6.335217,119.96737,-177.72383,32
-6.162316,123.03803,-177.70409,40
-5.862218,126.1007,-176.63506,36
-5.166423,129.12437,-172.3037,30
-5.140588,132.19623,-173.47763,29
-4.909286,135.24814,-172.95595,30
-4.793251,138.31482,-173.38127,31
-4.230902,141.307,-170.11378,29
-3.915959,144.33012,-168.88289,34
-3.618146,147.35065,-167.7875,33
-3.254406,150.34987,-166.13896,29
-3.185789,153.41788,-166.9348,35
-3.04319,156.46962,-167.11374,30
-4.879396,160.12994,-183.76862,26
-6.062406,163.66591,-195.01366,25
-7.166786,167.23584,-205.62561,21
-7.142552,170.44116,-206.82718,20
-6.483502,173.40146,-202.71652,21
-5.557384,176.22789,-196.35553,21
-5.283617,179.30939,-195.44756,22
-5.263586,182.50497,-196.66483,22
-3.803824,185.0041,-185.77815,24
-1.646327,187.08722,-168.9899,23
-0.461382,189.59952,-160.3545,19
0.955074,191.93605,-149.74269,17
0.907706,195.06635,-151.46729,16
6.275525,206.96165,-112.49131,14
-0.63787,58.72423,-114.40824,15
-2.063679,62.416374,-128.01524,15
-1.694153,66.87815,-127.111015,17
-1.282418,69.90553,-125.15903,16
-5.469398,72.90132,-161.28557,15
-5.022971,76.013954,-159.07806,18
-5.454578,80.36926,-164.73239,18
-5.015047,83.47332,-162.56865,21
-4.547884,86.57159,-160.16953,30
-4.262061,89.62057,-159.24532,35
-3.320245,92.78109,-152.93689,33
-3.302175,95.76339,-154.19142,28
-5.438632,98.46135,-173.15234,18
-5.658736,101.47604,-176.38715,20
-5.426677,104.54894,-175.90065,28
-5.394631,107.60512,-177.05904,33
-5.40674,110.66515,-178.58113,30
-5.092685,113.74152,-177.4059,29
-4.72296,116.8118,-175.76305,30
-4.673438,119.8791,-176.76677,44
-4.306077,122.93893,-175.13113,41
-2.966093,125.92939,-165.40524,29
-2.695513,128.95844,-164.54953,27
-2.496246,131.99066,-164.2821,30
-2.553752,135.0548,-166.15204,34
-2.186714,138.0648,-164.47772,33
-1.569862,141.02263,-160.70718,32
-1.39684,144.04768,-160.63914,32
-1.087566,147.04283,-159.42554,33
-0.850503,150.04932,-158.81155,28
-0.958159,153.1439,-161.08867,27
-2.352361,156.62029,-174.18959,25
-3.525099,160.09952,-185.45364,24
-3.896394,163.3739,-189.98402,24
-4.913549,166.90294,-199.9741,25
-4.856197,170.08052,-200.90315,25
-4.498625,173.14336,-199.29066,22
-4.36109,176.2915,-199.5352,21
-2.501888,178.67152,-185.17332,22
-2.367132,181.7853,-185.41875,24
-1.414977,184.49763,-178.71164,25
0.584838,186.63232,-163.06688,23
1.205638,189.4274,-159.13513,23
1.797114,192.21829,-155.44131,18
1.077405,195.76009,-162.93768,16
7.355213,195.06895,-110.59641,15
-1.324316,211.64413,-189.66866,16
4.480009,210.71861,-141.1386,15
-12.714447,37.171806,-217.2786,16
-2.730695,57.090458,-143.44707,14
0.264034,62.686275,-121.09636,15
-1.034679,66.495415,-133.83864,17
-0.99236,69.41045,-134.90352,19
-3.623716,72.9259,-158.65453,16
-4.583263,75.61066,-167.99185,17
-3.781887,78.83386,-162.83453,18
-3.603637,81.86947,-162.80278,23
-3.087631,84.98377,-159.97604,25
-2.737702,88.047295,-158.51231,37
-1.923088,91.191696,-153.1915,36
-1.909195,94.17171,-154.49498,25
-3.021839,96.99156,-165.1536,19
-3.817417,99.90732,-173.19856,20
-4.034966,102.925446,-176.44733,29
-3.901708,105.989296,-176.77605,31
-3.927109,109.04517,-178.42593,27
-3.575165,112.12392,-176.9227,32
-3.26178,115.19394,-175.73457,39
-2.322936,118.253456,-169.29996,37
-1.466754,121.28109,-163.539,33
-0.294889,124.26182,-155.10889,27
-0.06087,127.26674,-154.54031,28
0.268241,130.25957,-153.16609,29
0.356416,133.27379,-153.81595,31
0.433915,136.2932,-154.55391,32
0.638352,139.29597,-154.21751,30
0.597542,142.34296,-155.95175,29
0.663554,145.37726,-156.78189,27
0.58414,148.45009,-158.84404,32
0.610983,151.50737,-160.00555,29
-0.764503,154.96112,-173.0891,32
-1.047196,158.15723,-176.89897,26
-1.9663,161.58073,-186.1388,26
-2.20789,164.81973,-189.61644,29
-2.933285,168.25739,-197.23268,31
-2.895289,171.4367,-198.33417,28
-2.774353,174.58817,-198.72475,23
-2.672043,177.75072,-199.27277,28
-1.02166,180.19945,-186.5288,28
0.175983,182.7998,-177.64235,27
1.846711,185.1108,-164.66013,26
1.772073,188.28384,-166.68182,28
1.882019,191.36589,-167.11316,19
2.030344,194.429,-167.21124,19
1.764887,197.74416,-170.88475,17
3.344831,199.91943,-158.58745,15
2.456909,203.63974,-167.64949,15
6.474498,205.62964,-134.82507,15
5.041673,209.73839,-148.61674,14
5.963452,227.85834,-148.65775,14
-15.440361,33.1204,-251.98041,16
-11.6751,38.335102,-222.67705,16
-0.204199,58.916393,-135.7102,15
0.054586,61.91947,-135.00365,16
-0.999411,64.40542,-145.1629,16
0.393893,67.84644,-135.05157,19
1.322683,71.07263,-128.767,17
-2.650448,74.1601,-163.94228,17
-2.580034,77.167656,-164.81435,18
-2.182172,80.26794,-162.95381,22
-1.727015,83.3722,-160.60623,27
-1.244063,86.46992,-158.01636,37
-0.475676,89.612175,-153.02646,34
-0.242703,92.629616,-152.50803,22
-1.495081,96.90927,-165.17313,19
-2.403901,99.80823,-174.25986,28
-2.420871,102.84927,-175.85692,42
-2.290593,105.91082,-176.21286,27
-2.124596,108.976234,-176.2644,28
-1.53898,112.05809,-172.76595,32
-0.422806,115.12998,-164.76549,36
1.354927,118.15522,-151.13622,29
1.760095,121.1472,-149.11263,30
2.053861,124.1341,-148.0266,30
2.153508,127.1296,-148.5851,33
2.241718,130.1293,-149.23885,33
2.165063,133.15233,-151.29623,32
2.130669,136.18053,-152.9945,33
2.235033,139.19518,-153.5076,33
2.098247,142.2582,-156.08209,37
2.225819,145.27959,-156.3946,29
1.909119,148.40703,-160.51562,25
1.617129,151.5507,-164.43135,26
1.709184,154.60828,-165.05063,26
1.58969,157.73395,-167.48962,32
1.618818,160.82475,-168.65013,28
0.673266,164.26393,-178.22328,28
-1.622444,168.26045,-199.48509,27
-1.508149,171.41571,-199.94264,28
-1.090481,174.44643,-197.76976,31
0.268602,177.0476,-187.42242,31
0.655846,180.04807,-185.48682,29
2.270108,182.43513,-172.87401,25
2.924746,185.24892,-168.58176,29
2.678089,188.52646,-172.13235,29
2.7328,191.6546,-173.05861,26
3.147136,194.57748,-170.84193,18
6.882899,201.63327,-142.28131,16
6.015275,205.328,-151.26175,15
12.877984,220.04527,-99.46081,16
10.341605,231.45744,-125.90671,14
5.024965,239.58257,-174.52284,14
-15.364697,32.14682,-265.01706,15
-4.933345,44.05936,-181.60284,15
-2.246996,48.41546,-160.76897,16
8.079356,57.71366,-76.91757,15
1.049888,64.54527,-140.59311,18
1.676175,67.69321,-136.79202,19
2.709418,70.96374,-129.56049,17
-1.158021,72.5794,-163.50502,18
-1.850133,75.349434,-170.80481,18
-0.71225,78.680115,-162.69562,19
-0.377191,81.756004,-161.33682,25
0.240279,84.892426,-157.58418,29
0.952481,88.02943,-153.01653,29
1.070301,91.02479,-153.46881,21
0.867289,93.966,-156.63997,19
-0.897318,98.20216,-173.81413,29
-0.632942,101.272736,-173.03456,34
-0.626389,104.31404,-174.44601,29
-0.025938,107.40649,-170.79044,28
1.210319,110.51196,-161.69046,31
3.283315,113.59293,-145.40678,30
3.531565,116.57661,-144.70537,32
3.588273,119.55973,-145.6411,33
3.738965,122.54413,-145.76872,34
3.824015,125.533325,-146.45735,33
3.814311,128.5344,-147.95978,34
3.573835,131.56871,-151.45143,30
3.527809,134.59622,-153.27045,29
3.693804,137.60092,-153.25865,36
3.723126,140.6301,-154.42577,25
3.95535,143.62502,-153.83493,25
3.828911,146.69763,-156.34975,33
3.624131,149.80359,-159.54787,35
3.758015,152.83533,-159.80617,33
3.884556,155.87111,-160.1257,34
3.994097,158.91454,-160.59102,33
3.892805,162.03313,-162.8942,28
1.265561,166.0884,-187.2713,27
0.924393,169.38664,-191.70572,26
1.686692,172.25374,-186.48206,30
2.449692,175.09277,-181.23602,30
3.07742,177.96631,-177.1618,29
3.903239,180.7223,-171.33287,30
4.75068,183.43623,-165.29605,29
4.589345,186.65584,-168.13275,28
4.387369,189.9146,-171.33234,26
4.501694,193.0079,-171.74211,21
5.012599,195.86414,-168.64168,20
4.824633,199.14491,-171.72125,17
8.666278,201.34882,-139.75668,17
5.632589,206.54222,-168.08769,15
16.004564,217.02908,-83.730194,14
12.227422,224.81026,-119.55593,15
11.626206,228.435,-126.300186,14
11.045417,232.0801,-132.87535,14
-9.216012,37.758698,-229.04375,16
-0.927044,46.761017,-161.74335,17
-9.1E-4,50.17458,-155.44986,14
10.813605,58.274536,-65.77437,15
3.114757,60.359474,-133.59517,18
2.569856,64.478806,-140.3982,17
3.170102,67.61824,-136.77281,19
0.022092,69.40239,-164.96156,17
-0.082738,72.34997,-167.3459,19
0.179796,75.42394,-166.60503,17
0.640138,78.550705,-164.17207,21
1.304058,81.71858,-159.99121,28
1.964141,84.863045,-155.82838,23
2.586677,87.9768,-151.97227,26
2.450068,90.91798,-154.60739,19
1.928237,93.80423,-160.55081,18
0.724162,96.615776,-172.36705,30
0.797374,99.658195,-173.2225,31
1.320867,102.754166,-170.198,28
2.460521,105.88736,-161.84787,35
4.201763,109.01459,-148.27751,30
4.767726,112.021515,-144.83073,30
5.099905,115.0058,-143.39554,31
5.279993,117.98315,-143.27153,34
5.282849,120.96476,-144.68202,37
5.408065,123.947655,-145.02916,41
5.680675,126.9215,-144.09105,27
5.653204,129.91971,-145.7617,23
5.121896,132.9879,-151.82884,25
5.596299,135.94373,-149.12267,21
4.969843,139.06982,-156.03496,22
5.093633,142.08989,-156.39096,25
5.581629,145.03404,-153.55092,28
5.476407,148.1046,-155.90869,31
5.529399,151.14682,-156.87833,36
5.72322,154.15451,-156.60753,34
5.853142,157.18095,-156.896,38
5.942314,160.2231,-157.54161,35
5.968791,163.29172,-158.73964,32
5.352779,166.61238,-165.62141,35
5.544122,169.64394,-165.36606,32
4.799117,173.07686,-173.41139,26
5.56847,175.86748,-168.02634,24
6.210035,178.69049,-163.76086,27
6.953249,181.43997,-158.57687,27
6.895458,184.5837,-160.51678,27
6.371636,187.99586,-166.61797,27
6.220137,191.22812,-169.40451,25
7.181666,193.80861,-162.23685,24
6.975234,197.0805,-165.51154,19
9.551773,200.11346,-144.53003,18
8.057245,205.82161,-160.07079,16
9.888856,207.65207,-144.99994,14
9.956665,210.72163,-145.78853,15
11.245963,219.06839,-138.32681,14
16.213299,217.96779,-94.71516,15
11.27238,230.0128,-142.95473,15
7.734362,238.11607,-177.25768,14
-3.919337,39.74216,-197.81169,15
0.361624,46.560886,-163.7619,17
3.635935,52.614925,-138.14426,15
5.624583,57.874416,-123.39222,17
4.234607,60.123455,-136.73734,19
3.870771,62.86878,-141.32985,19
5.303182,66.345894,-130.53348,17
0.51273,67.449814,-173.11673,19
0.962867,70.60842,-170.76834,18
1.0183,73.624855,-171.80658,17
1.764242,76.856575,-166.89336,19
2.85806,80.16021,-158.96173,22
3.405218,83.279724,-155.72844,24
3.988741,86.39038,-152.1682,24
4.250617,89.412926,-151.38115,20
3.64665,92.265015,-158.09853,21
2.273594,95.02233,-171.50954,27
2.476651,98.079834,-171.24498,33
3.604931,101.24935,-162.91905,34
5.235951,104.42486,-150.1842,31
6.051442,107.47012,-144.53261,31
6.35534,110.45776,-143.33507,28
6.559731,113.43589,-143.00183,36
6.732974,116.41194,-142.93718,33
6.85986,119.38835,-143.27567,35
7.213852,122.3576,-141.6158,33
7.630131,125.31412,-139.40015,22
7.85171,128.2757,-138.89062,22
8.071357,131.23492,-138.39343,27
8.215225,134.2017,-138.56094,20
7.529254,137.29996,-146.06487,20
7.473625,140.32475,-148.00264,22
7.252273,143.39418,-151.4116,25
7.337112,146.41235,-152.10748,29
7.259932,149.4755,-154.24222,37
7.382295,152.49547,-154.60304,41
7.494433,155.52087,-155.05264,44
7.601104,158.55106,-155.54909,40
7.704108,161.58574,-156.07642,35
7.769869,164.63774,-156.93518,29
7.781908,167.71643,-158.27438,34
7.790679,170.80443,-159.64317,30
7.873403,173.86763,-160.34833,23
8.341453,176.75409,-157.58733,25
8.627471,179.71638,-156.45537,27
8.682919,182.79321,-157.39635,25
8.410884,186.0544,-161.29297,31
8.127258,189.34454,-165.30151,28
9.460017,191.6971,-154.68958,29
10.638813,194.0875,-145.44315,23
11.101166,196.88945,-142.67067,22
11.382401,199.79834,-141.53395,22
10.749185,203.33717,-148.70944,18
10.857018,206.38353,-149.15163,17
11.309235,209.17697,-146.45221,17
14.077706,211.70444,-123.2903,16
13.049813,215.6068,-134.08304,15
17.619818,217.89975,-94.98126,15
16.572931,223.35481,-106.630226,14
8.870878,238.40973,-181.04097,15
2.674863,43.975697,-155.48193,18
1.891899,46.486866,-163.74431,19
2.488861,49.746067,-160.1392,18
7.658323,56.642345,-117.818146,18
5.851634,58.660717,-134.90259,18
5.291873,61.30752,-141.23822,17
5.930981,64.47915,-137.1983,17
3.323074,66.36778,-161.31834,17
2.421971,69.00574,-170.66919,18
2.40365,71.994705,-172.36069,18
4.253176,78.558556,-159.29161,18
4.855863,81.69975,-155.53859,26
5.389962,84.80347,-152.37173,22
5.70262,87.83936,-151.13211,19
5.457911,90.75349,-154.77351,21
3.941164,93.45368,-169.59119,22
4.910233,96.62874,-162.58636,28
6.506385,99.85221,-150.03807,30
7.244939,102.911934,-145.01373,26
7.714083,105.92058,-142.35092,28
7.887003,108.89518,-142.29599,28
8.054514,111.869095,-142.2852,32
8.2581,114.84358,-141.95114,31
8.52821,117.81596,-141.02237,33
8.921173,120.78001,-138.99591,25
9.507901,123.72343,-135.23672,22
9.693164,126.67683,-135.04097,24
9.833938,129.63368,-135.23828,31
10.010807,132.58731,-135.1103,34
9.967343,135.57268,-136.94936,30
9.834931,138.58325,-139.58652,26
9.661679,141.61623,-142.59349,29
9.437029,144.6769,-146.06656,27
9.429268,147.70398,-147.59543,27
9.259976,150.78287,-150.57922,33
9.35111,153.80246,-151.2201,33
9.408134,156.83675,-152.16731,33
9.580355,159.83755,-152.07283,30
9.766582,162.83333,-151.84827,27
9.632991,165.9529,-154.51793,28
9.705306,169.00244,-155.32338,29
9.911777,171.9983,-154.90924,25
10.190413,174.9592,-153.83466,25
10.359042,177.96866,-153.75636,25
10.085258,181.20549,-157.7096,25
9.585263,184.58656,-163.73578,29
9.185445,187.94519,-168.85872,24
11.358509,189.8196,-150.43828,27
12.479765,192.23868,-141.60905,22
12.631162,195.22954,-141.65616,21
12.691707,198.28206,-142.53577,23
12.574077,201.46333,-145.05464,20
12.553143,204.59056,-146.68654,21
12.560365,207.70718,-148.06047,19
13.046882,210.4654,-145.00822,16
15.95469,212.81998,-120.25327,15
15.23799,216.48186,-128.2998,16
15.56311,219.2976,-126.698166,16
13.028345,232.57431,-155.27383,15
9.126319,241.223,-193.88477,14
3.621647,45.049774,-161.21114,18
3.603156,47.984158,-162.92204,25
7.912609,55.982388,-128.39502,19
7.566036,58.69056,-132.92528,17
6.67253,61.18122,-142.25258,18
4.374609,67.592354,-166.22844,18
4.117388,70.4808,-170.03445,18
4.062722,73.45654,-172.06268,17
5.576685,76.933655,-160.2565,19
6.196871,80.089005,-156.30888,24
6.900224,83.245346,-151.61131,20
7.369659,86.31947,-148.96901,18
7.087574,89.213425,-152.98029,22
6.372344,92.04252,-160.84483,20
7.097784,95.163315,-155.91684,26
8.466864,98.35474,-145.2413,27
8.940629,101.37572,-142.51569,26
9.414371,104.38205,-139.77943,22
9.482545,107.341255,-140.65779,30
9.624342,110.309105,-140.87596,29
9.86928,113.28131,-140.16672,37
10.215789,116.25058,-138.54059,28
10.545581,119.2114,-137.05688,29
10.856716,122.16503,-135.73366,33
11.031193,125.120255,-135.63493,37
11.212758,128.07445,-135.4686,46
11.322119,131.03584,-135.95085,49
11.509691,133.98946,-135.72354,48
11.555802,136.9646,-136.77376,44
11.488483,139.96649,-138.85225,44
11.464328,142.97083,-140.54112,43
11.380175,145.99855,-142.77675,30
11.204484,149.06227,-145.8487,32
11.144542,152.11035,-147.87016,34
11.215556,155.1297,-148.69817,35
11.375963,158.12447,-148.70807,37
11.526507,161.12334,-148.80522,40
11.532644,164.1783,-150.22324,32
11.602954,167.21558,-151.05305,29
11.863035,170.17638,-150.13814,28
12.374713,173.01823,-146.90274,30
12.06207,176.23946,-151.25117,27
11.751648,179.48416,-155.58774,27
10.902375,183.0397,-164.91069,29
14.116029,184.38603,-136.67326,24
10.821726,189.36557,-168.6363,25
14.321486,190.39476,-137.67136,24
14.177233,193.56113,-140.46196,20
13.618925,197.01662,-147.10724,25
13.969936,199.88757,-145.30133,24
13.859086,203.0777,-147.79393,25
13.823719,206.22723,-149.58594,20
14.1335,209.12488,-148.15431,19
15.015058,211.56516,-141.3655,16
15.934999,213.93758,-134.19708,16
16.31778,216.72263,-132.04805,18
17.640133,221.76335,-122.48893,15
17.18768,225.2694,-128.17769,16
16.815712,231.86359,-134.56044,15
13.796585,238.02074,-164.55257,14
6.015858,44.00273,-152.77646,17
5.053388,46.394897,-162.80566,21
5.287058,49.46595,-162.31277,38
8.74766,54.15416,-133.32503,20
9.281763,57.288364,-130.12651,19
7.4138,59.30871,-148.18071,20
10.5075,63.572598,-122.29541,19
10.716665,66.517296,-121.94189,18
6.040891,69.05476,-165.78633,18
7.118861,73.89537,-158.51578,17
7.380218,76.94471,-157.72908,19
7.982944,80.08981,-153.8854,20
8.881233,83.2943,-147.38232,17
8.845509,86.23304,-149.22853,19
9.050088,89.23481,-148.91953,21
9.772038,92.3382,-143.95679,22
9.795005,95.291565,-145.2668,27
10.322661,98.32871,-142.02917,26
10.787845,101.340416,-139.3429,21
10.966177,104.30743,-139.23747,26
11.329904,107.288765,-137.45099,29
11.442706,110.24602,-137.92941,30
11.611245,113.20755,-137.89998,30
11.853097,116.16953,-137.20117,33
12.16679,119.126724,-135.84354,34
12.291086,122.084015,-136.20393,42
12.451553,125.04099,-136.23203,40
12.697062,127.99077,-135.48027,34
12.886729,130.9429,-135.23384,31
12.860483,133.92328,-136.96059,31
12.943293,136.89558,-137.68874,33
13.139322,139.85106,-137.37608,37
13.281298,142.81654,-137.5564,40
13.321037,145.80727,-138.6752,31
13.011163,148.8952,-143.0166,31
12.933805,151.94081,-145.22032,32
13.038365,154.94254,-145.74539,36
13.146387,157.94646,-146.2368,37
13.244043,160.9573,-146.82254,35
13.191331,164.02975,-148.80225,32
13.298448,167.04813,-149.2992,31
13.545117,170.00911,-148.49606,37
13.675389,173.02011,-148.77248,28
13.337468,176.26085,-153.4143,29
13.279001,179.38486,-155.45532,28
15.410519,181.3447,-137.01537,39
17.033382,183.49039,-123.28781,30
16.345772,186.92133,-131.18913,26
15.884831,190.25742,-136.9803,28
15.782612,193.39679,-139.41122,27
15.796475,196.47327,-140.75305,28
15.735003,199.61044,-142.80626,23
15.187239,203.10942,-149.453,20
15.825613,207.32301,-145.6418,17
17.60298,212.14508,-131.74492,17
17.886364,215.00642,-130.5137,19
18.082233,217.9377,-130.10919,17
18.311829,220.8381,-129.38048,17
18.433449,223.8347,-129.67725,17
18.499832,226.8865,-130.50003,17
18.889635,229.63051,-128.23164,17
17.920965,233.71837,-138.9577,16
1.199823,29.60795,-203.31047,15
9.944355,45.324924,-131.27925,19
6.837611,46.4633,-160.50002,20
6.778588,49.372852,-162.60712,29
10.142198,54.033863,-134.13779,19
10.61705,57.143414,-131.43024,17
10.370811,59.904545,-135.17155,21
12.597946,63.770695,-116.73008,21
10.21443,65.622475,-139.65479,17
8.513814,70.813965,-158.05919,18
8.784888,73.868256,-157.17802,18
9.411118,77.03169,-153.08234,19
9.920377,80.1382,-150.0298,17
10.190904,83.162575,-149.12767,18
10.664149,86.2326,-146.38063,22
11.084876,89.275795,-144.09943,21
11.636168,92.33315,-140.62083,23
11.6728,95.2794,-141.81656,27
12.083828,98.28988,-139.59746,22
12.426789,101.279366,-137.99037,24
12.664377,104.24881,-137.33899,34
12.989216,107.22186,-135.88338,30
13.11794,110.17544,-136.2188,31
13.156999,113.12756,-137.37505,28
13.430299,116.08817,-136.37715,36
13.645688,119.04422,-135.90633,38
13.834854,121.99879,-135.67274,35
14.191079,124.94161,-133.89273,28
14.374983,127.89013,-133.6978,32
14.242046,130.87338,-136.43225,29
14.143322,133.86667,-138.85373,27
14.310908,136.83003,-138.80649,28
14.437426,139.80109,-139.13759,35
14.595681,142.76746,-139.17113,44
14.791582,145.72545,-138.85072,38
14.852677,148.7174,-139.78448,34
14.637804,151.79413,-143.29681,41
14.654814,154.8178,-144.64554,36
14.732608,157.82874,-145.42538,35
14.837366,160.83472,-145.95128,38
14.890844,163.86401,-146.95752,30
14.834951,166.94476,-148.99258,30
15.02657,169.92839,-148.69847,31
14.954337,173.03398,-150.8898,32
14.790757,176.19719,-153.94714,28
16.458183,178.43097,-139.6905,32
19.895027,179.62645,-108.63378,43
18.997705,183.11893,-118.59776,37
18.698303,186.31122,-122.9075,33
18.302065,189.58832,-128.14708,33
17.975155,192.85045,-132.73807,31
17.823254,196.02104,-135.6702,34
17.606462,199.25435,-139.22725,30
17.301537,202.57257,-143.6341,26
17.459019,205.56805,-143.62361,21
17.910938,208.33505,-140.78827,18
18.899452,210.6546,-132.7924,18
19.401178,213.33647,-129.45189,21
19.669336,216.20189,-128.34834,17
19.70268,220.82326,-130.2412,22
19.860125,223.7892,-130.19908,19
19.893555,226.87479,-131.35406,21
20.126144,229.77272,-130.58191,19
20.45407,232.5714,-128.88145,19
21.290794,234.83435,-122.23511,17
20.46188,238.83449,-131.7615,14
9.410863,35.390636,-144.69058,15
9.607677,39.845222,-145.29436,16
11.502775,43.869286,-129.8223,20
8.673636,46.564835,-157.66728,21
8.149693,49.21459,-163.99156,26
11.913414,55.5413,-132.33664,18
11.48191,58.20843,-137.8005,21
14.101472,62.297268,-115.59108,21
15.24801,65.63156,-106.70054,18
11.164247,66.77551,-145.37312,18
10.258135,70.82112,-155.9847,19
10.347417,73.80644,-156.74806,18
11.01065,76.98259,-152.2619,18
11.701543,80.14308,-147.50627,18
12.329974,84.72723,-144.08391,20
12.774388,87.77393,-141.55595,25
13.116354,90.7845,-139.96007,26
13.302411,93.75597,-139.7927,26
13.701733,96.762505,-137.65367,22
13.856666,99.72175,-137.7632,26
14.244405,102.709625,-135.71564,35
14.441884,105.66794,-135.42155,32
14.617294,108.62291,-135.32811,33
14.643305,111.57004,-136.61885,27
14.794476,114.52683,-136.74551,33
15.02716,117.484146,-136.10971,27
15.261392,120.438,-135.45447,29
15.554323,123.38542,-134.24577,31
15.774824,126.33193,-133.708,31
15.586852,129.31679,-136.99167,25
15.73524,132.27707,-137.12616,26
15.806581,135.24986,-137.98146,29
15.88012,138.2271,-138.81534,28
16.023874,141.19495,-138.987,29
16.107609,144.17763,-139.72215,32
16.318632,147.13261,-139.2541,38
16.430004,150.11308,-139.72412,39
16.412607,153.13554,-141.41188,35
16.428434,156.15671,-142.7862,29
16.495108,159.16785,-143.67854,29
16.547935,162.18965,-144.70204,34
16.547451,165.23926,-146.2331,29
16.45123,168.33923,-148.67833,31
16.393549,171.43553,-150.75934,38
16.358555,174.533,-152.62645,34
17.908121,176.8335,-139.32631,30
22.342941,177.51505,-98.3282,31
21.332489,181.03508,-109.48748,35
20.321634,184.61763,-120.67852,43
20.276882,187.66824,-122.598206,50
20.297686,190.68832,-123.888824,34
19.837149,194.03831,-129.82622,31
19.665777,197.22118,-132.98268,34
19.543732,200.387,-135.66798,28
19.482254,203.52354,-137.77129,23
19.499826,206.61159,-139.11102,22
20.087875,209.25032,-134.9087,25
20.620903,211.91249,-131.22829,26
20.623892,215.00972,-132.70021,19
21.348837,217.478,-127.13016,21
21.270895,220.64842,-129.38716,21
21.101576,223.91864,-132.54213,22
21.36421,226.79056,-131.4724,22
21.83875,229.44708,-128.3191,19
22.239038,232.16312,-125.88482,20
22.60723,234.90063,-123.75791,17
19.641134,244.4384,-155.99867,14
9.601781,35.905598,-157.39001,15
12.94518,42.348614,-129.38503,19
10.364325,43.669205,-154.47998,18
10.335609,46.57212,-156.34953,26
9.526628,49.05754,-165.35207,22
12.128759,53.370842,-143.15521,22
15.410879,60.736423,-116.204315,21
16.047535,63.85982,-111.89828,20
17.516378,67.31576,-99.91653,17
10.720704,68.85822,-164.88129,18
12.603951,75.46123,-150.68108,19
13.317491,78.633354,-145.6583,18
13.776637,81.703575,-142.97752,20
14.14517,84.73469,-141.1273,25
14.464634,87.743515,-139.72484,27
14.621429,90.708405,-139.83018,31
15.167154,93.75031,-136.30432,27
15.423079,96.72314,-135.47209,25
15.682529,99.69177,-134.60117,29
15.915506,102.652245,-133.97238,36
16.009008,105.59536,-134.64676,31
16.15268,108.54558,-134.84839,33
16.105583,111.48727,-136.84167,35
16.365349,114.44693,-135.9466,25
16.488523,117.401825,-136.33418,26
16.630375,120.3583,-136.54312,27
16.91704,123.30858,-135.37956,31
17.164179,126.255684,-134.58392,38
17.286789,129.21126,-134.96414,29
17.404839,132.16959,-135.38548,30
17.46035,135.13986,-136.39972,33
17.495588,138.11942,-137.60677,33
17.625004,141.08658,-137.91579,36
17.686,144.07138,-138.87614,42
17.828388,147.04103,-139.05768,44
17.986975,150.0075,-139.08157,35
18.0622,153.00009,-139.90208,45
18.190435,155.97997,-140.21274,41
18.267838,158.9803,-141.01038,33
18.279417,162.01083,-142.44127,30
18.195581,165.08884,-144.79344,33
18.113642,168.17949,-147.13101,32
18.080063,171.26126,-149.00462,31
18.153955,174.30139,-149.83987,31
19.212254,176.8392,-141.1288,29
23.16505,177.7604,-104.283844,31
22.50959,181.10214,-112.14533,39
22.09351,184.34537,-117.69513,42
21.89557,187.48428,-121.13072,51
22.090582,190.38792,-120.73651,56
21.946192,193.51999,-123.65744,35
21.610437,196.80382,-128.45769,32
21.518246,199.93741,-130.8808,27
21.585642,202.96469,-131.74155,25
21.682028,205.9752,-132.31754,28
21.914755,208.87929,-131.55067,33
21.70453,212.15242,-135.14626,28
22.24825,214.79286,-131.30693,21
22.619617,217.5674,-129.15877,25
22.685938,220.61278,-130.02243,23
22.707985,223.70642,-131.3253,22
23.156273,226.39174,-128.39912,21
23.540226,229.12668,-126.10244,23
23.656633,232.12698,-126.46079,26
23.697332,235.21138,-127.573006,22
28.878473,235.69325,-78.83129,14
14.445167,40.8667,-128.40472,18
14.93611,44.013573,-125.467865,17
11.832932,45.026474,-155.70331,21
11.188732,47.584682,-163.28558,21
13.47738,51.76931,-143.72939,21
14.56071,55.227985,-135.2899,21
16.56642,59.097397,-118.25745,23
16.958605,62.120014,-116.17716,20
19.295021,67.38981,-96.747696,17
18.531855,69.86835,-105.40277,17
13.569875,70.77512,-153.32024,18
13.961772,73.86116,-151.2632,18
14.678876,77.045135,-146.14883,17
15.478747,80.227585,-140.2393,19
15.769423,83.23238,-139.09549,23
15.934294,86.19763,-139.12903,29
16.13471,89.17102,-138.82407,39
16.809345,92.24351,-134.03859,24
16.978052,95.19514,-134.01833,25
17.368004,98.182495,-131.90036,31
17.427408,101.11257,-132.9063,36
17.490969,104.04818,-133.87225,30
17.680397,106.99982,-133.64108,37
17.646664,109.935905,-135.53029,31
17.870825,112.89169,-134.96306,26
17.983807,115.84296,-135.45226,29
18.124434,118.79644,-135.67528,28
18.135067,121.75604,-137.14027,33
18.450151,124.70418,-135.6874,37
18.823746,127.63946,-133.66559,46
18.888916,130.59937,-134.59999,38
18.967691,133.56255,-135.40292,45
19.11208,136.51936,-135.57248,44
19.251022,139.47841,-135.79213,41
19.363012,142.44473,-136.2698,44
19.474085,145.41426,-136.75482,45
19.505255,148.40834,-138.01283,45
19.571747,151.39914,-138.92853,52
19.703756,154.37428,-139.20688,52
19.870037,157.33948,-139.1496,49
19.95886,160.33398,-139.8444,42
19.958279,163.36876,-141.41125,43
19.935963,166.42197,-143.19221,41
19.997324,169.44754,-144.15627,38
19.977633,172.51813,-145.91492,32
19.923512,175.61656,-148.01376,30
20.644962,178.31232,-142.49124,35
23.476309,179.79262,-116.179,47
23.72648,182.64992,-115.23767,47
23.736233,185.65115,-116.66484,48
23.776117,188.6418,-117.79569,59
23.769444,191.67088,-119.38827,73
23.858719,194.6428,-120.03184,45
23.61019,197.86455,-124.02845,28
23.377312,201.09778,-127.87842,30
23.516283,204.06316,-128.03517,35
23.588919,207.08426,-128.8515,35
23.298359,210.41493,-133.29378,23
23.608877,213.25212,-131.73755,22
24.225353,215.809,-127.11212,30
24.114264,219.01082,-129.76547,24
24.242214,222.00217,-130.02469,23
24.792356,224.58401,-126.03862,22
25.013746,227.47523,-125.349075,27
25.061874,230.54314,-126.40254,27
24.482275,234.28532,-133.79408,17
32.94264,232.59384,-51.973194,16
16.936844,38.63544,-117.36576,16
15.921103,40.792988,-128.42577,25
14.677072,42.86451,-141.6454,18
13.237942,44.88653,-156.7235,20
14.880779,48.75157,-142.98894,20
14.527762,51.449093,-147.9227,21
16.28243,55.27712,-133.07811,20
18.234335,59.126152,-116.33234,22
20.639647,65.884285,-96.81512,17
24.499357,70.32137,-61.917477,18
15.790849,69.51526,-145.77342,17
15.520845,72.33528,-149.94968,18
16.263859,75.53443,-144.52667,18
17.00508,78.70407,-139.10149,20
17.2676,81.69932,-138.21045,27
17.389532,84.650154,-138.65237,36
17.804491,87.677246,-136.29703,32
18.295454,90.70895,-133.20534,24
18.613699,93.68878,-131.75371,27
18.912867,96.657196,-130.47723,32
18.906576,99.57163,-132.12422,35
19.035116,102.511765,-132.47717,32
19.166008,105.45378,-132.8052,34
19.267366,108.395035,-133.4154,28
19.249043,111.333115,-135.17891,30
19.53271,114.288475,-134.02615,31
19.967896,117.23777,-131.40073,33
20.125534,120.18,-131.45413,33
20.354832,123.11887,-130.80904,39
20.508982,126.06013,-130.88933,45
20.630413,129.00525,-131.28508,49
20.673841,131.96266,-132.43913,45
20.668674,134.93393,-134.06758,45
20.724184,137.90323,-135.10466,47
20.891315,140.85527,-135.04927,52
21.083454,143.80148,-134.74567,57
21.182623,146.7706,-135.35072,58
21.256973,149.75047,-136.19858,51
21.332003,152.73514,-137.03922,51
21.38543,155.73218,-138.09247,63
21.571012,158.68712,-137.84135,64
21.656937,161.68039,-138.57191,51
21.716702,164.68925,-139.56065,41
21.768635,167.70766,-140.6273,37
21.755926,170.76318,-142.33594,35
21.72986,173.83546,-144.17955,36
21.31493,177.1239,-149.89687,35
21.869205,179.90648,-145.96599,47
25.419338,180.92336,-112.11428,44
25.387712,183.93956,-113.971146,47
25.335205,186.98021,-116.03996,68
25.437885,189.93005,-116.55655,84
25.456158,192.94225,-117.919754,85
25.639433,195.84413,-117.62571,61
25.44616,199.02733,-121.119736,31
25.090252,202.35733,-126.26116,33
24.946655,205.54631,-129.27144,36
24.893528,208.67798,-131.37349,23
25.44103,211.30551,-127.39817,23
25.70144,214.16737,-126.32052,33
25.788675,217.18344,-126.99626,26
25.918808,220.16405,-127.23589,21
26.321724,222.88148,-124.696785,24
26.410316,225.9015,-125.353745,29
26.473595,228.95282,-126.26944,21
25.469694,233.14343,-138.09854,16
23.060688,238.93489,-164.34822,15
29.681896,236.29782,-98.831215,14
17.011097,34.78455,-128.82936,14
17.538652,39.39512,-126.2956,20
17.435993,42.164948,-128.88745,20
15.321312,45.155704,-151.34357,19
17.950277,51.015903,-128.88594,19
18.568108,55.62992,-125.44363,21
20.129442,59.273262,-112.190735,21
22.03605,63.01384,-95.60298,19
23.2378,67.72284,-86.4708,18
19.742554,69.01326,-121.47664,17
17.306889,72.3658,-147.24449,18
18.3796,75.678795,-138.5793,20
18.694408,78.69317,-137.17622,25
18.833382,81.64541,-137.45958,33
19.125587,84.64198,-136.26192,31
19.649563,87.69161,-132.81807,27
20.084476,90.70202,-130.22246,27
20.324747,93.65801,-129.50204,27
20.39069,96.578156,-130.46791,35
20.34871,99.486176,-132.48201,30
20.698929,102.455826,-130.68169,43
20.623684,105.371,-133.01956,31
20.657112,108.30698,-134.30023,45
20.953543,111.26362,-133.01067,48
21.562431,114.222,-128.6557,48
22.153318,117.15714,-124.46132,39
22.344894,120.079735,-124.17174,37
22.34747,123.01033,-125.73625,36
22.211012,125.95997,-128.67105,39
22.206236,128.91185,-130.31288,44
22.272488,131.86345,-131.25514,59
22.387493,134.81267,-131.71503,60
22.506403,137.76392,-132.13461,47
22.629938,140.71672,-132.50665,46
22.66833,143.6919,-133.72235,49
22.799591,146.64961,-134.01503,49
22.898832,149.61856,-134.62466,52
22.970064,152.60011,-135.51253,49
23.059843,155.58066,-136.21503,46
23.192661,158.54958,-136.48624,54
23.369139,161.5032,-136.31822,46
23.461143,164.4924,-136.99445,36
23.476158,167.52069,-138.4433,36
23.37598,170.6128,-141.05252,33
23.253828,173.73103,-143.888,32
22.738749,177.07545,-150.69324,28
23.438496,179.77556,-145.24205,37
27.616974,180.39586,-104.57666,41
26.952019,183.78342,-112.866,48
26.849154,186.85489,-115.4736,85
26.974262,189.78824,-115.76995,105
27.163923,192.67896,-115.40802,89
27.281118,195.62154,-115.78137,81
27.458422,198.52179,-115.54028,54
26.876726,202.01857,-123.05302,31
26.654144,205.2658,-126.909996,27
26.448193,208.52173,-130.60571,25
26.982004,211.15459,-126.71737,36
27.02347,214.21037,-127.87642,33
27.37864,216.98238,-125.807915,24
27.751144,219.72752,-123.55304,21
27.923584,222.65886,-123.35505,28
27.817116,225.87411,-126.03808,26
28.131166,228.66617,-124.37361,22
25.775314,234.32094,-150.38257,15
31.263535,236.03963,-97.3435,15
20.148355,37.290497,-113.83023,15
19.019377,39.327175,-126.237236,25
19.02166,42.162533,-127.855644,17
15.802985,42.98854,-160.33385,18
18.879742,47.76694,-132.50163,20
19.224485,50.825314,-130.83504,20
19.143541,53.63915,-133.25652,20
20.898428,57.432213,-117.98872,21
23.09036,61.36492,-98.45401,20
23.563381,64.37542,-95.473114,18
22.160412,66.52147,-110.640144,18
19.351118,68.144936,-139.48247,18
19.251318,71.00632,-142.10025,18
19.835495,74.13822,-138.07162,22
20.162296,77.15808,-136.53394,26
20.315012,80.11258,-136.686,40
20.82057,83.17332,-133.38902,29
21.23017,86.18992,-131.01761,29
21.66031,89.19875,-128.43443,28
21.877302,92.14596,-127.93139,30
21.843071,95.0404,-129.89134,30
21.877893,97.956665,-131.17451,33
22.123854,100.910286,-130.37793,40
22.319172,103.85333,-130.0753,45
22.66891,106.8091,-128.24272,53
23.168089,109.765175,-124.922676,48
23.729744,112.70616,-120.970634,43
24.111237,115.623314,-118.791916,35
24.186634,118.532135,-119.64618,34
24.142958,121.449936,-121.685265,35
23.803696,124.39742,-126.67379,43
23.70427,127.34996,-129.27954,56
23.791945,130.29468,-130.01927,69
23.970873,133.2304,-129.84456,64
24.142464,136.16667,-129.74004,66
24.293013,139.1068,-129.84354,63
24.374418,142.06325,-130.6398,60
24.477715,145.01884,-131.215,58
24.583076,147.97737,-131.7683,58
24.657526,150.94873,-132.63266,59
24.697824,153.93666,-133.84218,60
24.840908,156.89458,-134.01141,60
24.985525,159.85336,-134.16292,60
25.166174,162.7986,-133.94603,58
25.217365,165.80074,-135.04326,50
25.220083,168.83228,-136.63475,42
25.126839,171.92114,-139.20769,44
25.010931,175.03677,-142.01715,36
25.295864,177.94629,-140.73038,38
28.622572,179.0773,-108.26417,42
28.37941,182.2113,-112.33977,61
28.317114,185.25308,-114.56597,83
28.382633,188.22273,-115.48077,119
28.614359,191.08282,-114.68281,108
28.979788,193.84264,-112.50007,87
29.06673,196.8012,-113.18798,82
29.269796,199.67383,-112.67347,61
28.679808,203.18767,-120.37826,30
28.234001,206.62462,-126.6063,25
28.256166,209.69115,-127.98445,29
28.234133,212.80635,-129.82492,30
28.927526,216.81694,-125.010765,25
29.330944,219.52698,-122.40242,20
29.416536,222.54163,-123.11137,28
29.351398,225.71693,-125.40074,23
28.74963,229.47531,-133.32838,18
27.417818,234.07542,-148.95253,17
28.527098,236.03365,-138.9205,16
28.532593,240.79765,-141.3131,15
23.723211,34.61731,-90.964165,14
20.85256,38.09198,-121.93674,20
20.451082,40.641705,-127.47704,22
20.94982,46.63343,-125.95506,21
20.673248,49.307674,-130.301,21
20.564035,52.09911,-133.02614,21
21.824905,55.65335,-122.38969,20
22.14418,60.079174,-121.73956,18
21.349558,62.53816,-131.16568,19
21.054728,65.274414,-135.71512,19
20.537752,67.93726,-142.45651,19
21.132568,71.08775,-138.27863,21
21.495453,74.12718,-136.36966,25
21.690554,77.0962,-136.10684,38
22.118145,80.14016,-133.5427,33
22.650755,83.20221,-129.92838,29
23.130814,86.23019,-126.8207,28
23.33813,89.172325,-126.40734,28
23.537027,92.10997,-126.07308,36
23.746857,95.04765,-125.62578,31
24.144176,98.015465,-123.30476,33
24.319368,100.93769,-123.19137,36
24.75509,103.89101,-120.469444,37
25.028992,106.81416,-119.35668,39
25.342627,109.73404,-117.83903,37
25.66913,112.6463,-116.18445,38
25.86929,115.54762,-115.792786,36
25.7577,118.44999,-118.53704,37
25.578423,121.369415,-121.96933,48
25.419071,124.3059,-125.20744,69
25.524343,127.235725,-125.774796,71
25.70319,130.16006,-125.595345,73
25.87108,133.08519,-125.523605,69
25.987614,136.01898,-125.97077,75
26.100576,138.95612,-126.45265,79
26.190115,141.90149,-127.17198,82
26.305546,144.84445,-127.626236,76
26.414158,147.79219,-128.14886,79
26.5576,150.73242,-128.31372,78
26.74113,153.6605,-128.06538,76
26.961115,156.57451,-127.4393,72
27.138634,159.50229,-127.24535,73
27.306774,162.43356,-127.144966,72
27.345789,165.42285,-128.37358,68
27.295502,168.46207,-130.52563,64
27.155087,171.55928,-133.61389,57
27.112318,174.62204,-135.69728,52
27.610754,177.39328,-132.16945,40
29.509336,179.32005,-114.081116,46
29.647085,182.2372,-114.25944,69
29.744873,185.18211,-114.85247,110
29.858358,188.12067,-115.28128,137
30.53932,190.66267,-109.77818,100
31.065683,193.28865,-105.874916,90
30.743414,196.54132,-110.85392,87
31.050293,199.32458,-109.24084,75
30.717098,202.6256,-114.35043,32
29.596992,206.6256,-127.75888,29
29.685316,209.63844,-128.46245,26
29.66431,212.75589,-130.3208,24
29.796253,215.74155,-130.56535,24
30.59798,218.08093,-123.71465,22
30.880648,220.90155,-122.34782,31
30.887268,223.99976,-123.90774,23
30.3264,227.70909,-131.50816,21
29.606478,231.6362,-140.8243,20
31.106485,234.70265,-127.29844,20
31.357443,237.55714,-126.25639,18
30.50776,243.31494,-137.82654,15
24.47208,35.408623,-98.40686,16
22.240803,37.963825,-122.71856,21
22.068205,40.665997,-126.08477,21
22.681679,45.31124,-122.56938,19
21.56524,47.448147,-135.23337,22
21.957596,50.544254,-133.05276,20
22.697405,53.825443,-127.43026,21
23.602701,57.166428,-120.15013,19
22.393562,60.811928,-134.63318,20
22.174269,63.584354,-138.49428,18
22.628416,66.6808,-135.66661,20
22.656105,69.5798,-137.07439,22
22.91069,72.57637,-136.21979,26
23.214111,75.58616,-134.87126,41
23.757172,78.6719,-131.11789,25
24.221743,81.71216,-128.13623,28
24.55721,84.69799,-126.43775,39
24.927628,87.68388,-124.37972,31
25.322325,90.66451,-122.0677,36
25.6517,93.618355,-120.40406,32
25.918285,96.55107,-119.36595,34
26.204252,99.48121,-118.125725,33
26.509935,102.40728,-116.678986,38
26.759289,105.31919,-115.795906,38
26.983877,108.22412,-115.15866,41
27.19086,111.12455,-114.69548,38
27.282537,114.0188,-115.402504,42
27.28529,116.916405,-117.01591,45
27.234116,119.823784,-119.18207,61
27.373129,122.733154,-119.405685,67
27.617561,125.63559,-118.54675,65
27.803162,128.53975,-118.28598,63
27.89841,131.45457,-118.95044,66
27.939121,134.38191,-120.17548,70
27.953938,137.32085,-121.66825,78
28.032518,140.25441,-122.50441,82
28.12541,143.18927,-123.19232,86
28.271965,146.11371,-123.323875,82
28.427803,149.03648,-123.35682,84
28.665916,151.93303,-122.532555,81
28.944756,154.81119,-121.279686,77
29.204075,157.69049,-120.223724,75
29.423738,160.58096,-119.57583,74
29.534973,163.51624,-120.05663,72
29.58032,166.48561,-121.22591,70
29.49025,169.52934,-123.81572,68
29.26036,172.66136,-127.87831,61
29.190634,175.72775,-130.2672,48
29.517263,178.57704,-128.488,48
30.478956,181.02887,-120.00511,57
30.919556,183.76888,-116.99725,89
31.16422,186.62447,-116.05029,136
31.633518,189.31877,-112.71916,114
33.00171,191.34077,-99.8411,119
32.934467,194.38036,-102.171394,94
32.68701,197.57591,-106.42398,83
33.065086,200.28514,-104.02232,74
32.79716,203.52919,-108.50518,29
31.279154,207.8954,-126.35939,23
31.210571,211.04884,-128.75203,24
31.168686,214.19196,-130.86395,24
31.543745,216.94527,-128.50441,26
32.30305,219.30353,-122.00472,28
32.342453,222.36613,-123.235695,24
31.795044,226.05782,-130.79701,24
32.323704,228.62273,-126.75763,22
33.094955,230.89478,-120.080795,21
32.297073,234.93443,-130.3804,20
32.493958,237.85999,-129.91725,21
31.462738,242.2725,-142.79561,19
41.970303,239.66478,-33.965694,15
24.46575,37.03738,-114.37324,19
23.545168,39.184326,-125.19676,25
22.341103,41.193283,-138.87,21
23.41227,47.60179,-131.61575,21
23.246946,50.354694,-134.97105,19
24.214592,53.776554,-126.99365,21
23.966738,56.48751,-131.17264,20
23.766754,59.24426,-134.88033,20
23.810974,62.14104,-136.14062,18
23.997673,65.11082,-135.96655,20
24.233767,68.10097,-135.29045,23
24.410975,71.062126,-135.20364,30
24.806599,74.1082,-132.90355,25
25.376108,77.20557,-128.83131,28
25.691904,80.194534,-127.31784,29
26.097513,83.203316,-124.88373,29
26.544365,86.210754,-122.019165,30
26.946606,89.191086,-119.5973,32
27.29327,92.14522,-117.73233,35
27.530169,95.06636,-116.980835,32
27.886286,98.0048,-115.00302,32
28.16164,100.92005,-113.84447,36
28.337503,103.816315,-113.70119,35
28.557825,106.71603,-113.09717,37
28.714102,109.607704,-113.14809,36
28.726028,112.4929,-114.68564,49
28.793167,115.387184,-115.654396,73
29.101475,118.284424,-114.126854,79
29.384102,121.17445,-112.85804,81
29.622223,124.06061,-112.04445,71
29.747522,126.9529,-112.39874,77
29.777826,129.85852,-113.740456,85
29.78001,132.77563,-115.376785,85
29.768528,135.70412,-117.158035,87
29.806114,138.63243,-118.4286,86
29.891674,141.55678,-119.19775,90
30.028467,144.47235,-119.42905,92
30.174946,147.38673,-119.55655,91
30.432796,150.267,-118.50956,86
30.757254,153.11917,-116.75488,86
31.063828,155.96901,-115.18112,82
31.31896,158.83156,-114.14397,81
31.506649,161.7181,-113.81529,79
31.637024,164.62979,-114.09111,79
31.669102,167.59164,-115.40937,72
31.569757,170.6295,-118.12739,73
31.405336,173.71844,-121.544586,68
31.305359,176.78995,-124.28237,60
31.288033,179.82729,-126.14301,55
31.469658,182.74956,-125.87787,54
31.723152,185.62363,-124.83963,82
32.366894,188.22227,-119.606766,107
34.134274,189.98033,-102.27546,93
34.694973,192.55202,-97.88232,121
34.66668,195.56151,-99.82559,107
34.818096,198.43681,-99.83205,93
35.017517,201.27278,-99.31728,72
33.16994,205.8947,-120.97501,24
32.825264,209.28107,-126.39084,23
32.873405,212.33221,-127.55295,22
33.414467,214.91571,-123.3524,23
33.82072,217.6111,-120.60675,26
33.87045,220.65819,-121.743126,27
33.594612,224.05719,-126.44071,25
33.75282,227.01207,-126.3986,22
33.818733,230.07152,-127.367004,22
33.519028,233.55846,-132.35262,21
32.770416,237.60573,-142.2904,23
32.95348,240.58145,-141.993,19
33.07024,243.63962,-142.4249,17
33.038536,246.89137,-144.49773,15
39.706116,242.90648,-73.23641,14
25.898882,35.554214,-113.76634,19
25.031763,37.713882,-124.187035,21
25.17437,40.63383,-124.465256,20
23.183958,42.113384,-146.26111,24
25.480564,46.48833,-124.80204,19
24.814964,48.904778,-133.2518,20
25.257732,52.026,-130.48956,21
25.38406,54.95122,-130.92795,20
25.180183,57.69772,-134.72171,22
25.2923,60.626934,-135.30595,21
25.211578,63.463314,-137.85551,19
25.7564,66.6038,-134.01953,23
26.001638,69.59187,-133.23337,27
26.38135,72.63073,-131.06354,24
26.812033,75.677345,-128.36055,29
27.348595,78.74739,-124.557625,29
27.872133,81.79268,-120.873764,24
28.135807,84.73861,-119.85461,28
28.527973,87.71463,-117.50223,33
28.86551,90.664085,-115.70438,35
29.091198,93.578514,-115.056496,32
29.50293,96.52604,-112.473305,36
29.726118,99.427444,-111.83824,38
29.890451,102.316765,-111.810455,33
30.124727,105.21385,-111.05082,33
30.181097,108.09094,-112.14281,52
30.181868,110.97026,-113.81643,80
30.422676,113.86631,-112.97885,84
30.872667,116.7591,-109.94227,84
31.194363,119.63857,-108.24085,86
31.34002,122.51784,-108.38307,81
31.440704,125.401405,-108.99686,96
31.511255,128.29158,-109.92765,104
31.533806,131.1933,-111.36585,106
31.513678,134.10988,-113.257484,95
31.532284,137.02942,-114.74162,94
31.574278,139.95209,-115.97945,99
31.689043,142.86365,-116.444626,98
31.857567,145.76326,-116.33609,97
32.093853,148.64198,-115.50191,91
32.402943,151.49231,-113.88484,86
32.740997,154.32387,-111.95055,92
33.04434,157.15906,-110.37966,92
33.277596,160.01582,-109.55372,91
33.46241,162.89055,-109.24353,87
33.548588,165.81157,-109.99193,87
33.591564,168.75937,-111.20615,80
33.571243,171.74864,-113.10531,76
33.4671,174.79674,-115.9148,72
33.32254,177.88528,-119.16857,64
33.215733,180.96886,-122.020515,57
33.10341,184.07272,-124.939285,51
33.063023,187.14421,-127.08206,50
33.561497,189.84177,-123.35651,57
34.313953,192.32977,-116.845055,98
36.22247,193.883,-97.67268,114
36.394463,196.73494,-97.453354,112
36.608826,199.5512,-96.76675,98
36.790234,202.39346,-96.43824,67
34.63605,207.33835,-121.79979,22
34.86566,210.20648,-120.9746,23
35.12471,213.04301,-119.820435,24
35.22586,216.03114,-120.406006,26
35.330036,219.02094,-120.958534,27
35.3345,222.12051,-122.61661,22
35.40941,225.15434,-123.49623,22
35.395603,228.29395,-125.36362,23
35.62552,231.16527,-124.521,23
35.121284,234.90117,-131.86414,20
34.394207,238.95113,-141.7187,19
34.96036,241.44781,-137.1311,18
34.900166,244.72041,-139.54813,17
35.180374,247.56253,-138.15024,16
39.039036,245.59436,-96.5151,14
38.472626,251.03468,-105.425125,14
30.40297,265.65872,-198.20735,15
26.965662,31.002615,-115.14518,16
27.305866,35.44553,-114.26732,19
26.435677,37.59317,-124.85889,21
25.896605,40.029438,-132.09947,18
23.672651,41.346985,-156.59044,20
26.479675,47.525055,-130.49434,22
26.66604,51.910236,-131.19473,21
26.526451,54.68248,-134.37442,23
26.538546,57.554142,-135.99727,21
26.798918,60.564095,-135.05875,19
27.053892,63.56566,-134.16986,21
27.458458,66.632645,-131.72559,22
27.70348,69.61495,-130.92523,23
28.20264,72.69907,-127.478905,23
28.799051,75.80281,-123.00659,26
29.384666,78.878716,-118.62964,24
29.65147,81.8233,-117.563286,28
29.885622,84.7516,-116.831856,34
30.234264,87.70814,-114.896225,35
30.530424,90.64059,-113.50174,39
30.913965,93.58537,-111.18205,38
31.226784,96.50338,-109.59608,38
31.325249,99.375374,-110.26048,35
31.458761,102.25575,-110.5542,32
31.62911,105.141785,-110.45652,46
31.607466,108.00969,-112.38787,75
31.865118,110.905174,-111.36125,92
32.195366,113.79764,-109.55774,95
32.796276,116.682236,-104.86719,81
32.959995,119.551414,-104.81592,78
33.026848,122.42517,-105.795265,101
33.12415,125.301796,-106.44943,106
33.187843,128.18564,-107.46268,107
33.219208,131.07942,-108.82289,110
33.21966,133.98573,-110.516594,103
33.231205,136.89923,-112.093636,101
33.256695,139.81837,-113.52288,105
33.376152,142.72197,-113.94048,105
33.57048,145.60725,-113.548065,105
33.836742,148.4686,-112.3736,95
34.16819,151.30197,-110.48656,94
34.50741,154.12277,-108.506874,96
34.796932,156.9531,-107.05876,103
35.04024,159.79588,-106.10708,97
35.222706,162.66179,-105.81342,98
35.327015,165.56477,-106.37017,97
35.396164,168.48965,-107.3112,98
35.427418,171.44109,-108.66798,92
35.413647,174.42664,-110.521,82
35.321987,177.47043,-113.23372,79
35.225517,180.53304,-116.00587,72
35.13295,183.60927,-118.74159,57
34.99529,186.733,-121.98189,51
34.951572,189.80728,-124.19138,50
34.57682,193.14584,-130.07266,60
35.937374,195.14929,-116.718895,97
37.82348,196.64874,-97.481514,100
38.277256,199.26053,-94.12239,95
38.427162,202.12265,-94.13801,83
36.59461,206.79607,-116.28452,26
36.35037,210.09505,-120.738945,23
36.770603,212.77211,-117.76441,25
36.727856,215.90005,-119.97206,28
36.845936,218.8748,-120.37839,26
36.918343,221.90216,-121.29844,22
37.071102,224.8475,-121.31442,21
37.258747,227.75496,-120.93529,26
37.48394,230.6179,-120.129074,23
37.513714,233.71213,-121.531876,25
37.421227,236.96649,-124.324776,23
37.196743,240.40526,-128.62462,18
36.403522,244.60773,-139.40837,19
36.087475,248.23967,-144.78719,16
37.85468,249.06706,-126.40362,15
34.60817,260.0913,-167.10329,15
31.01858,268.65643,-210.10124,15
26.648827,28.074047,-132.53043,15
28.775764,32.605286,-112.38985,18
28.859392,35.449516,-113.26568,19
27.697351,37.36482,-127.01511,20
26.16979,39.08536,-144.58878,20
24.997679,41.141953,-158.5297,21
28.00075,48.900894,-130.91689,20
28.136541,51.83172,-131.26729,21
27.988373,54.596203,-134.57828,22
28.10448,57.525307,-135.13475,19
28.366554,60.534466,-134.16171,18
28.71401,63.581123,-132.28708,21
29.34924,66.75566,-127.381386,21
29.512213,69.68979,-127.4239,23
30.349298,72.91086,-120.36185,24
30.82227,75.94931,-117.1161,26
31.12395,78.906586,-115.66701,26
31.33354,81.82408,-115.18492,31
31.575151,84.74863,-114.3587,36
32.07737,87.74364,-110.759575,40
32.383076,90.668076,-109.23602,42
32.703068,93.58746,-107.55218,34
32.826088,96.45721,-107.961716,38
32.917507,99.323166,-108.70709,35
33.001972,102.19176,-109.526436,42
33.010708,105.05522,-111.157196,66
33.237846,107.94736,-110.44531,87
33.58802,110.843506,-108.40527,95
34.093483,113.73434,-104.68333,83
34.550526,116.605034,-101.46923,69
34.56993,119.46791,-102.97064,100
34.657875,122.335365,-103.73246,116
34.75118,125.206535,-104.4358,115
34.813828,128.08485,-105.471596,116
34.82715,130.97557,-107.044464,107
34.845352,133.87411,-108.5665,103
34.88616,136.77666,-109.84414,99
34.92988,139.68567,-111.09143,96
35.0371,142.58559,-111.64542,99
35.263477,145.45515,-110.892685,98
35.54372,148.30424,-109.54373,94
35.89136,151.1234,-107.447105,98
36.233093,153.9339,-105.4065,101
36.517952,156.75674,-103.984406,104
36.746872,159.5966,-103.17357,105
36.912075,162.46211,-103.06281,110
37.039383,165.34631,-103.36946,107
37.11443,168.2602,-104.255165,105
37.159172,171.1964,-105.47834,110
37.186638,174.1502,-106.89577,103
37.188007,177.12862,-108.60661,85
37.13486,180.1525,-110.930084,82
37.116543,183.1666,-112.869125,67
37.06094,186.21864,-115.23042,56
36.97337,189.3084,-117.956024,50
36.652508,192.59352,-123.31125,49
36.64387,195.65988,-125.16601,52
37.373028,198.12448,-118.70387,78
38.348797,200.34146,-109.43339,85
39.91281,201.98186,-93.475845,88
38.0497,206.70703,-116.30398,25
37.939983,209.88245,-119.30122,23
38.12767,212.78175,-118.92544,27
38.252853,215.74413,-119.258606,30
38.23557,218.85994,-121.216354,21
38.486084,221.6974,-120.11971,24
38.61121,224.67026,-120.452736,25
38.836895,227.53088,-119.6333,24
39.08544,230.36124,-118.547485,24
39.23002,233.31345,-118.65218,28
39.27955,236.38661,-119.85088,23
38.54585,240.47253,-130.0865,20
37.522423,245.00003,-143.70154,18
37.72529,247.9538,-143.16896,17
38.59571,249.9836,-134.89594,16
37.973843,255.70284,-144.83034,16
34.4697,264.09537,-187.43532,14
38.551556,271.17917,-147.23456,15
32.331882,289.95026,-224.99889,15
29.584097,29.22289,-117.36408,16
30.695282,34.294506,-108.401276,19
29.305117,35.98898,-124.711174,20
29.274408,38.779922,-126.81251,21
27.545038,40.358555,-146.76155,21
24.9664,41.450085,-175.70752,20
29.60798,50.33186,-130.43478,18
29.49502,53.108845,-133.41545,19
29.489557,55.963024,-135.26393,17
29.902477,59.058804,-132.67749,19
30.233028,62.096756,-130.95451,20
30.912523,65.30018,-125.50954,20
31.406713,68.38674,-122.018906,24
31.98793,71.4934,-117.58475,27
32.371136,74.4933,-115.25042,28
32.641907,77.43643,-114.109604,30
32.836143,80.34519,-113.7831,32
33.17415,83.29996,-111.90773,40
33.677612,86.29534,-108.24271,46
34.038586,89.23127,-106.09876,40
34.17553,92.0992,-106.363655,45
34.324768,94.970894,-106.49348,39
34.37577,97.82374,-107.6846,36
34.36205,100.67181,-109.57907,44
34.41693,103.53902,-110.73126,77
34.75512,106.44306,-108.80104,87
35.120228,109.33887,-106.5682,100
35.60656,112.22903,-103.00186,81
36.058807,115.099434,-99.794014,75
36.126328,117.955185,-100.78726,102
36.170834,120.816986,-102.033455,135
36.284397,123.681046,-102.52239,124
36.36795,126.5506,-103.34027,120
36.420036,129.42851,-104.505325,108
36.463142,132.3142,-105.77058,98
36.54622,135.19955,-106.595276,90
36.62305,138.09096,-107.48947,84
36.701355,140.98712,-108.367615,81
36.905663,143.85413,-107.84587,95
37.15985,146.70372,-106.76482,88
37.42284,149.54495,-105.57982,98
37.73478,152.36256,-103.841965,100
38.07524,155.16011,-101.77734,106
38.321953,157.98653,-100.75385,107
38.49619,160.84087,-100.53829,109
38.657368,163.70094,-100.46662,112
38.756775,166.59305,-101.0879,113
38.821762,169.50807,-102.09727,107
38.837845,172.45752,-103.660194,111
38.883938,175.39813,-104.88663,107
38.925213,178.34946,-106.169624,97
38.935734,181.3293,-107.80389,90
38.94372,184.32089,-109.47044,75
38.971554,187.30817,-110.91456,61
38.912937,190.37044,-113.347275,50
38.75045,193.5299,-116.97276,47
38.72011,196.60136,-119.09632,42
38.758457,199.62685,-120.43802,51
39.937508,201.64484,-108.68903,53
38.900223,205.64381,-122.38122,52
39.099827,208.53944,-121.87307,24
39.361774,211.3719,-120.642395,23
39.568687,214.2549,-120.04229,25
39.66209,217.2554,-120.752266,23
39.97072,220.02774,-118.96857,24
40.102657,222.98901,-119.22896,25
40.3525,225.81744,-118.11787,19
40.731583,228.48808,-115.49677,22
40.802162,231.52086,-116.46491,24
40.803078,234.64798,-118.24926,26
40.640694,237.99663,-121.94999,26
38.94824,244.99686,-144.5234,17
39.094753,248.02928,-144.64937,20
39.32133,250.95184,-143.83243,19
39.299347,254.22865,-145.94298,23
39.254692,257.55283,-148.32738,17
38.20347,264.06714,-163.57207,14
40.64553,268.48233,-139.27588,15
40.041183,272.7516,-148.33182,15
40.298244,277.28494,-148.07826,15
32.074635,27.280304,-104.69913,15
31.543446,30.96169,-112.97764,17
32.39478,34.42779,-105.73485,20
31.696121,36.63976,-114.92493,20
29.436768,39.14244,-141.65588,21
27.801826,40.83112,-160.91748,20
30.90251,47.299274,-130.56543,22
30.961102,51.60099,-132.6534,19
31.039116,54.5002,-133.62871,18
31.49412,57.621902,-130.55154,19
31.77281,60.629597,-129.35953,19
32.16174,63.68805,-126.97147,22
33.002346,66.957466,-119.69297,25
33.672787,70.10879,-114.2289,25
33.828407,73.00449,-114.3236,31
34.049927,75.92718,-113.70006,31
34.354664,78.87794,-112.16669,31
34.750965,81.8527,-109.62799,45
35.26371,84.85181,-105.80771,47
35.510303,87.75095,-104.88022,44
35.663284,90.61951,-104.971344,38
35.759136,93.47433,-105.686104,46
35.808395,96.3226,-106.911865,38
35.738617,99.15507,-109.447975,50
35.857456,102.02986,-109.91169,79
36.239326,104.940025,-107.47189,88
36.642284,107.83916,-104.788155,99
37.099533,110.727684,-101.4919,87
37.535904,113.59788,-98.41371,86
37.648167,116.448654,-98.92245,95
37.66524,119.30406,-100.48911,137
37.775482,122.16315,-101.02013,130
37.893463,125.02452,-101.46392,120
37.978962,127.89192,-102.2698,110
38.104603,130.75821,-102.626175,92
38.27321,133.61934,-102.49951,89
38.33851,136.50056,-103.53029,82
38.38595,139.39168,-104.76315,64
38.553802,142.25856,-104.64048,85
38.822483,145.09587,-103.37673,91
39.03203,147.94577,-102.77531,98
39.24538,150.79149,-102.126434,103
39.57418,153.59018,-100.16347,106
39.85506,156.3985,-98.73653,108
40.049557,159.23793,-98.28584,117
40.22051,162.08669,-98.099945,119
40.348614,164.95676,-98.40063,117
40.445652,167.84581,-99.05556,113
40.493904,170.76694,-100.269714,114
40.51522,173.71162,-101.79488,105
40.57079,176.64398,-102.929535,108
40.63263,179.57925,-103.99367,102
40.67614,182.53406,-105.27092,100
40.75159,185.47371,-106.18158,77
40.762398,188.46844,-107.841545,64
40.712017,191.5217,-110.21414,59
40.64136,194.606,-112.8284,47
40.594772,197.6854,-115.169785,51
40.58886,200.74297,-117.0436,50
40.846893,203.56937,-115.84289,49
40.427258,207.0359,-122.55524,46
40.468422,210.08736,-123.89505,28
40.62585,213.02924,-123.87472,25
41.204365,215.52954,-118.90788,21
41.460857,218.3525,-117.71124,24
41.630367,221.2674,-117.53414,24
41.68783,224.31177,-118.677536,23
42.097507,226.94672,-115.65999,27
42.13811,230.01584,-117.00135,34
42.02905,233.28174,-120.12144,23
41.462578,237.15572,-128.68542,23
40.633503,241.4274,-140.4023,21
40.244415,245.17195,-146.91241,22
40.32307,248.3058,-147.8581,31
40.519245,251.27959,-147.4006,25
40.739887,254.21678,-146.64755,20
40.51518,257.81662,-151.23587,16
39.495293,262.66043,-165.3982,14
40.827682,263.91095,-151.28238,15
41.960716,267.03455,-140.46706,15
41.945328,273.63284,-144.44484,15
40.217915,279.91577,-167.30974,16
17.991028,-34.650814,-239.33377,15
33.154205,17.297777,-102.32184,15
36.920105,27.59795,-66.53533,15
33.56509,27.252357,-104.19529,16
33.106426,29.601479,-110.906815,18
33.482567,32.68265,-108.667305,18
33.611885,35.551216,-109.07374,20
27.90607,39.727905,-176.19427,18
31.948639,46.93056,-135.2245,20
32.292717,50.00814,-133.32834,17
32.667725,53.094513,-131.08624,21
32.908394,56.08745,-130.29747,18
33.257114,59.13749,-128.32355,20
33.626595,62.187855,-126.11294,22
34.506622,65.49056,-118.30062,23
35.110428,68.61678,-113.48942,22
35.258915,71.507225,-113.66215,29
35.55269,74.460785,-112.23338,27
35.88523,77.42198,-110.36937,35
36.32338,80.41258,-107.33038,40
36.751617,83.383354,-104.38774,43
36.949406,86.26491,-103.9856,49
37.127007,89.13805,-103.803314,42
37.2318,91.99083,-104.42677,40
37.196125,94.813995,-106.61346,40
37.098663,97.63575,-109.49359,63
37.296585,100.52341,-109.08081,86
37.7132,103.44005,-106.216896,86
38.129185,106.34131,-103.347916,103
38.530502,109.22602,-100.63122,98
38.9564,112.09759,-97.626526,84
39.145164,114.94723,-97.280205,86
39.14823,117.79583,-99.02527,152
39.26079,120.649925,-99.536026,139
39.39776,123.50516,-99.769714,124
39.513126,126.36381,-100.24652,109
39.69614,129.21666,-99.9543,91
39.940407,132.05861,-98.96179,84
40.126015,134.90636,-98.63189,85
40.173138,137.7826,-99.87925,48
40.187122,140.674,-101.50718,69
40.40969,143.51656,-100.7496,101
40.63246,146.35535,-99.98505,108
40.80307,149.20815,-99.814926,106
41.05267,152.03123,-98.73296,107
41.354313,154.82806,-97.04532,110
41.567245,157.6547,-96.3742,126
41.75681,160.48915,-95.96909,120
41.906746,163.34174,-96.01975,123
42.030926,166.20885,-96.367386,122
42.109566,169.1041,-97.243675,117
42.15571,172.02415,-98.49931,110
42.19137,174.9585,-99.87951,112
42.244934,177.88951,-101.05327,110
42.31041,180.81969,-102.089806,113
42.367626,183.76251,-103.22496,97
42.43498,186.70499,-104.24296,86
42.461266,189.68636,-105.74586,77
42.473545,192.68864,-107.417076,66
42.502686,195.68698,-108.8935,58
42.539757,198.68767,-110.279396,57
42.50511,201.76309,-112.51747,49
42.28864,205.02504,-116.91823,54
42.072865,208.31229,-121.324005,47
42.05738,211.42203,-123.35998,35
42.519062,214.0433,-119.71349,22
42.910156,216.72191,-116.896255,22
43.126343,219.58151,-116.16021,23
43.26764,222.52461,-116.31765,22
43.383335,225.50056,-116.78178,25
43.339203,228.67569,-119.16772,24
43.469532,231.64711,-119.459915,23
43.179985,235.16304,-124.81641,30
41.906418,240.01413,-142.07977,24
42.63351,242.24815,-135.18692,21
42.087017,246.21883,-143.71022,22
43.37738,247.61664,-129.95442,19
42.695477,251.82327,-140.14354,17
43.371445,254.05545,-133.81996,17
42.97052,257.90503,-140.61934,15
41.725113,264.7802,-158.7431,15
42.259476,268.89703,-155.12144,16
41.382473,273.69556,-167.8541,15
42.572456,276.69785,-156.15959,15
41.408325,282.1062,-172.49237,15
8.873711,-62.120785,-344.18927,16
17.269356,-36.287495,-265.25894,15
12.839465,-30.79261,-319.78894,16
17.318745,-12.777319,-280.46326,15
32.619537,11.093254,-120.895775,15
33.73606,16.368587,-111.60141,15
35.113968,23.182722,-100.32534,16
34.73865,26.938961,-107.115776,17
34.639496,30.982662,-110.92528,21
35.297596,34.298885,-105.57035,19
38.779984,39.870968,-69.328575,20
32.3509,38.942577,-142.4002,19
32.649517,42.02148,-141.00058,19
32.881145,45.044487,-140.32938,19
33.654278,48.432785,-133.69003,19
34.143814,51.600372,-130.15318,19
34.53072,54.68455,-127.735405,20
34.61244,57.572865,-128.68355,19
35.116405,60.705647,-124.951225,26
35.96828,64.00655,-117.34004,22
36.546165,67.127014,-112.74779,23
36.729427,70.03214,-112.53357,24
37.030495,72.98904,-111.0011,25
37.37343,75.955154,-108.99243,35
37.90578,78.98538,-104.85304,42
38.19681,81.90474,-103.40377,37
38.40796,84.78899,-102.84395,47
38.586323,87.65967,-102.64857,53
38.67054,90.50253,-103.51083,51
38.55388,93.29919,-106.64144,44
38.469715,96.11902,-109.41231,79
38.719982,99.01702,-108.40068,91
39.15192,101.93874,-105.32136,90
39.593494,104.8453,-102.11938,97
39.940384,107.72516,-99.982086,106
40.33688,110.597145,-97.26926,87
40.64406,113.45098,-95.565155,78
40.623936,116.29202,-97.59841,143
40.73107,119.14139,-98.1771,144
40.867176,121.992455,-98.42274,133
41.005566,124.84469,-98.640335,116
41.226257,127.68906,-97.90802,94
41.50707,130.52118,-96.47699,85
41.741848,133.35374,-95.570984,86
41.77342,136.22307,-97.01264,49
41.872517,139.08455,-97.67358,77
41.975796,141.9488,-98.28595,98
42.15801,144.79329,-97.97945,113
42.343567,147.63544,-97.63077,117
42.522327,150.47864,-97.358086,114
42.82796,153.2711,-95.59833,109
43.071255,156.08101,-94.56107,115
43.25763,158.91171,-94.18626,120
43.43372,161.74605,-93.92909,125
43.590828,164.58948,-93.89254,117
43.70587,167.45667,-94.35031,109
43.77319,170.35492,-95.3716,113
43.79935,173.28497,-96.881805,113
43.841118,176.21407,-98.210175,115
43.89369,179.14397,-99.41312,111
43.970894,182.06386,-100.32524,115
44.05859,184.98186,-101.11383,97
44.118332,187.92711,-102.23713,92
44.178898,190.87895,-103.35285,74
44.234932,193.84195,-104.525024,63
44.250168,196.84853,-106.18942,75
44.289135,199.84389,-107.57252,64
44.234013,202.93735,-110.091896,56
44.05037,206.1724,-114.168594,57
43.93074,209.36661,-117.484406,54
43.827877,212.56332,-120.60765,43
43.94026,215.54579,-121.13085,30
44.49782,218.03503,-116.248695,23
44.685486,220.9242,-115.84805,25
44.676796,224.04568,-117.8376,22
44.470562,227.42137,-122.244255,20
44.92391,229.99493,-118.60008,23
44.96385,233.0832,-120.0062,31
44.477737,236.87914,-127.870514,23
44.576714,239.92497,-128.56989,21
44.730564,242.89995,-128.59537,21
45.116413,245.54428,-125.75881,21
45.1555,248.68329,-127.19586,21
44.658516,252.63908,-135.27188,20
43.96738,256.94284,-145.78275,18
50.676517,251.16183,-65.33033,15
43.43788,272.69846,-161.28412,15
43.931107,275.1971,-157.11375,15
42.252403,281.53604,-180.16512,16
6.404583,-71.72369,-387.09143,16
27.265043,-35.281242,-168.87097,15
24.10541,-36.845795,-204.63284,15
24.852663,-28.493484,-201.6314,15
19.661608,-30.775446,-260.5702,15
18.55184,-24.391628,-277.84494,16
33.82828,10.751476,-123.70681,16
34.46993,14.186739,-118.551704,16
37.24475,26.4872,-94.51746,16
36.062443,28.131464,-109.38366,21
36.04818,30.875029,-111.38754,21
36.878334,34.344967,-104.04642,20
39.98572,39.6471,-71.42238,21
39.369255,41.827995,-80.052315,17
34.718807,40.965977,-133.59793,20
34.874897,43.916454,-133.7455,18
35.26057,48.446693,-132.26831,18
35.642677,51.54242,-129.87631,24
35.962997,54.58555,-128.16588,21
36.274864,57.613834,-126.54146,20
37.127853,60.94608,-118.8202,22
37.64496,64.053024,-114.855095,19
38.12966,67.12186,-111.23943,26
38.430904,70.08105,-109.683136,25
38.74045,73.03531,-108.02466,29
39.156258,76.02634,-105.151764,36
39.575294,79.003136,-102.22963,36
39.796516,81.89015,-101.54684,42
40.00738,84.76952,-100.97713,49
40.100563,87.60836,-101.7471,46
40.061283,90.413025,-104.03288,45
39.857407,93.187225,-108.210396,61
39.962948,96.05259,-108.84652,96
40.343872,98.97461,-106.31437,94
40.800343,101.89551,-102.90066,92
41.208706,104.79175,-100.02776,103
41.556896,107.666374,-97.83815,106
41.88304,110.527695,-95.893845,89
42.124737,113.374985,-94.92018,96
42.121067,116.214066,-96.79184,161
42.242374,119.0607,-97.21269,152
42.381653,121.90873,-97.42295,138
42.5821,124.753,-96.91712,109
42.857376,127.58634,-95.53166,95
43.138187,130.41164,-94.07417,82
43.326797,133.24539,-93.692,56
43.2348,136.13504,-96.60615,77
43.480858,138.96045,-95.54571,96
43.612698,141.81119,-95.82721,104
43.74607,144.66331,-96.08932,120
43.92125,147.5034,-95.85536,124
44.10528,150.33946,-95.513435,118
44.395275,153.1321,-93.90924,109
44.650547,155.93143,-92.710815,121
44.83491,158.7576,-92.35176,120
45.02145,161.58136,-91.96343,119
45.18358,164.41649,-91.86395,118
45.29104,167.28241,-92.4175,126
45.37838,170.164,-93.21262,119
45.428047,173.07433,-94.46187,103
45.470512,175.99709,-95.80028,108
45.523247,178.921,-97.0178,112
45.59326,181.84007,-98.02905,115
45.677895,184.75462,-98.86514,110
45.7665,187.67166,-99.65441,102
45.86507,190.58594,-100.3237,82
45.937344,193.5276,-101.31404,62
45.960262,196.52003,-102.90813,78
46.019875,199.48853,-104.058136,69
45.998463,202.54262,-106.20222,62
45.94587,205.64107,-108.73458,53
45.78732,208.86432,-112.57568,55
45.655197,212.08238,-116.1037,55
45.545372,215.29729,-119.36817,48
45.732143,218.1954,-118.98215,25
46.081467,220.90257,-116.58386,26
45.720016,224.45436,-122.97963,21
46.147408,228.63321,-120.57305,24
46.380615,231.47653,-119.60383,35
46.31383,234.71487,-122.36894,25
46.460754,237.67882,-122.474976,25
46.563324,240.70734,-123.135284,22
46.650253,243.76385,-123.993164,24
46.60419,247.02309,-126.522415,23
46.513233,250.36667,-129.62466,20
46.097908,254.23195,-136.82283,16
44.551228,259.93323,-158.3215,15
50.36111,253.8379,-86.906456,15
49.27919,258.75198,-102.50649,15
44.474953,271.75113,-166.40407,15
44.083096,277.5103,-174.47032,15
44.530304,280.11148,-170.83626,17
-0.915014,-83.692375,-487.16165,15
30.17236,-33.369194,-153.99873,15
27.21844,-33.30335,-189.01823,16
23.690718,-35.261932,-229.425,15
22.074379,-32.91731,-250.18011,15
20.550781,-30.301922,-270.01974,15
21.80893,-25.595793,-258.37607,16
19.863281,-24.923468,-281.86383,15
22.410498,-17.14425,-257.07642,15
21.730843,-13.291507,-267.76437,16
31.232407,2.001951,-165.84967,16
34.571648,9.901518,-131.75941,15
35.469242,15.01882,-124.6408,16
35.29007,20.40939,-130.4364,15
37.426743,27.983473,-110.3255,21
37.510754,30.814514,-111.25513,24
38.73294,34.631374,-99.395256,19
41.587475,39.74902,-69.11724,19
41.00608,41.942417,-77.47442,18
36.892,41.43166,-125.759544,18
36.20245,43.72902,-135.46085,16
36.61585,46.86842,-132.6916,19
37.001156,49.97322,-130.22858,22
37.438538,53.098843,-127.16197,22
37.87419,56.206696,-124.10126,21
38.539055,59.436115,-118.4112,22
39.081203,62.565014,-114.10145,19
39.55884,65.63577,-110.51253,22
39.977573,68.65692,-107.58426,26
40.32001,71.62519,-105.51956,30
40.752068,74.6229,-102.41338,31
41.058384,77.550354,-100.743484,34
41.300346,80.44306,-99.80836,50
41.543526,83.33081,-98.853134,53
41.574013,86.14169,-100.35715,44
41.463654,88.916916,-103.49897,42
41.270214,91.68526,-107.61511,60
41.393654,94.55224,-108.05099,102
41.757156,97.47255,-105.68384,98
42.188366,100.39259,-102.514366,93
42.625824,103.29664,-99.25825,106
42.978878,106.17304,-96.97851,106
43.294895,109.03388,-95.12352,95
43.612217,111.88488,-93.24434,79
43.578762,114.71569,-95.492645,147
43.671665,117.55806,-96.253685,156
43.805374,120.40312,-96.53214,153
44.021004,123.244385,-95.83794,120
44.342373,126.0718,-93.88372,105
44.60076,128.897,-92.66944,86
44.745827,131.73402,-92.79901,66
44.700417,134.60854,-95.20039,114
44.96138,137.42757,-93.94454,103
45.14929,140.25883,-93.55721,104
45.227818,143.11993,-94.47889,125
45.393063,145.95859,-94.35935,126
45.587708,148.78667,-93.883606,120
45.823307,151.5968,-92.90988,113
46.11008,154.38077,-91.31266,115
46.316498,157.19292,-90.680565,121
46.51511,160.00598,-90.13901,115
46.691223,162.8284,-89.866905,120
46.829113,165.67107,-90.05717,121
46.932167,168.53586,-90.671005,117
47.006958,171.42224,-91.63028,120
47.051907,174.33418,-92.9562,127
47.088318,177.26012,-94.38989,121
47.157734,180.17114,-95.421844,115
47.239708,183.0794,-96.30151,116
47.348515,185.9724,-96.852066,109
47.468067,188.86067,-97.27066,99
47.55739,191.77821,-98.06299,84
47.62898,194.71706,-99.0763,73
47.739727,197.62654,-99.605934,71
47.72339,200.6621,-101.71569,64
47.73102,203.6869,-103.533005,79
47.794415,206.66582,-104.66025,56
47.665833,209.85678,-108.18886,56
47.568123,213.0351,-111.34239,60
47.29311,216.43396,-116.7291,51
47.31681,219.51514,-118.38202,33
46.85593,223.1919,-126.1371,21
47.181847,225.93681,-124.00152,22
47.693707,228.43318,-119.50905,31
47.76105,231.48999,-120.62301,30
47.830402,234.55203,-121.7147,28
47.976425,237.51566,-121.836136,26
48.173107,240.40956,-121.31305,24
48.338604,243.34767,-121.18467,24
48.37439,246.48117,-122.711,22
48.38675,249.66122,-124.541885,19
45.36568,259.29163,-166.27396,15
46.720123,260.4312,-150.95135,16
48.962185,260.0037,-124.1496,15
46.767902,266.9813,-154.44478,15
45.75886,272.07434,-169.54169,15
46.34202,274.42392,-164.09169,16
45.951946,278.51328,-171.23727,17
46.023067,281.79062,-172.4196,24
6.550488,-73.7549,-428.01035,16
28.974977,-37.41246,-183.82845,16
28.361115,-32.518776,-194.65076,15
22.15725,-35.106583,-267.4441,16
19.885223,-35.0292,-294.81876,15
22.187605,-28.866014,-271.44696,16
22.855156,-24.903044,-266.1905,15
23.514051,-19.433235,-262.087,15
23.124317,-16.804062,-268.60443,15
22.470596,-14.454504,-278.09784,16
28.892685,-3.938274,-208.22661,16
33.972446,4.722829,-153.19617,16
31.814394,5.207044,-179.46555,15
36.272778,12.855235,-131.19472,15
37.33574,16.745846,-121.116905,15
37.87033,22.814434,-118.88953,16
38.587185,26.264847,-112.659035,20
38.833584,29.249474,-111.75659,22
39.532772,32.631863,-105.687195,21
42.533855,37.967587,-73.3112,18
42.251587,40.40101,-78.37286,19
41.129745,42.18372,-93.06871,17
38.038307,45.33835,-132.35255,18
38.31802,48.37267,-131.0683,20
38.888954,51.599503,-126.416565,22
39.220577,54.64416,-124.51137,20
39.98947,57.95269,-117.53397,21
40.564964,61.108814,-112.772125,22
40.95463,64.133934,-110.14996,20
41.429344,67.19057,-106.52589,26
41.88532,70.2182,-103.10475,28
42.247574,73.18261,-100.76338,29
42.579884,76.12083,-98.76139,36
42.853302,79.023415,-97.43993,40
42.97646,81.860344,-97.875336,56
43.015816,84.66909,-99.29517,35
42.93902,87.44681,-102.08586,36
42.690292,90.1878,-106.91301,59
42.819626,93.05371,-107.28421,109
43.18038,95.97527,-104.91325,95
43.582592,98.89251,-102.039474,94
44.014587,101.79948,-98.79908,100
44.40079,104.68273,-96.09,115
44.706238,107.54273,-94.332306,110
45.028698,110.39459,-92.3626,85
45.100193,113.22439,-93.38735,95
45.12912,116.05894,-94.92379,150
45.250664,118.89998,-95.35099,141
45.429867,121.740486,-95.08347,124
45.78734,124.56513,-92.663864,110
46.05056,127.38768,-91.37156,96
46.116306,130.23224,-92.46149,68
46.14091,133.09018,-94.05126,154
46.3501,135.91801,-93.40404,100
46.634853,138.72427,-91.83347,104
46.736816,141.57283,-92.481995,124
46.85801,144.41933,-92.89623,120
47.043083,147.24664,-92.528885,127
47.268127,150.05746,-91.668785,113
47.54765,152.8419,-90.13535,110
47.77184,155.643,-89.27473,127
47.9766,158.44916,-88.648346,128
48.18473,161.25085,-87.97638,121
48.343067,164.07657,-87.91573,118
48.46393,166.9242,-88.316795,127
48.5541,169.7935,-89.09819,124
48.61996,172.68356,-90.18289,123
48.662373,175.59639,-91.561745,117
48.712498,178.51216,-92.84762,118
48.793842,181.41267,-93.74686,120
48.898285,184.30107,-94.35866,118
49.025845,187.17502,-94.68155,108
49.14877,190.05579,-95.06246,103
49.260735,192.94945,-95.58133,75
49.371567,195.84822,-96.11499,79
49.42588,198.80522,-97.36281,72
49.543114,201.70802,-97.818214,67
49.55247,204.72551,-99.640816,55
49.608498,207.70496,-100.87653,60
49.494637,210.87944,-104.27581,54
49.33659,214.12479,-108.2495,54
49.046787,217.54848,-113.91793,53
48.916603,220.81308,-117.56519,35
48.695957,224.21262,-122.383575,21
49.08101,226.86526,-119.44659,28
49.211666,229.8379,-119.76825,27
49.30946,232.85857,-120.51354,25
49.277103,236.06628,-122.940056,25
49.26031,239.26746,-125.17369,20
49.635452,241.90848,-122.33943,24
49.814075,244.83047,-122.04384,27
49.78678,248.06993,-124.42283,23
46.810616,259.32263,-167.3188,16
45.52179,266.51706,-187.3583,15
49.95558,262.3436,-131.41068,16
46.96814,270.84647,-172.69649,15
47.268066,275.40616,-171.96161,17
47.368195,278.6296,-172.78592,25
47.73515,281.35605,-170.08704,27
5.981878,-77.55363,-455.31543,16
31.303673,-32.051025,-178.2346,16
23.534115,-40.213097,-267.38232,16
23.161264,-36.092518,-274.86765,15
26.674135,-25.220087,-239.65985,16
24.90514,-24.477661,-261.79828,15
21.275446,-24.381746,-306.20718,15
25.15221,-16.436628,-264.46765,15
25.663946,-11.17264,-261.93295,16
31.634108,-1.193765,-196.05461,15
32.041615,2.206052,-193.47235,15
38.43491,14.906074,-124.33452,15
40.193214,19.501572,-106.09218,16
39.18143,22.594736,-120.61297,17
40.016953,26.172338,-112.91781,20
40.32848,29.219715,-111.24601,21
41.480537,33.018772,-99.83747,19
40.67389,39.1886,-113.98374,16
39.08265,40.68637,-134.4451,17
39.319347,43.700592,-133.65137,17
39.67091,46.79505,-131.50952,19
40.264763,50.05042,-126.52054,24
40.47613,53.01778,-125.99661,19
41.392406,56.442253,-117.18623,21
42.025238,59.643875,-111.67772,21
42.557476,62.756657,-107.33284,20
42.917027,65.74904,-105.00941,24
43.420753,68.805435,-100.96902,26
43.76676,71.7611,-98.78086,32
44.08402,74.69118,-96.92374,35
44.297897,77.56544,-96.28694,46
44.41968,80.39806,-96.74264,43
44.50803,83.21981,-97.59653,33
44.464508,85.99958,-100.027695,46
44.124275,88.69757,-106.01954,59
44.26128,91.56261,-106.3028,105
44.56982,94.47233,-104.521996,102
44.990753,97.39741,-101.3787,97
45.38684,100.30094,-98.521545,96
45.80331,103.19246,-95.40526,115
46.10383,106.05256,-93.67945,133
46.393986,108.9024,-92.0709,103
46.61984,111.7395,-91.23537,92
46.572037,114.56347,-93.7263,137
46.68484,117.400475,-94.26495,157
46.8404,120.23894,-94.280975,130
47.179893,123.06547,-92.04355,117
47.451683,125.886826,-90.62615,112
47.576927,128.71991,-91.00156,63
47.531315,131.58313,-93.47858,60
47.707832,134.41618,-93.22405,183
48.049004,137.21028,-90.933174,113
48.217808,140.03772,-90.76467,123
48.31278,142.88646,-91.5085,138
48.48321,145.71474,-91.31623,128
48.703793,148.5242,-90.49766,119
48.95474,151.31763,-89.29571,113
49.203907,154.10588,-88.10995,117
49.418884,156.90413,-87.34571,121
49.638622,159.69644,-86.51734,124
49.810337,162.51047,-86.28692,132
49.95453,165.33954,-86.40012,131
50.066353,168.18944,-86.919846,129
50.152027,171.05962,-87.76989,128
50.221478,173.94618,-88.826515,120
50.277325,176.84906,-90.05769,118
50.35322,179.74481,-91.03779,112
50.451057,182.6299,-91.74106,109
50.576553,185.4974,-92.09313,115
50.706635,188.36409,-92.38669,113
50.81978,191.2484,-92.89677,103
50.960365,194.11151,-93.05583,86
51.032173,197.04227,-94.096634,77
51.175446,199.90927,-94.2216,74
51.224697,202.8748,-95.55669,62
51.325527,205.79424,-96.23013,78
51.393887,208.75452,-97.32467,60
51.228977,211.98726,-101.44223,55
51.184303,215.10378,-104.01469,59
50.919727,218.50237,-109.45308,51
50.58266,222.02376,-115.85465,31
50.721508,224.97247,-116.07192,27
50.738678,228.08466,-117.87929,26
50.94385,230.95343,-117.23137,21
50.939472,234.1127,-119.328735,21
50.75497,240.73143,-125.85879,21
50.784103,243.88846,-127.54055,21
50.88753,246.94194,-128.24623,23
51.234135,249.6155,-125.73486,20
49.535572,257.25168,-151.4021,15
46.57062,265.55682,-192.96925,16
49.491917,265.6336,-157.3237,16
48.276577,271.14926,-175.71623,16
48.37724,274.3783,-176.5578,22
48.78468,277.0433,-173.28711,27
49.211823,279.65353,-169.7391,29
-0.163324,-93.801544,-543.80835,15
6.90414,-79.17274,-466.57806,16
37.541897,-27.946032,-122.95544,15
36.03865,-27.435307,-141.9996,16
25.25297,-35.585068,-270.09937,15
17.885996,-40.932034,-357.74744,16
30.99375,-20.206028,-209.86652,15
27.063793,-22.3589,-257.12158,16
24.996735,-20.339893,-284.23605,15
26.462225,-13.83541,-270.70078,15
32.90559,1.33557,-201.56122,15
40.70132,19.822128,-117.98309,17
40.72376,23.98628,-120.66491,18
41.69732,27.697304,-111.21942,24
42.353718,31.06252,-105.46175,21
43.77846,35.09343,-90.64071,17
44.837753,38.727818,-80.07104,16
40.551834,40.60423,-134.56435,17
40.794777,43.624462,-133.6812,18
41.240383,46.792294,-130.38626,17
41.88773,50.088657,-124.67742,25
42.66579,54.845352,-118.37082,20
43.37137,58.10976,-111.911705,21
44.101273,61.355186,-105.13549,22
44.59726,64.427376,-101.1364,23
44.981667,67.41599,-98.46026,26
45.274044,70.34163,-96.879166,31
45.508854,73.22986,-95.983574,30
45.691257,76.08847,-95.71488,35
45.83392,78.92783,-95.92324,43
45.917107,81.74382,-96.85079,51
45.837437,84.50378,-99.756,52
45.528202,87.20063,-105.46143,55
45.69478,90.07277,-105.38735,93
45.965004,92.97259,-104.04519,116
46.365314,95.89666,-101.10503,96
46.766823,98.80525,-98.13706,103
47.1711,101.698494,-95.12195,110
47.497684,104.56424,-93.048805,128
47.782036,107.41404,-91.48602,109
48.033585,110.25274,-90.31991,100
48.08656,113.07538,-91.602264,95
48.09167,115.90394,-93.4796,156
48.236355,118.740166,-93.63008,149
48.52074,121.57036,-92.0424,115
48.836124,124.38964,-90.06069,142
49.02167,127.213394,-89.68953,86
48.980495,130.06908,-92.14831,39
49.124653,132.90434,-92.29368,60
49.427868,135.70633,-90.44245,96
49.656467,138.51727,-89.52023,117
49.757046,141.35983,-90.204094,138
49.908836,144.19022,-90.24302,139
50.130627,146.99663,-89.39559,125
50.358654,149.79654,-88.4643,118
50.60861,152.58267,-87.24979,117
50.85158,155.36595,-86.11787,113
51.0773,158.1521,-85.199486,126
51.258797,160.957,-84.84024,135
51.422256,163.77069,-84.70833,132
51.542507,166.61,-85.127426,135
51.652905,169.4586,-85.67304,132
51.746014,172.3224,-86.4411,126
51.82172,175.20352,-87.4345,118
51.89524,178.09265,-88.45859,121
51.99116,180.97108,-89.19549,132
52.10762,183.83804,-89.66825,119
52.251453,186.68556,-89.786415,116
52.387836,189.54138,-90.00062,104
52.523975,192.39973,-90.21769,83
52.636265,195.28307,-90.745224,73
52.78423,198.13531,-90.8077,71
52.83309,201.09071,-92.166435,80
52.963127,203.96884,-92.46469,67
53.029,206.92041,-93.606064,51
53.0487,209.93225,-95.35846,49
53.05896,212.96649,-97.24108,48
52.941437,216.16757,-100.81803,47
52.60273,219.66663,-107.335175,45
52.27085,223.19563,-113.785385,30
52.59345,225.89656,-111.564606,33
52.486633,229.17131,-115.050354,21
52.463585,232.35039,-117.43166,20
52.146572,235.96796,-123.74916,20
51.993965,239.38083,-127.88932,23
52.01267,242.55965,-129.74718,19
51.22851,248.63103,-143.47139,23
52.46757,253.14116,-131.04456,15
49.976765,260.61203,-166.87224,16
49.617397,271.4071,-178.40042,20
49.908108,274.29407,-176.67625,26
50.39204,276.80692,-172.30609,28
50.847275,279.35135,-168.31168,30
-2.279253,-100.503555,-591.41534,16
40.139095,-24.960337,-110.9799,15
36.760597,-27.2677,-151.96225,15
24.153305,-42.75603,-299.85513,15
26.93165,-35.64558,-269.96576,15
19.58523,-41.130997,-358.72693,15
31.687407,-19.996386,-221.33397,15
25.857315,-23.05112,-292.71295,15
31.680197,-8.027721,-230.1294,15
33.703735,0.363002,-210.67528,15
41.490658,16.276094,-123.92545,16
43.179245,22.189053,-106.88979,15
42.895454,26.004848,-113.221886,20
43.474075,29.315653,-108.3067,23
44.22269,32.759502,-101.34073,19
46.128967,37.21575,-80.49746,17
41.651794,38.799713,-138.10583,17
42.31153,43.581497,-133.21045,18
42.79203,46.77848,-129.4377,19
43.416595,50.0615,-123.90783,28
43.935143,53.24028,-119.63807,18
44.727695,56.58159,-112.026924,20
45.70102,59.999638,-102.18899,23
46.125416,63.029224,-98.99383,23
46.393448,65.95044,-97.690994,26
46.686752,68.878105,-96.07199,25
46.91524,71.76296,-95.237564,28
47.08052,74.61196,-95.172745,32
47.197445,77.43787,-95.69886,45
47.28021,80.25137,-96.64473,64
47.207943,83.00828,-99.50284,54
46.905743,85.69647,-105.20878,62
47.10471,88.578735,-104.731865,84
47.37358,91.47878,-103.38438,121
47.735565,94.396,-100.873024,107
48.1338,97.308136,-97.898926,100
48.533848,100.204735,-94.88887,109
48.87756,103.07592,-92.56922,131
49.149,105.92499,-91.142624,124
49.398205,108.76413,-89.98737,105
49.581432,111.592575,-89.654045,95
49.539394,114.41139,-92.15114,117
49.623928,117.24355,-93.06,162
49.83609,120.076416,-92.35873,134
50.19087,122.89621,-89.84862,134
50.405907,125.71663,-89.0981,112
50.422306,128.55965,-90.86492,45
50.54032,131.3953,-91.343765,53
50.765804,134.2121,-90.45275,98
51.06207,137.0077,-88.65285,119
51.200344,139.83658,-88.86538,141
51.314808,142.6742,-89.382034,149
51.553726,145.47284,-88.30082,129
51.77632,148.27219,-87.42378,119
52.00243,151.06584,-86.49676,115
52.260117,153.84093,-85.15655,118
52.487328,156.62395,-84.20409,123
52.690445,159.41472,-83.55865,135
52.870445,162.2153,-83.20937,138
53.01214,165.03711,-83.35571,126
53.134453,167.8725,-83.75347,129
53.24876,170.7161,-84.25588,121
53.33471,173.5829,-85.12983,133
53.431576,176.4475,-85.86267,121
53.53185,179.31444,-86.552185,122
53.64241,182.17793,-87.107765,111
53.772713,185.02896,-87.404015,113
53.92521,187.8633,-87.40725,114
54.08754,190.68974,-87.27898,97
54.248177,193.51822,-87.17178,71
54.384655,196.37103,-87.38392,70
54.474808,199.27365,-88.21227,79
54.558674,202.18886,-89.12663,63
54.62695,205.12764,-90.2519,70
54.700207,208.06842,-91.31388,55
54.68729,211.11778,-93.5345,54
54.697865,214.15271,-95.44743,47
54.63508,217.29166,-98.35408,52
54.302162,220.79692,-104.914314,45
53.85116,224.49803,-113.09452,38
53.89988,227.56494,-114.540726,23
53.859367,230.76721,-117.20246,20
53.218163,236.4524,-129.10905,23
53.360336,239.44563,-129.32082,21
53.42534,242.56094,-130.58676,22
52.634865,247.03963,-143.56271,18
52.610836,253.64105,-148.2796,16
52.121857,259.44525,-158.32913,16
50.05882,268.1516,-190.18704,17
50.934288,270.0068,-180.36835,22
51.318012,272.72372,-177.33244,27
51.75327,275.32648,-173.56851,30
52.21747,277.85248,-169.38626,30
52.652107,280.41443,-165.60022,30
5.063668,-86.554886,-534.5089,15
40.18825,-25.818916,-128.45561,16
21.161572,-44.813984,-358.7328,15
19.687134,-43.570732,-378.58777,15
29.200592,-25.616638,-269.71213,16
23.183462,-28.865631,-344.5673,15
31.875513,-11.381505,-245.87878,15
35.850937,-3.465147,-200.68028,16
34.043766,-2.680732,-224.45395,15
39.762897,9.825569,-160.24419,16
42.513485,15.714492,-129.26746,16
44.185287,20.287956,-111.16759,15
44.108974,22.94469,-114.09328,16
44.506523,26.094923,-111.29789,20
44.961906,29.286545,-107.78904,22
45.566284,32.601044,-102.4563,19
43.97257,36.64904,-125.85427,16
43.435177,40.393257,-135.47414,17
43.686337,43.42439,-134.45697,18
44.399475,46.81061,-127.77037,19
45.030838,50.100285,-122.06048,19
45.822536,53.475216,-114.35404,19
46.61462,56.81005,-106.61155,22
47.424797,60.116222,-98.614174,22
47.734394,63.06762,-96.77767,23
47.918697,65.934425,-96.48445,23
48.16902,68.836006,-95.3679,23
48.38801,71.71451,-94.63445,28
48.4601,74.51544,-95.72672,46
48.59603,77.351074,-96.02325,52
48.683846,80.16679,-96.920105,60
48.35819,82.82099,-103.000496,42
48.322674,85.61299,-105.45753,107
48.61147,88.526024,-103.84149,98
48.91661,91.43511,-102.011,117
49.28405,94.35105,-99.384705,107
49.690712,97.2622,-96.24988,98
50.058437,100.148674,-93.59491,114
50.38343,103.0137,-91.470184,132
50.653004,105.85972,-90.04032,134
50.889153,108.694595,-89.028854,101
51.03169,111.517456,-89.20693,96
51.007175,114.335144,-91.52068,113
51.098927,117.1653,-92.35073,149
51.32285,119.99565,-91.484695,128
51.65721,122.814156,-89.19228,140
51.84899,125.63483,-88.72733,109
51.921223,128.46925,-89.80247,34
52.031128,131.30322,-90.3924,58
52.306602,134.10684,-88.836395,78
52.541023,136.91217,-87.80574,129
52.67395,139.74002,-88.090126,147
52.81636,142.56683,-88.25023,137
53.057808,145.36087,-87.11571,142
53.273838,148.15884,-86.30782,133
53.523132,150.93915,-85.05901,119
53.769714,153.71443,-83.839516,119
54.00435,156.48941,-82.7711,128
54.2122,159.2732,-82.05024,131
54.388493,162.07127,-81.742035,132
54.534164,164.88657,-81.83665,128
54.6604,167.71541,-82.18792,128
54.778088,170.55264,-82.65275,136
54.880867,173.40375,-83.316605,131
54.992535,176.25285,-83.86317,126
55.089012,179.11766,-84.61345,129
55.207146,181.96999,-85.07564,125
55.3519,184.8032,-85.18134,127
55.52082,187.61662,-84.96151,120
55.70339,190.4172,-84.55603,104
55.887985,193.21468,-84.12046,90
56.02304,196.06053,-84.35219,80
56.153088,198.91414,-84.6517,73
56.22226,201.83627,-85.77751,53
56.273518,204.7861,-87.150826,62
56.3611,207.70305,-88.03348,54
56.34531,210.74982,-90.33011,50
56.354282,213.78056,-92.29636,47
56.24172,216.97855,-95.93524,47
56.067657,220.27946,-100.432175,49
55.709496,223.85638,-107.47927,49
55.204727,227.67928,-116.57473,26
55.099934,230.98424,-120.18073,21
54.634754,234.84142,-128.78835,21
54.723946,237.91312,-129.74193,21
54.805862,241.0034,-130.80011,22
54.597538,244.5633,-135.903,18
53.666973,249.33315,-151.10138,19
53.68091,255.93343,-155.41779,16
52.435825,263.15103,-176.31563,15
52.260006,268.5937,-182.2728,24
52.674023,271.25577,-178.76378,26
53.139664,273.80002,-174.51033,28
53.573578,276.38318,-170.68939,32
53.993744,278.97333,-167.04872,31
3.453235,-92.45981,-577.5944,15
40.9944,-26.923008,-136.457,15
6.993429,-75.60227,-544.04535,15
16.720272,-52.203213,-434.57288,15
35.486233,-20.794996,-213.0278,15
22.562328,-30.45452,-374.58554,15
28.884275,-18.940195,-300.64496,15
33.266476,-10.239049,-249.9283,16
38.560883,0.781959,-189.03166,16
36.996105,1.843087,-210.25502,16
43.75593,12.609699,-130.02876,15
43.93608,15.585353,-129.89458,16
45.58444,22.897404,-113.81864,17
46.18878,26.264135,-108.43229,20
46.419502,29.228899,-107.62249,20
47.039143,33.926693,-103.01953,17
44.26457,35.51086,-140.40309,15
44.53656,38.579494,-139.1239,17
44.973965,41.779976,-135.78152,18
45.792725,45.271954,-127.67638,17
46.574623,48.692844,-119.99786,27
47.23071,51.979424,-113.859886,17
47.984207,55.30349,-106.47651,22
48.812668,58.640194,-98.12249,23
49.026512,61.532227,-97.45803,19
49.35363,64.49026,-95.3624,21
49.506588,67.33432,-95.45306,23
49.71311,70.20785,-94.86466,26
49.83359,73.03261,-95.3609,38
49.95486,75.85964,-95.84673,48
50.076725,78.68882,-96.32424,59
49.71916,81.31629,-102.9058,41
49.697666,84.10895,-105.22254,107
49.960014,87.01488,-103.91774,107
50.27985,89.93223,-101.869606,114
50.63647,92.849236,-99.33924,101
51.021965,95.760086,-96.425865,97
51.40849,98.65561,-93.48593,108
51.740086,101.52494,-91.24141,127
52.01728,104.37369,-89.689476,134
52.265293,107.210495,-88.507454,126
52.47245,110.037254,-87.8491,104
52.489086,112.850006,-89.66324,88
52.511303,115.6724,-91.40933,149
52.668545,118.50209,-91.398254,145
52.972023,121.32463,-89.47271,117
53.209187,124.14254,-88.40669,135
53.338917,126.96761,-88.74484,83
53.451027,129.79733,-89.31432,46
53.61595,132.62035,-89.18824,59
53.90834,135.41438,-87.37715,136
54.072952,138.23212,-87.24725,158
54.210297,141.05754,-87.47681,145
54.44177,143.85342,-86.45551,144
54.64996,146.65279,-85.738754,141
54.893177,149.43459,-84.55037,119
55.143734,152.20726,-83.25801,127
55.38984,154.97556,-82.01867,128
55.61172,157.75009,-81.09781,139
55.803383,160.53683,-80.57806,133
55.963554,163.33981,-80.47871,135
56.105637,166.1542,-80.62144,136
56.228046,168.98314,-81.02949,136
56.345863,171.81836,-81.5,131
56.466568,174.65488,-81.931946,139
56.574627,177.50447,-82.53623,130
56.702156,180.3426,-82.87669,131
56.84797,183.1681,-82.968025,120
57.00919,185.98155,-82.84792,121
57.195488,188.77222,-82.38288,124
57.389236,191.55424,-81.8128,113
57.573112,194.34409,-81.37544,84
57.728,197.16269,-81.33475,77
57.805893,200.06535,-82.35608,63
57.883568,202.97527,-83.38401,58
57.910156,205.95137,-85.12331,65
58.002552,208.86005,-85.95495,67
57.999863,211.89226,-88.11234,44
57.941807,215.00882,-91.05015,48
57.83732,218.20464,-94.6478,50
57.72829,221.42877,-98.32286,55
57.222607,225.22885,-107.576904,52
55.201096,232.8705,-139.29921,24
55.700882,235.35571,-134.50482,24
56.025146,238.08463,-132.17047,24
56.19889,241.03935,-131.95766,24
56.069378,244.48575,-136.04518,21
54.784153,249.87766,-156.57706,17
55.741024,251.574,-145.25758,17
54.971237,256.2182,-158.5353,15
53.42448,265.76105,-185.35704,22
53.822113,268.46313,-182.03444,27
54.274876,271.04208,-177.90509,29
54.726513,273.6007,-173.775,30
55.13411,276.225,-170.26463,31
55.538532,278.83685,-166.78575,32
8.063051,-88.43854,-547.0989,15
12.961473,-67.83103,-497.7365,15
25.735928,-28.700813,-357.77054,14
37.839012,-9.512169,-211.51736,16
34.13841,-11.295912,-259.33844,15
39.722824,-1.234701,-192.77118,16
40.99883,3.238766,-179.21008,16
44.057632,9.761978,-143.51358,15
45.446518,14.171917,-128.40085,16
47.226543,23.031126,-111.4534,17
47.690205,26.25235,-107.726456,21
47.887253,29.182299,-107.31926,19
48.27652,32.298344,-104.49775,18
46.069065,35.730167,-136.39746,17
46.295826,38.749958,-135.65611,17
46.873665,43.470657,-131.52745,17
47.995384,47.195686,-119.426636,19
48.591633,50.449245,-113.94793,17
49.384686,53.82064,-105.94236,17
50.196304,57.163464,-97.667046,23
50.41035,60.05628,-96.987114,18
50.66269,62.969563,-95.812256,20
50.8793,65.85402,-95.08817,23
51.01824,68.688705,-95.35634,27
51.17179,71.53207,-95.43509,34
51.342022,74.38372,-95.296585,46
51.463696,77.21057,-95.7825,67
51.122368,79.83114,-102.25886,40
51.076855,82.607735,-104.922615,103
51.304665,85.50217,-104.04408,124
51.629105,88.42522,-101.90232,109
51.980827,91.34527,-99.394135,113
52.361652,94.259995,-96.49393,100
52.761604,97.16393,-93.33003,100
53.097733,100.03744,-90.98879,122
53.383396,102.88942,-89.29933,136
53.628433,105.72647,-88.13645,139
53.86709,108.55651,-87.05106,104
53.97612,111.37108,-87.672775,86
53.96122,114.18399,-89.93596,114
54.049213,117.00928,-90.84074,159
54.271946,119.83517,-89.956116,128
54.563755,122.65181,-88.145996,135
54.739544,125.47074,-87.87537,92
54.81569,128.30202,-88.93437,50
54.993015,131.12166,-88.640205,53
55.254726,133.92229,-87.21023,109
55.45831,136.72975,-86.5548,135
55.59267,139.55348,-86.828156,165
55.81735,142.35034,-85.88139,131
56.02221,145.14952,-85.19751,160
56.247944,147.9373,-84.22639,124
56.50908,150.70515,-82.769196,131
56.761272,153.4698,-81.426575,127
56.99344,156.23772,-80.350105,133
57.186195,159.02165,-79.80689,141
57.36325,161.81232,-79.474884,136
57.509403,164.62082,-79.56438,137
57.65397,167.43156,-79.67466,137
57.782978,170.25444,-79.99861,136
57.910435,173.08112,-80.34405,133
58.04681,175.90373,-80.56651,128
58.17567,178.73453,-80.8929,126
58.31961,181.55542,-81.01019,120
58.49608,184.34937,-80.67461,116
58.66906,187.14565,-80.38524,117
58.850094,189.9337,-79.98142,120
59.03567,192.71606,-79.511604,114
59.20577,195.51306,-79.256294,103
59.31445,198.37592,-79.86195,82
59.430923,201.23473,-80.3596,55
59.482998,204.17215,-81.76726,66
59.552223,207.09842,-82.93756,63
59.5692,210.09727,-84.85206,58
59.579353,213.11723,-86.870834,45
59.57165,216.17372,-89.15119,52
59.504654,219.32533,-92.28556,47
59.215706,222.80711,-98.60199,39
58.859394,226.424,-105.90791,41
56.146236,233.57782,-147.03996,34
56.57779,236.18025,-143.15431,29
56.801125,239.08778,-142.25027,25
56.860004,242.25626,-143.7155,22
57.290733,244.82162,-139.81001,26
57.605213,247.56271,-137.57266,22
57.382214,251.22478,-143.12946,19
54.79818,262.54477,-185.48355,18
54.953568,265.6988,-185.64754,26
55.413868,268.27457,-181.34836,27
55.854256,270.86554,-177.3233,28
56.296616,273.43073,-173.25262,30
56.712833,276.02707,-169.55035,31
57.09465,278.67502,-166.34059,31
21.04673,-67.01915,-415.6772,15
15.643806,-66.81955,-488.9545,15
18.6449,-53.355717,-458.78354,15
20.454763,-47.199944,-439.06235,15
24.092407,-31.751673,-401.79477,16
38.675484,-7.610333,-223.16675,16
43.39373,2.799272,-167.37506,15
45.82878,8.634834,-138.93657,15
46.69616,12.455606,-130.1468,15
47.748028,20.563606,-122.15404,17
48.756653,24.412882,-111.470245,18
49.114662,27.523262,-109.014786,25
49.682495,30.83379,-103.87428,20
51.15231,35.00749,-87.19846,19
47.76394,35.857296,-133.65475,18
48.599552,42.21379,-127.21337,17
49.188507,45.509804,-121.7665,19
50.054935,49.001457,-112.71652,19
50.90916,52.43657,-103.78655,19
51.568027,55.68006,-97.34928,21
51.79042,58.579903,-96.54782,20
51.9486,61.431282,-96.57554,19
52.1716,64.323654,-95.75673,21
52.29608,67.15092,-96.21798,25
52.549236,70.05396,-94.99608,31
52.725075,72.90802,-94.780075,46
52.866497,75.74273,-95.012665,63
52.498493,78.33586,-101.94416,43
52.446762,81.103806,-104.73249,102
52.668915,83.99718,-103.91285,117
52.98067,86.91918,-101.90248,117
53.32097,89.839905,-99.50378,113
53.686745,92.755455,-96.75499,106
54.07245,95.66165,-93.72803,100
54.45026,98.549866,-90.7925,117
54.73835,101.404465,-89.0421,133
54.989227,104.24353,-87.78083,147
55.232014,107.07469,-86.62106,129
55.404503,109.892975,-86.39965,91
55.43568,112.70166,-88.07832,91
55.445087,115.51869,-90.05543,149
55.594704,118.344376,-90.14307,159
55.869194,121.1645,-88.53776,120
56.09706,123.98007,-87.557106,128
56.238342,126.801,-87.74823,96
56.37078,129.62448,-88.059135,65
56.565655,132.43777,-87.51707,108
56.815125,135.23582,-86.22413,131
56.960724,138.05495,-86.34864,139
57.173412,140.85468,-85.55042,137
57.398525,143.64627,-84.57669,163
57.603214,146.44075,-83.87892,134
57.879826,149.20203,-82.183556,126
58.126484,151.96819,-80.89447,131
58.35861,154.735,-79.80063,133
58.559574,157.51294,-79.13416,142
58.746796,160.29567,-78.655266,147
58.91589,163.08743,-78.426414,138
59.060368,165.89447,-78.53952,133
59.205067,168.70277,-78.64909,135
59.33946,171.51994,-78.902664,140
59.48968,174.32733,-78.93346,127
59.626675,177.14636,-79.14991,123
59.807583,179.93079,-78.74587,97
59.989025,182.71347,-78.331764,103
60.14689,185.5165,-78.24959,109
60.32285,188.30283,-77.909035,101
60.492893,191.09424,-77.65056,94
60.64271,193.90634,-77.678955,118
60.76464,196.74976,-78.10593,99
60.91887,199.56084,-78.070984,70
60.988445,202.47087,-79.25081,68
61.071716,205.37253,-80.23805,68
61.110855,208.33588,-81.86543,72
61.148853,211.31131,-83.51566,63
61.156487,214.33777,-85.61181,64
61.10926,217.45245,-88.51255,63
61.021263,220.64265,-92.01799,45
60.691624,224.20416,-99.05911,33
59.165565,229.58891,-123.60085,41
57.705082,235.0172,-147.28577,48
57.71874,238.26546,-149.45303,45
57.786053,241.44144,-150.84065,32
58.0824,244.24733,-148.86115,29
58.37148,247.05588,-146.98079,27
58.52406,250.0935,-147.11087,26
58.63158,253.21445,-147.90948,20
55.95988,261.43646,-189.98875,19
56.317413,264.22385,-187.16154,27
56.776276,266.80185,-182.81117,27
57.251804,269.32333,-178.19327,28
57.66013,271.9544,-174.56232,30
58.081947,274.53818,-170.7137,30
58.486908,277.1364,-167.1025,30
58.866108,279.7704,-163.86447,31
18.32638,-72.89839,-474.24692,15
14.728333,-69.59238,-526.43427,16
21.382507,-55.719566,-445.67874,15
20.872135,-52.979977,-454.867,16
25.929995,-42.028694,-393.80106,15
46.076336,-5.563469,-144.92955,15
43.004242,-2.621763,-189.54958,16
48.721043,8.950336,-119.88116,15
48.698444,17.149267,-126.60241,17
49.10058,20.36652,-123.57718,17
49.75817,23.848843,-117.23975,18
50.537186,27.427914,-109.30443,26
51.09562,30.736916,-104.19375,20
50.3313,34.065987,-117.305824,17
49.34068,35.879074,-132.35132,18
49.727688,40.43687,-130.56378,18
50.757626,44.14064,-119.26128,16
51.147354,47.24805,-116.306076,20
52.271873,50.932365,-103.68322,18
52.943954,54.201454,-96.963844,20
53.106857,57.058506,-96.93152,20
53.28871,59.92787,-96.64606,21
53.523045,62.8302,-95.66219,21
53.69719,65.68818,-95.47068,24
53.874283,68.54619,-95.23684,31
54.101612,71.43091,-94.330605,42
54.242733,74.264,-94.56907,62
53.927227,76.868454,-100.91272,51
53.786514,79.58672,-104.93717,103
54.024757,82.48925,-103.88743,111
54.336517,85.41504,-101.842354,116
54.68268,88.34219,-99.32343,109
55.020336,91.25303,-96.9071,108
55.384064,94.158455,-94.12625,100
55.767548,97.05413,-91.06428,101
56.09584,99.921196,-88.73792,132
56.349377,102.76188,-87.41827,144
56.588432,105.59322,-86.28893,148
56.80781,108.41618,-85.42203,108
56.893562,111.2239,-86.38022,103
56.887012,114.03265,-88.60717,116
56.96289,116.85365,-89.70758,171
57.173122,119.676476,-88.95973,130
57.4328,122.492035,-87.524,134
57.59945,125.30968,-87.36846,100
57.718685,128.13329,-87.86737,99
57.88137,130.95201,-87.76351,182
58.13859,133.75014,-86.34172,117
58.337574,136.5556,-85.72479,124
58.53384,139.35881,-85.14205,123
58.766476,142.14735,-84.04622,157
58.970093,144.94096,-83.35157,143
59.230843,147.70824,-81.849365,124
59.48477,150.47087,-80.43596,135
59.72369,153.23358,-79.22751,136
59.932354,156.00594,-78.4409,141
60.127876,158.78194,-77.83612,143
60.305927,161.56566,-77.47579,143
60.4611,164.36269,-77.438866,135
60.616417,167.16014,-77.39843,130
60.758743,169.96747,-77.54266,127
60.90525,172.77324,-77.62666,133
61.06051,175.5735,-77.58444,120
61.254185,178.34248,-76.988655,109
61.461983,181.09679,-76.18609,95
61.637173,183.87738,-75.850105,111
61.790043,186.67844,-75.8352,89
61.946144,189.47728,-75.772705,95
62.08445,192.2953,-75.96794,93
62.196888,195.1434,-76.539955,114
62.353065,197.94711,-76.47547,84
62.487156,200.77739,-76.73343,64
62.587753,203.65051,-77.48274,61
62.65094,206.5757,-78.7842,67
62.699974,209.52783,-80.29928,73
62.768406,212.46436,-81.53428,82
62.70304,215.59236,-84.75186,60
62.669712,218.69516,-87.50828,50
62.556248,221.93188,-91.46615,38
62.153046,225.62619,-99.75056,39
59.571537,232.72125,-140.54436,40
59.251713,236.47795,-147.72433,56
59.307865,239.66714,-149.30557,53
59.403038,242.80229,-150.3084,52
59.53133,245.88838,-150.81763,49
59.704,248.90143,-150.6602,41
59.831413,251.997,-151.18594,33
59.066154,256.7458,-165.22484,24
57.79828,262.53024,-186.94876,27
58.10607,265.39508,-184.816,26
58.56203,267.95572,-180.41704,28
59.029522,270.46878,-175.8228,29
59.464058,273.02484,-171.71352,31
59.838005,275.6867,-168.5154,32
60.20189,278.35333,-165.45836,34
2.506038,-114.79835,-689.9861,16
0.322471,-114.5032,-720.8767,15
8.334581,-96.76671,-622.6427,15
18.879234,-75.29644,-491.85345,16
20.820978,-68.52707,-470.02618,16
15.261303,-72.02634,-545.252,16
29.785477,-45.688908,-362.5033,15
31.228632,-33.66439,-351.86456,16
32.220833,-28.964842,-341.6952,15
47.292484,-4.638929,-149.6484,14
50.841576,2.997737,-105.94578,15
48.358337,3.756817,-141.38602,16
50.196342,8.897965,-119.69562,15
50.31136,18.623701,-125.81092,17
50.876385,22.024912,-120.58535,18
51.735477,25.723831,-111.47034,19
52.19139,28.943005,-107.62749,21
52.936592,32.44246,-99.948265,19
50.776188,35.76712,-132.86937,21
50.99573,38.77417,-132.16656,17
51.865562,42.366035,-122.80683,17
52.62181,45.810238,-114.92121,17
53.32332,49.167442,-107.73287,17
54.294373,52.704155,-96.905594,19
54.428825,55.53962,-97.2522,18
54.591007,58.396324,-97.225204,22
54.848965,61.31928,-95.9064,21
54.995453,64.16016,-96.08371,23
55.246887,67.06761,-94.84068,30
55.49399,69.96533,-93.649155,37
55.635235,72.79644,-93.88741,70
55.222485,75.334755,-101.65929,57
55.140858,78.0762,-104.947586,105
55.37659,80.97976,-103.91326,114
55.680805,83.906425,-101.93551,120
56.017704,86.835014,-99.4998,111
56.351036,89.74921,-97.10104,118
56.704685,92.65693,-94.41096,103
57.08617,95.55807,-91.32376,104
57.43701,98.43523,-88.64596,118
57.723297,101.28459,-86.84925,140
57.950993,104.11417,-85.85645,158
58.17348,106.937614,-84.930275,140
58.32883,109.74934,-84.93437,103
58.37451,112.55405,-86.46793,111
58.367817,115.36544,-88.73894,153
58.504345,118.18727,-89.00967,175
58.749485,121.005325,-87.75378,128
58.949947,123.82056,-87.119995,138
59.06421,126.64317,-87.69826,105
59.17531,129.4695,-88.32208,186
59.425102,132.27187,-86.98224,104
59.681763,135.06566,-85.53787,114
59.900047,137.8625,-84.6322,119
60.130005,140.65121,-83.55496,142
60.327248,143.44597,-82.939186,157
60.590717,146.21194,-81.3716,126
60.843327,148.97458,-79.95209,137
61.079807,151.73758,-78.75736,138
61.300724,154.50252,-77.78052,141
61.504993,157.27182,-77.0389,137
61.687828,160.05031,-76.60316,142
61.850357,162.83975,-76.458595,144
62.00122,165.63695,-76.48214,130
62.16691,168.42458,-76.28905,129
62.307518,171.23068,-76.46021,131
62.482872,174.01129,-76.123116,113
62.684742,176.76904,-75.39568,91
62.94388,179.47401,-73.82371,73
63.10702,182.25842,-73.65632,80
63.232452,185.07867,-74.043304,88
63.37341,187.8869,-74.20249,98
63.503902,190.7079,-74.516235,92
63.625343,193.5415,-74.96491,94
63.788795,196.33208,-74.79102,69
63.96022,199.11359,-74.49678,54
64.05955,201.98132,-75.27751,66
64.17134,204.83926,-75.874565,50
64.2431,207.75348,-77.07437,58
64.29653,210.70033,-78.55452,70
64.27923,213.75415,-81.10607,63
64.28863,216.78635,-83.265755,54
64.226494,219.93684,-86.51655,46
64.04696,223.28404,-91.56107,49
63.367638,227.43492,-104.22093,30
61.22735,233.98451,-139.18082,41
60.942764,237.70609,-145.9773,55
61.019184,240.86295,-147.28331,58
61.104076,244.01468,-148.46503,56
61.192375,247.16928,-149.60019,52
61.28433,250.3258,-150.68417,57
61.361485,253.51823,-152.00159,49
61.183525,257.2067,-157.27002,42
59.474796,263.91626,-186.28624,32
60.35358,265.631,-175.24184,30
60.682514,268.40604,-172.70834,30
61.042583,271.10284,-169.67787,35
61.253643,274.10223,-168.96465,50
61.471878,277.08383,-168.13625,67
61.71578,280.00537,-166.90166,63
22.58108,-74.202774,-467.94006,16
22.711641,-68.686615,-470.5677,15
15.11936,-77.53011,-571.93646,15
32.197315,-41.51501,-357.04056,16
36.263573,-32.055008,-306.59094,15
32.80971,-34.032608,-354.36343,16
33.488815,-29.761797,-348.12122,16
50.9638,1.091711,-123.33793,15
51.647778,7.456186,-118.71546,16
51.420036,11.250035,-125.03919,15
51.534454,16.882477,-127.955,17
51.829098,19.98678,-126.25021,20
52.507256,23.519625,-119.409454,19
53.438374,27.297606,-109.15036,33
53.90727,30.525303,-105.050766,21
54.66742,34.03479,-97.015305,18
52.20837,34.25486,-132.32468,22
52.061165,36.905434,-136.55856,18
52.96856,40.568424,-126.53841,18
53.847996,44.15428,-116.85402,19
54.87804,47.821423,-105.08181,17
55.650475,51.21192,-96.76645,18
55.835438,54.087204,-96.42773,21
55.9054,56.87137,-97.65736,22
56.16919,59.80313,-96.235016,21
56.326218,62.652115,-96.26974,23
56.587788,65.56984,-94.86504,30
56.82104,68.461754,-93.84235,40
56.977127,71.30189,-93.8788,72
56.491455,73.78342,-102.79297,57
56.527554,76.58269,-104.507256,94
56.722145,79.467285,-104.02464,117
57.024223,82.39724,-102.04161,118
57.35531,85.328415,-99.64361,115
57.6921,88.24881,-97.15405,115
58.045673,91.16154,-94.41723,108
58.396233,94.058716,-91.70958,108
58.76513,96.94632,-88.730835,108
59.075638,99.80446,-86.560814,130
59.319817,102.63802,-85.317,155
59.52902,105.459274,-84.56118,165
59.72672,108.27499,-83.96379,123
59.842014,111.0805,-84.53315,108
59.836258,113.88331,-86.82757,117
59.880527,116.698654,-88.415955,174
60.055317,119.5186,-88.14267,161
60.283978,122.33353,-87.09466,143
60.452026,125.14935,-86.911514,115
60.503883,127.98103,-88.39798,118
60.659096,130.80199,-88.39881,130
61.00814,133.58043,-85.597084,105
61.236855,136.37532,-84.524864,107
61.48388,139.15929,-83.18115,133
61.686348,141.95142,-82.47836,151
61.931816,144.72395,-81.14471,129
62.186714,147.48578,-79.6668,133
62.42055,150.2497,-78.4895,141
62.648537,153.0107,-77.39215,132
62.86564,155.77205,-76.449036,138
63.061695,158.54105,-75.8107,143
63.232327,161.3229,-75.54426,148
63.383324,164.1169,-75.56612,137
63.544376,166.90479,-75.43832,124
63.692726,169.70213,-75.49754,131
63.89302,172.46017,-74.783195,107
64.154465,175.16493,-73.15243,80
64.408134,177.86824,-71.63025,64
64.570435,180.64673,-71.47012,69
64.67405,183.48082,-72.18986,80
64.78295,186.31482,-72.8329,103
64.89604,189.1492,-73.41479,106
65.029106,191.96657,-73.69704,93
65.20937,194.73409,-73.26502,66
65.353546,197.54224,-73.37852,61
65.48874,200.36304,-73.62911,68
65.60876,203.2055,-74.11186,67
65.7266,206.05486,-74.62953,55
65.85507,208.89444,-74.986786,73
65.82943,211.9496,-77.71111,63
65.87523,214.9204,-79.348465,68
65.846,218.01208,-82.149734,48
65.79227,221.15851,-85.34213,48
65.46874,224.74443,-92.727745,34
64.49734,229.411,-110.20323,26
62.822998,235.33723,-138.69327,43
62.657684,238.88159,-143.78223,62
62.738525,242.03029,-145.04704,65
62.850433,245.13298,-145.83138,55
62.93176,248.29808,-147.09961,59
63.012123,251.47441,-148.38911,59
63.04016,254.76096,-150.51015,60
62.89076,258.41135,-155.44604,60
62.786396,262.00238,-159.69133,56
62.76383,265.4523,-162.65802,53
62.74944,268.90485,-165.50868,63
62.88538,272.05222,-165.97488,76
63.035267,275.17395,-166.22116,81
63.191376,278.2853,-166.36966,88
-4.659969,-131.74608,-845.5424,15
-4.013561,-126.17449,-840.73944,16
26.070225,-69.84232,-448.90335,15
25.854393,-66.7282,-454.62888,16
18.442575,-73.66824,-556.91144,15
26.037468,-57.66572,-459.4604,15
34.37969,-39.333,-353.04257,16
34.18176,-36.368626,-358.3756,15
36.754898,-29.227736,-326.77655,15
37.487648,-24.941957,-319.6359,16
53.061996,3.265141,-115.97536,15
52.97698,5.853134,-119.34555,15
53.255184,8.94045,-117.834206,15
53.595383,14.814085,-117.709274,15
55.811886,20.270567,-89.90684,16
53.568043,21.611002,-123.68982,19
54.59155,25.53565,-112.00288,21
55.14602,28.87802,-106.66806,22
55.86928,32.37458,-98.99998,18
53.77525,32.88621,-129.9143,16
53.655266,35.547634,-133.8395,20
54.028484,38.70913,-130.9904,17
55.019855,42.437157,-119.60166,17
56.326885,46.39276,-103.80127,16
56.98958,49.70554,-96.856255,18
57.104507,52.523727,-97.48193,22
57.164276,55.299862,-98.87496,21
57.402473,58.218834,-97.78522,20
57.675232,61.15661,-96.20594,22
58.01214,64.13002,-93.72052,26
58.18257,66.98016,-93.556816,36
58.26961,69.77667,-94.5623,63
57.758522,72.22624,-103.99113,54
57.87834,75.07136,-104.55579,97
58.073883,77.9577,-104.05005,118
58.376713,80.89215,-102.02019,116
58.70228,83.82558,-99.65702,121
59.03903,86.75078,-97.12272,114
59.37834,89.66329,-94.53958,104
59.71016,92.55944,-92.05069,109
60.073357,95.45148,-89.1003,103
60.410213,98.321014,-86.51382,118
60.686104,101.163376,-84.79122,153
60.887707,103.982956,-84.129845,171
61.084843,106.79826,-83.528595,155
61.25388,109.60726,-83.330025,126
61.31962,112.40811,-84.62652,123
61.2883,115.21293,-87.33754,154
61.397217,118.03077,-88.016556,186
61.58832,120.84831,-87.497665,154
61.779507,123.66312,-86.973885,146
61.903027,126.483734,-87.43803,116
61.968914,129.31657,-88.74946,111
62.294712,132.1035,-86.23983,103
62.55638,134.89285,-84.66377,103
62.82074,137.67328,-83.040085,118
63.038483,140.46039,-82.09903,147
63.276752,143.2353,-80.84763,132
63.524353,146.00015,-79.451355,140
63.76106,148.76276,-78.21024,128
63.99712,151.51938,-76.972404,136
64.208084,154.28305,-76.10405,149
64.4022,157.05212,-75.48387,159
64.58076,159.82788,-75.09409,157
64.7383,162.61581,-75.01865,148
64.89872,165.40213,-74.89844,131
65.07427,168.17749,-74.54816,128
65.29053,170.92027,-73.57782,105
65.55028,173.62311,-71.94135,79
65.83225,176.29868,-69.95838,64
66.007225,179.06047,-69.60022,79
66.10006,181.89874,-70.49721,85
66.203186,184.73291,-71.23995,92
66.28845,187.59071,-72.260155,101
66.426575,190.39879,-72.47005,90
66.57604,193.19653,-72.505295,72
66.723976,195.99747,-72.56423,83
66.87657,198.79442,-72.55096,100
67.02264,201.60071,-72.63885,64
67.148506,204.43494,-73.04166,53
67.280235,207.26503,-73.35468,96
67.376945,210.14667,-74.217094,71
67.446106,213.0741,-75.515686,57
67.40598,216.17128,-78.538635,55
67.38359,219.26054,-81.29581,52
67.23784,222.5602,-86.01421,42
66.89515,226.2057,-93.872284,39
65.81298,231.1225,-113.50082,30
64.63433,236.31989,-134.75392,43
64.37844,240.03102,-141.39577,64
64.47918,243.14297,-142.37048,50
64.55919,246.30069,-143.6819,62
64.64052,249.46565,-144.97862,70
64.72857,252.6273,-146.17384,59
64.78258,255.86557,-147.92407,71
64.76527,259.2614,-150.83623,60
64.74389,262.6852,-153.8284,63
64.70665,266.16275,-157.09245,59
64.660484,269.6817,-160.51869,66
64.69616,273.04114,-162.62617,85
64.82101,276.21243,-163.2857,88
64.958145,279.36136,-163.74783,89
24.487352,-77.84643,-494.0573,15
27.829346,-66.70763,-453.7736,16
21.105017,-72.733154,-548.63043,15
36.170544,-39.38966,-352.80896,15
36.57742,-33.865215,-351.40527,15
37.727104,-28.864431,-338.52313,15
49.251812,-8.611913,-184.30174,16
54.833996,2.304706,-110.52964,15
54.62484,4.694726,-115.640465,16
50.808167,3.565744,-171.38925,15
58.73766,22.093115,-69.11417,16
55.40358,23.351957,-119.682304,20
56.35872,27.191322,-108.70298,24
56.77493,30.37191,-105.17585,21
57.966972,34.373867,-90.811554,19
55.21773,35.562847,-132.6256,18
55.80851,38.94185,-126.66702,17
56.722496,42.59997,-116.1403,17
58.06121,46.59659,-99.58788,18
58.387917,49.60864,-97.24067,18
58.4443,52.37702,-98.70329,18
58.647644,55.271996,-98.087685,18
58.86336,58.172527,-97.29199,20
59.17899,61.142597,-95.06909,25
59.439594,64.061424,-93.619156,32
59.617714,66.91651,-93.33945,38
59.183117,69.37952,-101.829475,54
59.165985,72.1356,-104.36353,56
59.296543,74.987114,-104.78296,99
59.57377,77.91721,-103.08882,120
59.902485,80.86313,-100.64188,120
60.22294,83.79211,-98.302475,111
60.550365,86.71131,-95.84993,113
60.879013,89.61779,-93.36751,110
61.202713,92.509254,-90.94473,112
61.56163,95.39829,-87.995865,104
61.88731,98.26286,-85.51879,121
62.14883,101.09982,-83.9698,154
62.349735,103.91713,-83.303116,173
62.54238,106.729515,-82.75344,156
62.698135,109.534836,-82.74412,143
62.777172,112.334625,-83.86745,130
62.755184,115.137184,-86.49109,145
62.84148,117.95268,-87.516754,188
63.01329,120.76956,-87.27309,162
63.19109,123.58471,-86.937965,142
63.326584,126.40353,-87.23225,125
63.39941,129.23457,-88.46509,105
63.725853,132.01985,-85.89516,100
64.00963,134.8022,-83.954834,92
64.26883,137.58145,-82.37509,122
64.4928,140.36412,-81.31995,137
64.739845,143.13297,-79.90966,134
64.9775,145.89848,-78.63472,133
65.23002,148.65083,-77.12706,127
65.45653,151.40833,-76.0082,134
65.655014,154.17525,-75.31199,159
65.84505,156.9439,-74.74108,160
66.01194,159.72433,-74.521965,157
66.16646,162.51247,-74.49164,143
66.33442,165.29175,-74.253075,130
66.543846,168.03958,-73.37224,111
66.81813,170.7323,-71.4828,90
67.11205,173.39911,-69.27977,65
67.35961,176.09505,-67.78702,53
67.51384,178.86934,-67.74214,78
67.574036,181.73471,-69.16587,107
67.65323,184.59006,-70.29798,109
67.73602,187.44907,-71.378395,93
67.868195,190.26135,-71.68679,88
68.01466,193.06033,-71.77123,99
68.18363,195.83434,-71.50011,84
68.34282,198.62012,-71.38246,86
68.4924,201.41875,-71.4167,77
68.6171,204.25172,-71.847244,60
68.75644,207.06857,-72.045944,68
68.84916,209.95374,-72.99103,62
68.96241,212.8159,-73.61146,62
68.99478,215.80461,-75.534,60
68.96439,218.90312,-78.47541,48
68.81851,222.20459,-83.29467,40
68.54313,225.74828,-90.230675,39
67.67125,230.34177,-106.86847,35
66.83232,234.97736,-123.04971,58
66.12023,239.48347,-137.24194,49
66.122795,242.76561,-139.83508,55
66.20655,245.91234,-141.11285,65
66.2916,249.06596,-142.37567,67
66.38524,252.21225,-143.50426,70
66.455765,255.41411,-145.01962,82
66.511116,258.65845,-146.79341,71
66.56412,261.92062,-148.61551,71
66.564125,265.3111,-151.32658,68
66.57286,268.70084,-153.90681,67
66.54264,272.1969,-157.14984,72
66.589195,275.53635,-159.12602,82
66.706085,278.7228,-159.93394,81
28.754951,-73.77778,-462.70734,15
29.787285,-68.44899,-451.62637,16
21.66718,-77.22424,-567.1964,16
30.163702,-57.354702,-455.4237,16
37.590584,-41.67644,-356.27335,14
37.133347,-37.505432,-366.77054,16
37.430573,-33.74815,-365.47763,16
41.061398,-24.92719,-317.99048,15
55.253178,-0.632783,-123.67665,16
56.04096,3.223044,-115.03048,15
54.64436,5.309516,-137.97197,15
58.406277,14.526624,-88.82943,15
56.376045,21.319883,-125.37021,17
57.231224,25.0868,-115.61804,23
57.97681,28.676775,-107.37458,34
58.513195,31.989431,-102.06325,18
57.806225,33.92298,-114.4132,17
56.706745,35.504604,-132.40895,18
57.21078,38.80345,-127.572205,16
58.89795,43.23552,-105.77489,17
59.579853,46.60829,-98.30428,19
59.847595,49.566574,-96.75401,21
59.89444,52.323605,-98.37754,20
60.143276,55.256386,-97.08944,20
60.337505,58.13809,-96.58391,20
60.676,61.12607,-93.98225,25
60.77197,63.92435,-94.89178,32
60.809097,66.68602,-96.65991,45
60.312176,69.10903,-106.22802,68
60.548763,72.02934,-105.10734,88
60.78307,74.9419,-104.01335,110
61.081085,77.88236,-101.97688,119
61.40815,80.8262,-99.50199,119
61.73454,83.75639,-97.02453,113
62.055378,86.670876,-94.616844,108
62.361137,89.566605,-92.42036,116
62.69415,92.45991,-89.80792,110
63.041645,95.343704,-86.966866,105
63.358437,98.20407,-84.569756,120
63.607853,101.03612,-83.16764,155
63.80375,103.850365,-82.55978,177
63.987682,106.65942,-82.127144,182
64.14077,109.46255,-82.15545,147
64.241905,112.26198,-82.96587,130
64.217995,115.06154,-85.66843,139
64.27577,117.87478,-87.14419,194
64.44058,120.69076,-87.00073,176
64.609924,123.50566,-86.78633,146
64.75775,126.32229,-86.897865,149
64.83334,129.15192,-88.112656,117
65.16987,131.9334,-85.33562,107
65.46704,134.7101,-83.14895,98
65.7108,137.49101,-81.77334,123
65.96229,140.26224,-80.27138,129
66.20812,143.0279,-78.8491,130
66.46014,145.78369,-77.324036,119
66.70322,148.5358,-75.92953,126
66.92282,151.29263,-74.89352,134
67.11076,154.0616,-74.345634,156
67.28659,156.83533,-73.983955,156
67.4461,159.61798,-73.87549,149
67.61499,162.39449,-73.61879,134
67.806175,165.15433,-73.00942,122
68.04283,167.8771,-71.67958,108
68.36134,170.52757,-69.049355,74
68.67294,173.17018,-66.51629,54
68.8414,175.92719,-66.24408,69
68.99967,178.6932,-66.13243,78
69.03177,181.58327,-68.033104,113
69.09363,184.45454,-69.46623,113
69.149895,187.34099,-70.995346,117
69.298965,190.13373,-71.04087,108
69.47113,192.90111,-70.71445,108
69.641396,195.67015,-70.41694,111
69.79628,198.45804,-70.367096,83
69.95872,201.23714,-70.19445,60
70.09163,204.05634,-70.500786,76
70.25215,206.84027,-70.35916,71
70.35624,209.70595,-71.13829,74
70.4867,212.53848,-71.489944,59
70.55303,215.47282,-72.89562,47
70.5392,218.54361,-75.626755,48
70.41671,221.80882,-80.16279,42
70.17458,225.30273,-86.69808,30
69.339615,229.85913,-103.086334,33
68.68043,234.2018,-116.6349,37
67.974236,238.7117,-131.03195,47
67.848335,242.2225,-135.8162,62
67.83491,245.54742,-138.74281,81
67.90549,248.7261,-140.27585,68
68.015656,251.83597,-141.15166,80
68.105736,254.9947,-142.37111,71
68.1899,258.17532,-143.69724,64
68.26557,261.38452,-145.1745,77
68.312645,264.66827,-147.14523,71
68.35053,267.98706,-149.28307,74
68.37621,271.34943,-151.64095,72
68.40932,274.7107,-153.8843,74
68.48496,277.98456,-155.41069,81
20.850346,-95.76242,-595.60706,15
32.01794,-67.953186,-447.1264,16
24.70394,-77.46357,-551.96454,15
31.352945,-60.429077,-463.9732,15
32.898037,-54.308537,-445.40897,15
38.793354,-39.445347,-367.17786,15
39.05076,-35.744846,-366.4178,15
38.77727,-32.882877,-373.13736,15
50.467205,-10.183584,-212.10707,15
56.97887,3.740588,-123.51896,15
56.2368,5.39239,-136.42754,15
58.53945,12.688581,-107.15865,16
58.24877,23.120304,-120.69559,22
58.960648,26.70728,-112.79689,24
59.532055,30.090132,-106.89172,22
56.928,31.269314,-148.16383,17
58.31008,36.957973,-131.71829,17
60.70903,43.536022,-100.32144,18
61.12588,46.64999,-96.56655,18
61.06053,49.297535,-99.86084,18
61.30421,52.23531,-98.628235,18
61.51566,55.138386,-97.86253,19
61.82511,58.11639,-95.64585,22
62.031563,61.002224,-94.940186,29
62.039585,63.736904,-97.16975,33
61.736794,66.264114,-104.0228,43
61.74302,69.03054,-106.30508,63
61.99895,71.96405,-104.87113,98
62.27934,74.90383,-103.06375,122
62.58966,77.850075,-100.79796,123
62.910763,80.78955,-98.358604,117
63.225822,83.713005,-95.99763,114
63.53857,86.62271,-93.65961,115
63.84881,89.51882,-91.34733,115
64.17011,92.40644,-88.85574,109
64.51209,95.287186,-86.037674,106
64.821205,98.14385,-83.70556,119
65.06145,100.97181,-82.41186,157
65.25501,103.78362,-81.82419,178
65.43178,106.589516,-81.49012,187
65.582344,109.39049,-81.55525,154
65.6908,112.18851,-82.26734,144
65.69648,114.98668,-84.56633,138
65.7166,117.796906,-86.65138,171
65.86634,120.61208,-86.73669,200
66.04287,123.4254,-86.40557,154
66.1974,126.2399,-86.413765,162
66.28406,129.06627,-87.479996,120
66.63361,131.84245,-84.44029,106
66.91057,134.62114,-82.52331,106
67.18797,137.38968,-80.58964,115
67.45475,140.15173,-78.81351,113
67.69713,142.91394,-77.41329,114
67.94858,145.6651,-75.862335,119
68.18278,148.41644,-74.57693,128
68.38854,151.17586,-73.73691,146
68.553955,153.95361,-73.534515,162
68.72046,156.73021,-73.31311,152
68.89281,159.50253,-72.99699,143
69.081825,162.26242,-72.41157,123
69.29722,165.00055,-71.39892,106
69.56876,167.69043,-69.47683,96
69.86745,170.34825,-67.10729,79
70.207146,172.95833,-64.06225,50
70.38951,175.69548,-63.55506,58
70.45992,178.53758,-64.865524,90
70.47194,181.44644,-67.13368,115
70.51236,184.33939,-68.9482,115
70.57373,187.22087,-70.42868,100
70.798744,189.92554,-69.22968,103
70.95987,192.70033,-69.07625,115
71.12992,195.46454,-68.77511,105
71.26789,198.26929,-69.003006,73
71.43011,201.04451,-68.82996,80
71.58724,203.8271,-68.74075,69
71.73129,206.62917,-68.86934,90
71.87306,209.43674,-69.03706,75
72.025764,212.23024,-69.02268,62
72.06352,215.20508,-70.93666,51
72.04393,218.28525,-73.82507,52
71.92921,221.5421,-78.33119,38
71.797424,224.85614,-83.148285,31
70.91095,229.53015,-100.773254,32
70.38059,233.66426,-112.4385,37
69.85389,237.86227,-124.100075,41
69.55305,241.69913,-131.96579,46
69.4872,245.1233,-135.85144,57
69.522545,248.36873,-138.02182,66
69.642365,251.45459,-138.7512,84
69.75079,254.571,-139.6817,63
69.84513,257.7257,-140.86137,60
69.91413,260.94577,-142.4864,78
69.98997,264.1623,-144.00235,84
70.05483,267.41577,-145.71819,79
70.128174,270.6617,-147.29578,79
70.16742,274.0024,-149.47908,73
70.2471,277.2583,-150.96542,77
19.105778,-107.12165,-646.30365,16
25.459557,-79.88084,-570.1778,15
34.626717,-56.417946,-446.26184,15
45.05903,-28.93652,-305.92944,16
36.601974,-37.60236,-431.75928,15
56.888874,2.728012,-147.22653,16
58.683636,9.436806,-124.83151,16
63.642673,21.582457,-57.296364,16
59.74823,23.099005,-120.09852,19
60.258167,26.451002,-115.00858,23
61.14451,30.222862,-104.34813,23
61.33129,35.837807,-106.349884,17
61.96181,40.577415,-100.57517,17
62.308483,43.636356,-97.79783,18
62.52122,46.548565,-97.00367,20
62.465332,49.20181,-100.21911,18
62.7564,52.18503,-98.24955,19
63.003174,55.11878,-96.934135,20
63.353504,58.13098,-94.05262,21
63.248207,60.766182,-98.027435,27
63.32839,63.560722,-99.215195,40
63.00637,66.0723,-106.49844,59
63.21754,68.98164,-105.71813,81
63.47117,71.91339,-104.28644,105
63.770206,74.8643,-102.154076,127
64.07554,77.80712,-99.91415,129
64.39315,80.74421,-97.47471,121
64.70337,83.66456,-95.136,116
65.00567,86.56879,-92.906975,119
65.31941,89.465576,-90.490005,120
65.639565,92.35173,-87.961395,110
65.97441,95.22907,-85.19238,109
66.27109,98.080864,-83.00207,125
66.50586,100.90597,-81.763725,154
66.70665,103.717514,-81.04868,176
66.88028,106.52077,-80.75362,188
67.029526,109.31939,-80.83827,170
67.151,112.11618,-81.35823,149
67.19186,114.912735,-83.148506,145
67.17667,117.71905,-85.83032,146
67.30616,120.53275,-86.2352,192
67.492065,123.34365,-85.747,171
67.66059,126.15434,-85.53162,180
67.79309,128.97032,-85.88783,112
68.10291,131.74997,-83.414536,114
68.38378,134.52415,-81.392235,101
68.71483,137.27252,-78.55485,97
68.96695,140.03326,-76.97217,103
69.206955,142.79057,-75.57665,106
69.456726,145.53654,-74.01626,111
69.670334,148.29175,-73.03311,125
69.83374,151.06827,-72.85945,157
69.99234,153.84717,-72.762726,143
70.16488,156.61763,-72.43775,131
70.34421,159.38258,-71.99976,127
70.54499,162.13078,-71.20788,114
70.788864,164.84332,-69.704475,100
71.08318,167.50848,-67.36316,87
71.38515,170.15515,-64.88475,70
71.69983,172.77766,-62.183716,53
71.87025,175.51994,-61.860905,55
71.91488,178.38393,-63.626774,99
71.94619,181.2724,-65.62288,109
71.94609,184.20673,-68.15325,98
72.06655,187.02208,-68.677826,79
72.3715,189.6271,-66.10939,90
72.46136,192.47905,-67.1469,113
72.62263,195.24826,-66.98509,87
72.735466,198.08113,-67.64151,82
72.900856,200.8479,-67.41103,81
73.06489,203.61662,-67.20272,70
73.20973,206.41342,-67.32044,77
73.38897,209.1607,-66.85194,69
73.493996,212.02187,-67.65175,70
73.58071,214.91847,-68.76984,68
73.59265,217.9465,-71.18039,52
73.542404,221.09596,-74.67554,37
73.36465,224.49081,-80.392944,35
72.59076,228.99481,-96.46979,35
72.03161,233.19762,-108.8983,42
71.628,237.17953,-118.681526,33
71.260925,241.15,-127.87743,39
71.13016,244.70262,-132.98439,51
71.17955,247.91664,-134.95663,57
71.24834,251.10356,-136.59883,82
71.37067,254.18646,-137.30585,65
71.4791,257.30652,-138.26366,62
71.566216,260.4829,-139.60529,70
71.64728,263.68365,-141.06259,83
71.73182,266.8871,-142.46631,85
71.81368,270.10794,-143.92703,82
71.88523,273.3656,-145.58098,77
71.97802,276.58173,-146.86375,77
22.17515,-105.435524,-633.3797,16
28.3849,-76.53268,-559.3976,15
33.157677,-62.47747,-495.1456,16
74.14186,13.39625,97.1203,15
74.655655,16.405062,102.686264,15
42.471832,-34.53942,-370.2086,16
43.77083,-25.895935,-357.06778,16
50.922966,-11.601227,-254.66008,16
58.03965,2.135545,-152.32,16
60.59546,10.012518,-118.2197,15
59.92947,11.769601,-130.53882,16
61.89545,19.884754,-106.157074,19
61.193817,23.010813,-120.27966,18
61.689167,26.353977,-115.303,22
62.42489,29.962128,-106.689705,23
62.486908,36.802536,-111.837074,18
63.281567,40.38565,-102.24812,17
63.776333,43.607105,-97.16653,18
63.89266,46.422142,-97.81809,18
64.02995,49.259563,-98.15094,18
64.178,52.107586,-98.31878,23
64.43088,55.048546,-96.87997,21
64.823586,58.100014,-93.28587,23
64.48649,60.540787,-100.90377,32
64.3741,63.19271,-105.08916,40
64.46693,66.01535,-106.1194,55
64.66746,68.91703,-105.484314,109
64.96122,71.8756,-103.39681,109
65.25887,74.825165,-101.23728,127
65.557556,77.76355,-99.050316,127
65.86744,80.69604,-96.6768,125
66.17566,83.614876,-94.31697,120
66.48032,86.519394,-92.00061,123
66.7885,89.41287,-89.61678,122
67.10499,92.29663,-87.089554,114
67.4272,95.16875,-84.45875,110
67.71698,98.01745,-82.32838,129
67.953285,100.84147,-81.03675,148
68.153336,103.65099,-80.31546,173
68.32263,106.45148,-80.08068,194
68.4727,109.24821,-80.15112,179
68.60382,112.04366,-80.524994,166
68.68685,114.83917,-81.67267,156
68.675865,117.64115,-84.33977,140
68.73794,120.45387,-85.838455,174
68.93944,123.262054,-85.08588,184
69.11667,126.06956,-84.72286,187
69.29197,128.87564,-84.38849,129
69.55173,131.66153,-82.67458,103
69.949615,134.40207,-78.69436,91
70.27954,137.14238,-75.80777,91
70.52051,139.8988,-74.36777,95
70.75926,142.64871,-72.95703,96
70.97306,145.40242,-71.95035,105
71.1914,148.14899,-70.86363,117
71.463,150.86183,-68.88781,112
71.65519,153.61026,-68.22187,110
71.64852,156.47932,-70.86603,117
71.79953,159.25829,-70.88907,114
72.0189,161.9894,-69.76739,103
72.286575,164.6783,-67.829254,91
72.590546,167.32802,-65.27073,79
72.88242,169.9747,-62.903545,61
73.166695,172.61594,-60.65328,50
73.33036,175.35986,-60.436203,60
73.39521,178.20181,-61.897003,89
73.46189,181.05112,-63.33385,91
73.42267,184.02505,-66.58632,82
73.65148,186.7133,-65.267204,73
73.94185,189.32213,-62.885105,84
73.96665,192.24687,-65.05999,103
74.08403,195.0663,-65.64947,102
74.21073,197.87793,-66.08087,88
74.381645,200.63223,-65.7488,71
74.54307,203.3996,-65.58037,88
74.73377,206.12398,-64.90121,57
74.89351,208.89337,-64.76009,68
74.99473,211.75627,-65.64386,68
75.077286,214.65625,-66.85983,74
75.1684,217.55052,-67.93233,55
75.08586,220.7546,-72.07512,44
74.89045,224.1867,-78.23672,37
74.27008,228.43977,-91.96818,29
73.68952,232.70032,-105.063736,42
73.409355,236.4553,-112.87286,39
73.0787,240.3596,-121.62613,34
72.797295,244.21693,-129.54346,52
72.84364,247.43279,-131.61389,55
72.85245,250.74428,-134.37263,72
72.98346,253.80371,-134.9398,67
73.08947,256.9254,-135.96388,62
73.17966,260.09222,-137.28197,73
73.2967,263.2053,-138.1194,72
73.37964,266.4087,-139.58502,89
73.47279,269.59784,-140.87273,82
73.57216,272.78134,-142.05501,85
73.67183,275.97372,-143.2397,84
25.054384,-104.06192,-622.72424,15
11.343607,-127.45557,-827.05963,15
10.868189,-124.0416,-838.0428,15
30.26213,-78.80543,-560.21405,16
30.09489,-75.39783,-566.1108,15
32.918396,-66.55367,-527.743,15
76.74332,16.89093,117.39168,16
38.476692,-44.36844,-456.6056,15
41.66878,-35.617252,-412.07565,15
57.632244,-0.872372,-181.0782,15
61.770382,9.523942,-122.47324,15
65.973434,19.576197,-62.48124,16
63.473133,20.002615,-104.053345,17
62.979267,24.721064,-116.517685,20
63.500267,28.089031,-111.02695,22
65.493034,35.860413,-85.335236,17
64.547516,38.779312,-103.58062,17
65.21066,42.201183,-95.795,17
65.21304,44.892597,-98.22029,25
65.14943,47.528675,-101.68092,17
65.45811,50.540943,-99.35479,20
65.75887,53.53309,-97.13971,21
66.14694,56.590572,-93.54591,23
65.78579,58.993298,-101.68917,31
65.66168,61.62806,-106.14052,40
65.779526,64.47051,-106.79731,56
65.992,67.384415,-105.96005,109
66.29171,70.35329,-103.73605,104
66.58507,73.30593,-101.60086,124
66.893364,76.25601,-99.2166,130
67.198814,79.191574,-96.86533,123
67.4974,82.11083,-94.610825,120
67.7999,85.01979,-92.28215,120
68.10057,87.91538,-89.970345,122
68.40866,90.80153,-87.52718,119
68.71185,93.67281,-85.15002,108
69.01846,96.53245,-82.70502,117
69.274506,99.36509,-81.06748,140
69.48808,102.17899,-80.11068,157
69.67616,104.9828,-79.56431,186
69.83449,107.77914,-79.49953,179
69.978935,110.57355,-79.660965,168
70.10626,113.36765,-80.103096,166
70.21561,116.1637,-80.84205,147
70.17469,118.96745,-84.060974,132
70.255135,121.77998,-85.28924,161
70.4518,124.58601,-84.597206,184
70.618744,127.393166,-84.39471,151
70.882065,130.18,-82.586334,100
71.37222,132.90152,-76.9836,88
71.73305,135.63089,-73.51652,90
71.99353,138.3756,-71.71405,88
72.229706,141.1202,-70.31113,89
72.47904,143.85202,-68.67912,92
72.90968,146.48973,-63.976265,81
73.3127,149.11668,-59.717567,78
73.46898,151.86032,-59.625927,90
73.46438,154.70245,-62.271206,90
73.23597,157.70699,-68.74744,101
73.37948,160.48567,-68.895065,98
73.64531,163.17395,-66.94668,92
73.95149,165.81993,-64.294815,78
74.25553,168.45384,-61.666607,56
74.5401,171.09145,-59.36145,55
74.765816,173.77263,-58.0639,54
74.86223,176.57585,-59.005135,84
74.9352,179.40973,-60.358776,90
74.93494,182.33205,-62.997295,82
75.05184,185.137,-63.60025,62
75.37098,187.70612,-60.659946,77
75.49541,190.50082,-61.128086,87
75.49972,193.45422,-63.71654,108
75.59507,196.30179,-64.70986,107
75.7259,199.10715,-65.08025,109
75.90547,201.84573,-64.58723,104
76.12465,204.52382,-63.386692,71
76.31099,207.24707,-62.76698,71
76.43696,210.06453,-63.225636,77
76.53098,212.9388,-64.260574,58
76.627365,215.81664,-65.259415,67
76.65344,218.82515,-67.53298,54
76.503555,222.16634,-73.00299,38
76.284645,225.66977,-79.75473,42
75.60889,230.08838,-94.85227,36
75.25935,233.95702,-104.0826,45
75.038345,237.6227,-111.01269,44
74.715775,241.54248,-119.843376,50
74.48882,245.31343,-126.96452,50
74.46601,248.68301,-130.36235,59
74.51827,251.90704,-132.39267,69
74.61916,255.03366,-133.53369,63
74.75349,258.09073,-134.06136,65
74.8603,261.21945,-135.10559,76
74.966736,264.35757,-136.16391,88
75.06611,267.52234,-137.36206,77
75.17435,270.67377,-138.40155,83
75.27261,273.86026,-139.63644,87
26.484482,-107.54227,-631.4245,16
27.94539,-98.79481,-615.0475,16
14.242511,-120.09501,-825.8102,15
32.38502,-76.91117,-560.8511,16
33.715626,-70.71737,-544.26263,15
77.54323,16.22363,112.15346,15
54.887863,-21.016678,-234.39487,15
42.921585,-38.407772,-419.57657,16
43.819958,-33.51315,-409.0422,16
53.393444,-14.574001,-265.60666,16
59.765408,1.388229,-173.2859,16
62.200058,7.890803,-138.38884,15
64.770065,14.41998,-101.23664,16
67.44079,20.909498,-62.35127,15
65.2028,20.341331,-99.49947,17
64.00747,21.373285,-120.590675,18
64.685394,26.33227,-113.82057,23
65.02209,29.462894,-111.08234,21
65.90122,35.923176,-102.32663,17
66.26629,39.033226,-99.08961,17
66.59943,42.09056,-96.339745,18
66.57806,44.754417,-99.18961,20
66.56358,47.43853,-101.941666,17
66.94072,50.522324,-98.47395,22
67.427765,53.691803,-93.235535,22
67.49644,56.454033,-94.65859,27
67.08843,58.80899,-103.72451,30
66.9293,61.414696,-108.83483,57
67.21929,64.398544,-106.737206,75
67.460976,67.33487,-105.40775,101
67.772095,70.31251,-102.94727,118
68.07483,73.27128,-100.609726,123
68.371796,76.2138,-98.35317,129
68.67084,79.14527,-96.05108,124
68.97012,82.06443,-93.732315,120
69.263245,84.968025,-91.50246,126
69.560295,87.86137,-89.195724,118
69.85597,90.74175,-86.89975,124
70.15227,93.610016,-84.581154,116
70.44887,96.46595,-82.24529,118
70.703255,99.29746,-80.59658,138
70.92574,102.11245,-79.46859,148
71.11893,104.91556,-78.82182,181
71.28055,107.71026,-78.69792,165
71.435844,110.5035,-78.67824,165
71.57726,113.29564,-78.890816,164
71.720924,116.08887,-79.06556,146
71.78601,118.88499,-80.564964,126
71.70389,121.69929,-84.557884,126
71.836685,124.51042,-84.93,127
72.03883,127.31258,-84.12614,115
72.60388,130.03633,-77.14094,89
73.05176,132.7522,-72.11996,87
73.33864,135.48904,-69.82687,86
73.60183,138.22202,-67.92867,84
73.94278,140.91483,-64.68381,79
74.34596,143.56339,-60.349888,73
74.77287,146.17744,-55.58396,81
74.94811,148.89925,-55.15267,89
74.96346,151.71141,-57.495575,97
74.95254,154.55348,-60.307888,94
74.87099,157.45901,-64.36655,82
74.85821,160.33815,-67.242874,98
75.17305,162.98222,-64.38703,68
75.46246,165.632,-61.9636,64
75.722786,168.29433,-60.04053,64
76.01923,170.91388,-57.469757,48
76.216995,173.61505,-56.634426,63
76.3325,176.396,-57.25695,104
76.398605,179.23402,-58.76296,88
76.36728,182.19008,-62.01736,82
76.61805,184.83716,-60.237213,71
76.88243,187.45874,-58.204166,80
76.99631,190.26065,-58.87049,85
76.95378,193.27365,-62.36339,106
77.03824,196.134,-63.577187,108
77.17007,198.93536,-63.93887,114
77.37757,201.62866,-62.92634,89
77.60098,204.29326,-61.619045,68
77.75918,207.05469,-61.49802,99
77.91318,209.8238,-61.454636,84
78.01967,212.67426,-62.28481,62
78.08525,215.60231,-63.874916,55
78.10505,218.62344,-66.320816,44
78.0428,221.81232,-70.3021,37
77.72813,225.50668,-78.997826,32
77.12828,229.81267,-93.056625,41
76.852806,233.55107,-101.13174,46
76.70684,237.0715,-106.825195,58
76.394554,240.9814,-115.67658,56
76.19855,244.69287,-122.38738,47
76.11476,248.19542,-127.01585,51
76.1483,251.4588,-129.44847,64
76.245995,254.58798,-130.677,64
76.3688,257.6663,-131.43538,76
76.481415,260.77655,-132.39433,68
76.58103,263.9277,-133.60919,81
76.68086,267.08807,-134.82849,81
76.79158,270.2294,-135.8464,86
76.90487,273.37234,-136.82213,91
33.20043,-96.10207,-563.79675,16
23.816017,-109.816475,-712.28864,15
34.79495,-78.15011,-553.5531,15
35.235207,-73.61985,-550.31384,16
38.447956,-62.094036,-506.02762,16
77.39056,12.736622,92.97331,15
46.73738,-36.75636,-387.53867,16
44.33664,-37.56425,-428.1111,15
49.610176,-25.292522,-349.0426,16
60.402157,-2.938428,-184.59007,16
63.53246,7.585356,-140.75516,15
65.38414,13.115204,-114.159096,15
68.90444,22.23777,-62.264923,16
66.431496,21.311493,-103.962845,17
66.058716,24.812115,-113.72851,17
66.19866,27.69372,-114.07275,21
66.270935,31.84444,-116.794174,17
67.175285,35.658928,-104.866585,16
67.58817,38.836727,-100.79198,17
67.895386,41.873337,-98.40182,20
67.87214,44.53607,-101.343895,17
68.10148,47.47789,-100.20292,17
68.54085,50.62511,-95.64122,22
68.96492,53.733505,-91.305374,23
68.47627,55.971497,-101.85257,25
68.26758,58.510185,-107.866066,37
68.36374,61.33624,-108.904625,53
68.64856,64.318405,-106.84352,100
68.94269,67.29639,-104.6174,106
69.251396,70.2727,-102.138054,121
69.556816,73.2334,-99.69999,114
69.84366,76.16908,-97.55732,120
70.14158,79.09971,-95.21849,122
70.43226,82.01372,-92.98787,116
70.71926,84.91381,-90.80686,126
71.01442,87.80591,-88.477005,120
71.30074,90.681755,-86.283104,121
71.60012,93.55076,-83.85784,114
71.89358,96.40479,-81.51932,115
72.14447,99.233986,-79.88966,130
72.369865,102.04808,-78.68366,147
72.555,104.847534,-78.15633,185
72.736595,107.64347,-77.68591,175
72.89096,110.43375,-77.67842,168
73.04894,113.22412,-77.608116,159
73.21743,116.01428,-77.356064,143
73.39906,118.802826,-76.87586,123
73.48077,121.595795,-78.11927,109
73.586685,124.392685,-78.94895,105
74.00349,127.143845,-74.38356,96
74.470726,129.86028,-68.91554,83
74.72128,132.60286,-67.20238,85
74.96007,135.34007,-65.68617,88
75.304085,138.03268,-62.315365,75
75.68257,140.6938,-58.320854,75
76.08677,143.32227,-53.852463,73
76.36227,145.99023,-51.63616,92
76.44595,148.75026,-52.808567,95
76.34962,151.62328,-57.18669,79
76.33917,154.46613,-60.056877,82
76.393364,157.28107,-61.78747,101
76.35719,160.1727,-65.145744,85
76.667564,162.81158,-62.29839,62
76.92576,165.47902,-60.37553,65
77.16861,168.15024,-58.720432,68
77.4444,170.78227,-56.460377,54
77.68398,173.43831,-54.845592,76
77.78686,176.22804,-55.71056,97
77.85143,179.06534,-57.279083,75
77.76377,182.08604,-61.641647,66
78.110954,184.6145,-58.052002,75
78.35759,187.24876,-56.29301,80
78.46858,190.05,-57.02624,88
78.41125,193.08365,-60.876747,105
78.4648,195.9853,-62.69288,116
78.60454,198.77336,-62.91775,122
78.84301,201.4151,-61.303555,82
79.03883,204.11555,-60.478836,94
79.21598,206.84296,-60.000782,79
79.37159,209.60503,-59.9256,81
79.48341,212.4438,-60.676376,81
79.55944,215.35236,-62.108707,57
79.597664,218.34045,-64.26669,49
79.558105,221.4902,-67.91606,47
79.277725,225.1327,-76.17602,29
78.71758,229.38727,-89.82984,36
78.370255,233.28606,-99.48352,45
78.21786,236.8311,-105.44637,58
78.022064,240.50844,-112.28102,43
77.86702,244.13777,-118.368095,50
77.795586,247.61404,-122.87069,49
77.811806,250.91351,-125.696976,53
77.88443,254.09612,-127.44139,61
77.96736,257.26608,-128.99583,71
78.10243,260.31577,-129.53908,65
78.18827,263.49854,-131.0549,83
78.29501,266.63757,-132.16916,85
78.407455,269.7702,-133.17876,85
78.52033,272.91034,-134.1878,93
36.388973,-95.57613,-544.447,16
28.461828,-108.84727,-671.1712,15
29.065254,-101.68515,-667.5482,16
37.13268,-75.8215,-550.6799,16
35.988518,-74.375374,-572.2602,16
79.06899,12.561166,101.919464,15
51.05925,-32.352634,-347.77087,16
47.22584,-35.866695,-411.89017,16
47.296524,-32.37402,-414.05933,15
63.82247,1.472417,-155.92201,15
66.63037,10.057992,-114.83234,15
68.5018,16.914421,-88.554,15
68.33242,21.910192,-96.41828,16
67.86545,25.234657,-107.89278,17
67.456566,27.36557,-117.177795,19
67.19356,29.730719,-124.12086,17
68.1293,33.639256,-111.44752,16
68.96397,37.360283,-100.372025,16
69.217896,40.340656,-98.805504,18
69.16471,42.962715,-102.30034,17
69.9193,49.163845,-95.05255,21
69.99755,51.93255,-96.373245,20
69.88814,54.524555,-100.82771,22
69.61338,56.98436,-108.065575,33
69.67263,59.776005,-109.7423,46
69.97228,62.778297,-107.38807,82
70.26614,65.763145,-105.11844,104
70.573235,68.745636,-102.613106,110
70.87174,71.70847,-100.23908,124
71.1693,74.65778,-97.868706,120
71.456696,77.58791,-95.65763,126
71.7436,80.50576,-93.44302,118
72.03656,83.414925,-91.11286,123
72.318726,86.30615,-88.954796,120
72.60417,89.187225,-86.728775,120
72.90183,92.06132,-84.28038,113
73.19976,94.92244,-81.81416,116
73.467125,97.76058,-79.863655,123
73.702805,100.57951,-78.451836,137
73.90186,103.38236,-77.66941,158
74.08453,106.17789,-77.16795,178
74.25372,108.968735,-76.89914,173
74.422066,111.757965,-76.64296,158
74.59944,114.546196,-76.226555,150
74.811195,117.3322,-75.20202,128
75.0594,120.11111,-73.52744,110
75.36767,122.87558,-70.78085,96
75.66863,125.62654,-68.14911,91
75.98358,128.361,-65.25458,84
76.22421,131.09764,-63.670692,84
76.46966,133.82468,-61.992397,85
76.796036,136.51616,-58.85348,78
77.158905,139.17715,-55.041607,81
77.529305,141.8147,-51.07418,79
77.79663,144.48038,-48.94931,92
77.88795,147.22772,-50.003674,98
77.79984,150.0849,-54.325047,77
77.650696,153.00458,-59.782116,52
77.744446,155.7905,-60.83001,108
77.81698,158.5984,-62.272663,93
77.97968,161.34483,-62.0666,76
78.251305,164.00069,-59.853275,66
78.518715,166.64876,-57.706352,48
78.75675,169.3131,-56.092358,53
79.03768,171.92722,-53.673615,64
79.17732,174.67491,-53.872993,105
79.27839,177.46669,-54.79429,88
79.21941,180.44724,-58.71756,64
79.3628,183.2096,-58.863827,58
79.714645,185.71417,-55.08782,85
79.87764,188.44391,-54.856354,86
79.89756,191.36728,-57.332546,89
79.85024,194.40085,-61.09996,99
79.94668,197.24712,-62.152782,114
80.153465,199.93332,-61.106068,97
80.38302,202.57909,-59.618618,91
80.58628,205.26053,-58.62906,78
80.760735,207.98622,-58.18916,74
80.8979,210.77573,-58.467606,81
80.97252,213.68095,-59.959843,75
81.04722,216.59639,-61.459816,65
81.08553,219.59187,-63.67795,65
80.92531,222.99332,-69.78661,42
80.54498,226.87904,-80.24093,37
80.06617,231.03436,-92.69067,40
79.81512,234.77763,-100.72876,47
79.722374,238.22229,-105.68864,56
79.57211,241.82898,-111.81802,54
79.46361,245.37775,-117.155464,55
79.45563,248.72131,-120.52272,51
79.47918,252.01048,-123.28182,63
79.52707,255.2577,-125.571266,62
79.62997,258.37988,-126.77012,73
79.740776,261.49088,-127.818405,76
79.84301,264.6337,-129.04845,81
79.9499,267.77362,-130.19325,84
80.05899,270.9168,-131.30217,92
80.1835,274.02475,-132.10503,95
30.436466,-105.50526,-678.6588,16
28.762487,-105.07442,-709.29474,15
36.697746,-82.79691,-588.3816,15
38.82693,-74.77463,-557.9818,16
74.210526,-0.285583,6.010655,15
85.61311,24.781961,186.69904,16
85.76033,26.961052,187.17819,15
64.96507,-0.592935,-160.49203,15
67.7744,8.155445,-118.54237,16
68.45019,11.906033,-110.094635,15
68.35274,18.424831,-118.35963,16
68.72685,21.658436,-114.83721,18
69.27852,25.124006,-108.34309,17
68.56164,28.173227,-124.318275,17
69.902214,33.99001,-105.936646,17
70.54513,37.477386,-97.816765,17
70.701645,40.336697,-97.84457,19
70.73176,44.38971,-101.343,17
71.08336,47.469723,-98.07117,21
71.258896,50.345917,-97.77179,21
70.95916,54.095512,-106.91648,24
70.90478,56.7707,-110.56351,37
71.1406,59.72692,-109.255035,55
71.42215,62.715145,-107.15374,91
71.73341,65.71626,-104.529045,106
72.03883,68.69867,-101.99049,117
72.345406,71.66822,-99.418304,118
72.64141,74.61664,-97.015045,112
72.92652,77.54504,-94.788185,121
73.216324,80.46421,-92.4673,107
73.49176,83.36286,-90.38469,122
73.769394,86.25137,-88.2521,123
74.05888,89.133896,-85.8993,114
74.3538,92.00609,-83.43803,114
74.6446,94.86358,-81.03618,115
74.904686,97.69811,-79.165016,124
75.13136,100.513145,-77.87671,139
75.33197,103.31498,-77.045456,157
75.51266,106.108475,-76.56482,171
75.68755,108.89843,-76.18487,171
75.86018,111.686066,-75.84283,160
76.052315,114.47276,-75.148224,145
76.27417,117.25581,-73.913124,132
76.56312,120.02921,-71.45815,106
76.89442,122.78566,-68.22203,90
77.20965,125.52728,-65.26086,89
77.50367,128.25726,-62.670048,84
77.77293,130.97958,-60.51826,86
78.043106,133.69028,-58.337833,83
78.36668,136.37148,-55.165005,82
78.705315,139.03008,-51.69742,83
79.04803,141.66846,-48.136017,82
79.27678,144.34358,-46.66647,101
79.3693,147.08461,-47.719265,97
79.166245,150.00612,-54.282696,54
78.914215,152.99568,-61.796932,58
79.10688,155.71944,-61.025345,114
79.273186,158.45929,-60.745148,94
79.469376,161.17455,-59.901,58
79.71935,163.8403,-58.0372,63
79.98663,166.48094,-55.835995,55
80.22229,169.14032,-54.223736,55
80.47198,171.77751,-52.335857,81
80.60249,174.5313,-52.713333,107
80.70622,177.31808,-53.606033,86
80.56772,180.3938,-59.155304,51
80.8565,182.97998,-56.510498,68
81.15843,185.53549,-53.597893,86
81.323235,188.2582,-53.324272,80
81.34603,191.1776,-55.807796,85
81.25918,194.27075,-60.440735,111
81.37048,197.09485,-61.23215,98
81.58988,199.7569,-59.913,98
81.85333,202.34157,-57.72177,81
82.05337,205.02084,-56.76821,68
82.212326,207.76707,-56.621777,97
82.347664,210.55606,-56.94337,107
82.4266,213.45256,-58.38922,88
82.43987,216.48407,-61.15279,95
82.510994,219.42024,-62.778248,77
82.38281,222.77032,-68.409,38
82.12174,226.43227,-76.74621,32
81.68621,230.51921,-88.6513,35
81.38302,234.38832,-97.95305,46
81.294525,237.82985,-102.957466,60
81.18502,241.3524,-108.42098,61
81.085915,244.88538,-113.70685,60
81.06482,248.2618,-117.43042,57
81.08487,251.55974,-120.33319,66
81.14003,254.78745,-122.53312,76
81.22443,257.95374,-124.14427,72
81.3379,261.05374,-125.16521,74
81.4489,264.16928,-126.24607,69
81.533905,267.36722,-127.87692,91
81.64551,270.50085,-128.96451,91
81.75829,273.64005,-130.03561,103
33.32148,-106.079346,-665.65985,15
38.67159,-83.13102,-590.21094,16
41.11831,-74.36696,-553.9384,16
80.134155,8.878744,82.17337,15
83.21739,17.048546,130.8175,15
86.83234,26.000504,188.49057,15
44.007355,-48.725323,-526.72296,15
68.38152,5.317448,-131.40521,15
68.22208,7.750149,-136.83507,15
70.73886,15.828924,-98.56589,15
72.74523,21.56593,-67.339516,16
69.98341,21.298817,-118.10936,17
70.115166,25.525002,-119.98654,18
70.36154,28.56757,-118.537476,16
71.181114,32.370033,-107.270004,17
71.931694,37.355167,-98.48428,17
72.21266,40.36985,-96.366684,22
72.41054,43.273724,-95.67198,18
72.32336,45.84553,-99.90614,20
72.63816,48.881718,-97.184814,18
72.96448,51.915413,-94.2482,19
72.285995,55.272324,-110.209984,31
72.46861,58.180813,-109.80103,58
72.73507,61.1625,-107.91658,80
73.03973,64.16673,-105.349236,99
73.35802,67.1683,-102.527145,107
73.667595,70.147934,-99.84349,110
73.96511,73.10438,-97.35885,118
74.24508,76.03538,-95.17288,118
74.53593,78.96151,-92.780106,113
74.81162,81.86576,-90.64516,110
75.08255,84.755844,-88.5837,125
75.3629,87.6395,-86.34181,117
75.654755,90.51636,-83.879486,119
75.94109,93.37779,-81.50338,114
76.21397,96.221634,-79.35807,127
76.445694,99.04103,-77.94823,137
76.650604,101.84561,-77.01867,149
76.83934,104.64152,-76.37884,165
77.015656,107.43174,-75.96288,169
77.19247,110.219696,-75.53517,156
77.38015,113.00613,-74.90468,148
77.59144,115.78979,-73.83493,124
77.8517,118.56676,-71.85343,116
78.18555,121.32808,-68.495834,92
78.516045,124.07203,-65.182396,88
78.82025,126.80285,-62.34099,86
79.10823,129.52226,-59.78765,85
79.38744,132.23053,-57.38522,85
79.69722,134.9164,-54.394665,82
80.02432,137.58003,-51.06138,85
80.368355,140.21887,-47.39003,87
80.6215,142.8812,-45.421513,118
80.77879,145.58363,-45.265182,113
80.84573,148.33784,-46.831234,96
80.25588,151.51437,-60.96437,62
80.31976,154.32361,-62.64271,79
80.65316,156.94482,-59.148506,117
80.854645,159.6513,-58.17897,64
81.06771,162.34344,-56.980484,73
81.322464,164.99246,-54.96756,56
81.537834,167.66849,-53.709946,67
81.78396,170.30754,-51.846283,62
81.944984,173.02711,-51.636803,117
82.08199,175.77324,-51.898224,101
82.09556,178.66612,-54.58959,71
82.03411,181.66725,-58.777855,42
82.4659,184.06174,-53.233112,83
82.67968,186.7173,-51.983162,94
82.80286,189.49313,-52.529533,78
82.693756,192.61044,-57.715755,88
82.73765,195.52815,-59.87124,99
82.90758,198.26234,-59.510994,97
83.23056,200.74724,-56.06868,64
83.40895,203.4569,-55.526505,83
83.57391,206.18823,-55.254467,70
83.71769,208.95776,-55.412968,94
83.84709,211.75653,-55.86659,86
83.88973,214.72633,-58.09738,95
83.878685,217.81743,-61.443615,76
83.938194,220.78593,-63.360992,45
83.75859,224.27089,-70.22239,42
83.48919,227.99326,-78.98454,37
83.1307,231.96877,-89.650826,37
82.894,235.73143,-97.84921,57
82.778625,239.26012,-103.567444,67
82.72786,242.66946,-107.970245,65
82.67271,246.11852,-112.494194,59
82.6831,249.43073,-115.66808,68
82.73371,252.65942,-118.01317,66
82.77106,255.94035,-120.65673,75
82.88866,259.0199,-121.61206,72
82.99341,262.14362,-122.84959,72
83.06986,265.35876,-124.70311,76
83.16547,268.53152,-126.15938,82
83.27634,271.66983,-127.29827,94
42.238937,-96.42027,-548.4135,15
40.93909,-95.77151,-573.71533,15
35.2225,-104.88581,-672.49536,16
34.394222,-102.792114,-690.37256,16
41.20459,-82.279755,-582.77185,16
42.954144,-74.89168,-557.34186,15
55.679287,-45.036087,-347.44574,15
83.96672,15.221062,125.523155,15
87.33762,24.883966,179.29372,16
88.17696,28.40976,191.51299,15
72.2628,6.837783,-87.444244,16
70.26102,5.94878,-124.43779,15
71.263214,11.63658,-111.39038,17
73.16668,19.965704,-84.02654,15
74.02623,25.16796,-73.174225,17
71.963745,26.024734,-113.14047,17
72.250084,30.448587,-112.33421,15
73.2946,35.871494,-98.20836,17
73.600426,38.9246,-95.602036,19
73.523,42.823124,-101.13871,19
73.69796,45.710224,-100.83832,19
74.266655,51.71462,-96.332954,21
73.80316,53.917667,-107.413124,26
73.80409,56.639233,-110.23674,42
74.040695,59.598858,-108.844154,80
74.35917,62.624924,-105.969864,94
74.668495,65.627686,-103.244644,101
74.98136,68.6187,-100.43986,112
75.281494,71.58485,-97.85047,115
75.568115,74.527245,-95.49245,113
75.84411,77.44969,-93.314674,112
76.12691,80.364685,-91.00004,110
76.394455,83.258255,-88.95213,123
76.67223,86.146255,-86.70468,117
76.9627,89.02841,-84.21046,108
77.247986,91.89491,-81.798775,113
77.51932,94.743,-79.63133,120
77.75962,97.56867,-78.02858,139
77.97225,100.37738,-76.93221,149
78.16301,103.174614,-76.2383,159
78.33506,105.96422,-75.89115,172
78.51672,108.75328,-75.360825,150
78.691605,111.53874,-74.955376,140
78.89648,114.32361,-73.980865,134
79.13603,117.10344,-72.344734,119
79.43232,119.87204,-69.6217,100
79.77955,122.62131,-65.91331,89
80.095985,125.355484,-62.772797,85
80.39596,128.0763,-59.93,83
80.68623,130.7845,-57.258026,89
80.98854,133.47498,-54.339355,89
81.31139,136.14278,-51.00753,84
81.647705,138.78749,-47.396885,87
81.92198,141.44142,-44.971355,121
82.11491,144.12413,-44.116516,149
82.24796,146.83643,-44.4268,122
82.26821,149.62056,-46.94921,88
81.68086,152.8268,-61.422115,66
81.97012,155.47783,-58.709213,90
82.23652,158.13248,-56.43324,78
82.43316,160.8334,-55.527058,63
82.640366,163.5207,-54.406574,66
82.86285,166.18823,-52.97626,58
83.08588,168.84802,-51.526985,63
83.28751,171.52325,-50.499664,116
83.424484,174.26564,-50.76701,110
83.527,177.05089,-51.731567,95
83.209984,180.3574,-61.18812,43
83.72724,182.64731,-53.77916,79
83.994125,185.23218,-51.421055,105
84.1694,187.93306,-50.919247,92
84.20719,190.83293,-53.229954,80
84.10954,193.95311,-58.336323,77
84.23929,196.74542,-58.792477,76
84.542534,199.25774,-55.669754,80
84.75682,201.90427,-54.372234,82
84.93019,204.61667,-53.918648,89
85.05784,207.41118,-54.41717,68
85.16725,210.24438,-55.301098,120
85.2939,213.05106,-55.831043,80
85.30599,216.09207,-58.775383,77
85.352295,219.08171,-61.018578,63
85.36218,222.16399,-64.04776,48
85.10544,225.85118,-72.75948,36
84.815384,229.66788,-82.237625,44
84.549706,233.48705,-91.25596,49
84.363884,237.17236,-98.62232,60
84.285965,240.63997,-103.717316,74
84.263306,244.00157,-107.65465,68
84.27756,247.29411,-110.82074,54
84.28166,250.63521,-114.22959,82
84.33479,253.8663,-116.595215,86
84.39296,257.10022,-118.86781,80
84.529236,260.12775,-119.445885,85
84.61336,263.3135,-121.176704,78
84.682014,266.5588,-123.26274,88
84.78232,269.72275,-124.66438,85
84.89127,272.87088,-125.885574,101
44.24026,-94.79901,-550.896,15
37.20351,-105.489494,-676.19385,16
46.01362,-81.76876,-530.3575,15
49.52428,-66.99828,-477.92407,15
51.862823,-56.875553,-443.30078,15
84.304214,13.521645,111.813385,16
88.595375,25.225197,182.68568,15
86.75427,24.50918,147.67906,15
71.2119,-1.702194,-126.2994,16
69.487946,-0.840375,-160.716,15
70.73434,4.119907,-141.79886,16
69.138565,4.06619,-172.74731,16
75.02233,21.903704,-77.487175,17
75.23674,24.811995,-76.42913,17
74.14602,25.734837,-98.60876,17
73.30112,27.126907,-116.51353,17
74.4385,34.085987,-101.85207,16
74.958725,37.444286,-95.33395,19
74.81076,41.236553,-102.26309,17
74.92402,44.05224,-103.07266,18
75.31442,48.53715,-100.28197,18
75.06364,52.297714,-109.176285,25
75.139435,55.095024,-110.69484,36
75.354195,58.03812,-109.669044,67
75.66473,61.066593,-106.87407,95
75.97323,64.07821,-104.10027,97
76.29117,67.083084,-101.136246,106
76.589516,70.05612,-98.51881,109
76.87665,73.00649,-96.09568,114
77.14952,75.933495,-93.92425,121
77.434105,78.85664,-91.521706,106
77.702774,81.756905,-89.40386,117
77.975945,84.64832,-87.189224,116
78.26029,87.53372,-84.75109,112
78.544044,90.4058,-82.31033,111
78.819,93.26102,-80.02302,114
79.06921,96.09452,-78.19291,131
79.28511,98.90674,-77.00689,143
79.487915,101.70875,-76.06467,157
79.6654,104.499695,-75.60322,167
79.83489,107.286545,-75.29256,160
80.00786,110.072075,-74.913055,137
80.193436,112.85653,-74.28732,138
80.41441,115.638756,-72.97183,119
80.67283,118.41327,-70.920555,94
80.9991,121.172134,-67.534004,84
81.34312,123.910835,-63.78136,79
81.64801,126.636536,-60.775097,81
81.95533,129.34578,-57.704277,82
82.25498,132.04095,-54.76752,87
82.568504,134.71593,-51.539864,86
82.90348,137.36551,-47.86785,84
83.199585,140.01274,-44.94919,110
83.41901,142.68251,-43.54475,141
83.58625,145.37384,-43.17753,148
83.70101,148.09538,-43.862267,114
83.69806,150.89891,-46.92249,68
83.34781,153.9682,-57.016,69
83.587685,156.63911,-55.21622,96
83.82879,159.29973,-53.381695,51
83.96667,162.04213,-53.64033,76
84.16794,164.72722,-52.60623,69
84.362976,167.41359,-51.694324,86
84.58709,170.06512,-50.180565,102
84.762566,172.76323,-49.66203,105
84.88284,175.52405,-50.28309,100
84.78104,178.56255,-55.51763,62
84.912315,181.33156,-55.933887,60
85.29822,183.7609,-51.038666,81
85.500305,186.42216,-49.964172,108
85.61496,189.20691,-50.721043,82
85.50239,192.34456,-56.27119,67
85.556694,195.25047,-58.330536,70
85.83922,197.79303,-55.56644,71
86.068054,200.41286,-53.928276,81
86.25451,203.09975,-53.185387,89
86.419876,205.82259,-52.89129,74
86.523674,208.66225,-53.91845,78
86.62756,211.50954,-54.95266,81
86.7235,214.38062,-56.166523,77
86.734024,217.43945,-59.241558,63
86.778336,220.4455,-61.603683,44
86.70933,223.7194,-66.45478,37
86.40749,227.55716,-76.434265,40
86.174385,231.29541,-84.972084,50
85.963554,235.03355,-93.0771,50
85.84126,238.60274,-99.280655,59
85.81698,241.96146,-103.35432,64
85.84053,245.22176,-106.39313,57
85.86444,248.50198,-109.44635,63
85.89196,251.79327,-112.44116,73
85.94076,255.04527,-114.98087,76
86.03023,258.1974,-116.62347,81
86.11945,261.36267,-118.28458,87
86.199234,264.5697,-120.17473,88
86.28152,267.78308,-122.02245,92
86.38507,270.94287,-123.39991,89
47.322975,-94.15375,-530.8653,16
37.306427,-112.50247,-710.5239,15
52.441723,-70.00421,-455.2011,14
51.9868,-67.63568,-466.86096,15
47.79615,-73.42774,-544.0865,16
84.25961,10.9353,90.728165,15
89.883705,27.537136,184.71545,15
71.99131,-0.41591,-141.48874,16
71.96812,9.026688,-152.28494,15
68.47061,5.866806,-218.57211,16
76.51461,23.26609,-77.20712,18
76.77922,26.25338,-75.20105,19
76.43098,28.29066,-84.3766,19
74.69031,28.300776,-119.10085,16
75.67827,33.742367,-105.35817,17
76.507614,37.546665,-92.98572,17
76.20616,39.785885,-101.45048,17
76.34653,43.967697,-103.23305,18
76.85358,48.59693,-98.1932,18
76.600044,52.332912,-107.34403,26
76.5405,54.97796,-111.43111,46
76.83129,58.00254,-108.94732,74
77.107506,60.999393,-106.723976,99
77.42898,64.02634,-103.6314,91
77.74461,67.03165,-100.63172,107
78.04585,70.00889,-97.8888,105
78.32792,72.95631,-95.495964,112
78.59607,75.88051,-93.35551,112
78.87307,78.79924,-91.03291,110
79.14357,81.701294,-88.82165,114
79.41905,84.59438,-86.50172,112
79.69996,87.47795,-84.06371,106
79.98604,90.35104,-81.51125,108
80.255394,93.2031,-79.26943,120
80.4936,96.03087,-77.622505,133
80.70676,98.841125,-76.45647,143
80.903595,101.64023,-75.603836,155
81.07497,104.428505,-75.247475,169
81.23543,107.21263,-75.10472,147
81.40716,109.99741,-74.73806,138
81.58281,112.78048,-74.29148,123
81.79422,115.562386,-73.13125,110
82.05887,118.33712,-70.90126,83
82.38329,121.09577,-67.461586,73
82.72284,123.83434,-63.698566,72
83.03548,126.55773,-60.456165,71
83.34455,129.26485,-57.267048,76
83.65621,131.95425,-54.007275,81
83.97199,134.62505,-50.64506,80
84.30381,137.27165,-46.936646,79
84.586334,139.9208,-44.21458,110
84.80351,142.58871,-42.816486,138
84.9726,145.2766,-42.40019,170
85.08925,147.9952,-43.063667,125
85.14237,150.76099,-45.046364,101
84.96261,153.70903,-51.874886,71
85.03191,156.49866,-53.56161,92
85.22608,159.19249,-52.653053,70
85.37901,161.9194,-52.603706,71
85.55408,164.62553,-52.08989,95
85.7506,167.30771,-51.122448,69
85.97977,169.95006,-49.460186,76
86.168976,172.62965,-48.636284,111
86.271126,175.41025,-49.66016,93
86.099945,178.54288,-56.522976,54
86.33281,181.18103,-54.78348,65
86.70196,183.62172,-50.109253,87
86.89599,186.29007,-49.17792,122
87.01299,189.07045,-49.906586,84
86.905334,192.20927,-55.5108,57
86.972466,195.09639,-57.352066,73
87.25064,197.63762,-54.603874,86
87.473404,200.26173,-53.052372,87
87.668,202.92967,-52.11091,82
87.83646,205.64304,-51.74119,67
87.9655,208.43275,-52.241932,75
88.08595,211.24445,-52.93806,80
88.17155,214.13469,-54.416634,66
88.18785,217.18472,-57.45329,73
88.21231,220.23656,-60.329422,46
88.10172,223.61638,-66.26021,44
87.90056,227.24725,-74.27443,34
87.64378,231.06348,-83.602264,44
87.445724,234.79222,-91.66283,52
87.36449,238.27301,-97.120834,56
87.35495,241.60072,-100.980354,83
87.37658,244.87003,-104.15405,67
87.41959,248.10197,-106.86053,72
87.481865,251.29823,-109.14411,70
87.505554,254.62346,-112.33898,79
87.58179,257.81393,-114.338264,71
87.66501,260.99796,-116.19123,76
87.73093,264.25024,-118.464325,93
87.82341,267.4342,-120.13273,84
87.927895,270.59155,-121.532295,88
45.176865,-104.569305,-604.42694,16
42.57475,-107.21623,-654.7436,15
51.93649,-68.76191,-506.10648,15
71.49473,-20.688406,-159.45593,15
85.80141,12.70686,96.09793,15
73.33519,-6.112254,-138.10056,15
71.7268,-6.617215,-170.47246,15
72.84135,-1.716799,-153.1418,15
72.346275,0.064683,-165.27814,15
72.10638,2.372459,-172.77942,17
73.27262,9.974842,-157.42226,16
78.016335,23.366463,-75.29218,18
78.1219,27.378868,-77.6335,23
76.37886,27.253893,-113.19423,18
76.75637,30.487356,-109.0927,17
77.52672,34.271454,-97.56351,17
77.86141,37.383255,-94.203,16
77.27159,41.89507,-111.35308,17
77.86493,45.34067,-103.07148,19
78.51817,48.81728,-93.59795,18
78.09322,50.978645,-104.7321,22
77.86744,53.418934,-112.10053,35
78.09278,56.38191,-110.8161,68
78.40732,59.429436,-107.800316,91
78.716156,62.455242,-104.87722,93
79.04545,65.48456,-101.53967,96
79.34328,68.46833,-98.795715,108
79.63589,71.43303,-96.13806,111
79.902016,74.36267,-93.98342,111
80.17372,77.28472,-91.70693,107
80.44684,80.19552,-89.38911,109
80.71494,83.09062,-87.15726,115
80.9971,85.98198,-84.63314,117
81.28486,88.86281,-81.98332,107
81.56259,91.724686,-79.517784,118
81.80324,94.55737,-77.77979,141
82.01632,97.370224,-76.58459,142
82.216835,100.1724,-75.635025,149
82.39973,102.964516,-75.036224,161
82.55768,105.7477,-74.93821,168
82.716705,108.53038,-74.81872,145
82.87912,111.31269,-74.62944,125
83.06467,114.095375,-73.96717,108
83.27746,116.87481,-72.74369,89
83.581474,119.64364,-69.639626,71
83.922646,122.39236,-65.752525,64
84.24233,125.123795,-62.286297,66
84.56018,127.83726,-58.838085,60
84.87582,130.53302,-55.415417,74
85.19868,133.20834,-51.822727,76
85.52407,135.86362,-48.155457,74
85.834946,138.50572,-44.771477,90
86.07298,141.1656,-42.89999,122
86.261734,143.84285,-42.058407,183
86.41008,146.54044,-42.067577,160
86.5057,149.27368,-43.198296,101
86.52296,152.07043,-46.006523,79
86.468605,154.93927,-50.363586,79
86.54462,157.72342,-51.954536,101
86.70574,160.44054,-51.726852,83
86.85077,163.17264,-51.845985,86
87.04679,165.85426,-50.864254,53
87.26591,168.50626,-49.3759,54
87.47823,171.15865,-48.027927,98
87.627,173.88097,-48.061554,94
87.67088,176.73735,-50.395557,87
87.41861,180.00168,-59.25832,99
87.95775,182.21645,-50.721924,81
88.20463,184.80869,-48.600002,110
88.35498,187.53653,-48.6092,102
88.36932,190.48112,-51.650703,70
88.32844,193.53564,-55.948074,47
88.53194,196.19803,-54.79588,82
88.781624,198.77304,-52.599262,66
88.96623,201.45662,-51.858494,93
89.147026,204.14471,-51.201866,90
89.28754,206.91013,-51.45805,78
89.44356,209.647,-51.364902,63
89.58959,212.40611,-51.50157,69
89.68196,215.2848,-52.873505,62
89.70212,218.33607,-55.920616,58
89.607895,221.6729,-61.634315,41
89.431656,225.24226,-69.29171,48
89.23671,228.90605,-77.43972,37
89.06908,232.55254,-85.00928,37
88.89225,236.27135,-92.8494,49
88.85452,239.66827,-97.476265,76
88.876884,242.93077,-100.719864,70
88.91686,246.16586,-103.57227,86
89.00335,249.28625,-105.34248,71
89.04885,252.54184,-108.10577,76
89.0972,255.80829,-110.82332,81
89.160255,259.04834,-113.210075,69
89.23809,262.25858,-115.2604,95
89.32358,265.4592,-117.14352,80
89.41287,268.66177,-118.951614,81
89.51022,271.8506,-120.57884,92
44.504375,-107.934296,-659.1998,16
52.2565,-83.29099,-524.3498,16
60.049557,-59.507236,-387.65347,16
78.93328,-11.091832,-45.843082,15
86.31832,11.208289,83.96605,15
89.25109,21.647085,133.69649,15
73.8102,-5.563032,-160.01602,15
75.447205,1.720337,-133.93472,15
73.57602,2.188187,-173.85855,16
74.38414,6.445635,-161.74648,16
79.20118,20.385157,-76.38938,17
79.315346,23.13027,-77.14656,18
79.274864,25.621075,-80.86644,18
78.83027,27.476913,-92.36319,19
78.14065,29.003744,-108.63952,20
78.31982,31.92797,-108.23673,17
79.00468,35.592896,-98.04214,16
79.11334,43.693607,-105.09352,18
79.40844,46.74596,-102.400986,20
79.35063,50.693134,-108.17193,24
79.260506,53.287376,-113.06305,39
79.54073,56.31564,-110.65861,76
79.85466,59.36661,-107.5711,94
80.17753,62.41016,-104.28732,92
80.49327,65.42946,-101.1265,96
80.79223,68.41668,-98.28287,104
81.07463,71.37449,-95.75429,107
81.34153,74.3062,-93.5226,119
81.60914,77.22639,-91.263535,108
81.880745,80.137215,-88.91015,103
82.153244,83.03599,-86.524605,108
82.43472,85.92739,-83.94227,109
82.72205,88.80823,-81.22494,105
82.99236,91.66613,-78.840546,116
83.22205,94.49322,-77.27628,144
83.433136,97.30454,-76.08612,152
83.62485,100.1028,-75.289536,154
83.80333,102.89287,-74.76309,164
83.956154,105.67404,-74.76683,160
84.105,108.454346,-74.854126,148
84.25695,111.23537,-74.87762,123
84.420494,114.01719,-74.65906,102
84.63672,116.79837,-73.33055,80
85.023674,119.56494,-68.39053,62
85.38162,122.308235,-64.03502,57
85.59162,125.05168,-62.79618,55
85.891815,127.769394,-59.6284,52
86.205246,130.46675,-56.158745,59
86.54355,133.13747,-52.135498,65
86.889915,135.78375,-47.914852,70
87.19366,138.42645,-44.588142,84
87.42483,141.08803,-42.81205,119
87.60893,143.7669,-42.047638,138
87.76143,146.46175,-41.96842,153
87.8725,149.18501,-42.79494,107
87.914085,151.965,-45.15155,83
87.89848,154.80458,-48.7819,80
87.94562,157.61089,-51.053215,115
88.082794,160.34724,-51.347942,110
88.25224,163.05426,-50.929146,67
88.42527,165.75607,-50.429977,68
88.622665,168.42888,-49.384174,70
88.862816,171.04654,-47.375084,114
89.01203,173.76648,-47.40029,92
89.04695,176.63649,-50.00704,81
88.79196,179.91876,-59.198723,104
89.34718,182.0949,-50.04383,77
89.5947,184.6802,-47.84477,96
89.73973,187.41432,-47.97749,91
89.754,190.36354,-51.11432,65
89.74226,193.37654,-54.87395,47
89.93906,196.04514,-53.84189,96
90.17828,198.63153,-51.821754,86
90.363,201.31097,-51.05786,79
90.53538,204.01181,-50.57903,80
90.69943,206.72835,-50.294624,61
90.85305,209.46683,-50.25624,58
90.982216,212.26003,-50.796814,62
91.11113,215.05872,-51.349026,61
91.14681,218.07887,-54.123737,79
91.02543,221.49332,-60.66515,42
90.86091,225.05563,-68.28748,45
90.7205,228.60527,-75.3884,43
90.55559,232.26434,-83.13299,44
90.39908,235.95071,-90.733246,46
90.35708,239.37003,-95.611885,76
90.38756,242.61624,-98.7631,73
90.43704,245.8291,-101.476,81
90.52183,248.95557,-103.34535,87
90.596596,252.12697,-105.4789,78
90.63297,255.43462,-108.5794,97
90.69621,258.6777,-111.03973,76
90.77783,261.87833,-113.06433,83
90.869644,265.0599,-114.85241,72
90.95673,268.27167,-116.775375,75
91.046265,271.48978,-118.65493,93
47.204807,-106.70618,-649.51746,15
54.431477,-82.95044,-521.0768,16
60.39188,-64.81144,-413.4315,15
84.518906,-3.364826,36.403503,15
78.40748,-15.626983,-81.42929,16
60.636425,-54.426727,-420.36893,16
85.82287,6.261786,53.286953,15
89.60283,16.887867,122.58349,15
89.958176,20.694248,125.78831,15
81.79999,5.408999,-32.789528,15
76.84574,0.167052,-133.85693,15
80.2479,17.136112,-80.23427,17
80.0559,19.33833,-86.993195,17
80.91173,23.406086,-73.26987,17
80.85481,25.851194,-77.39265,18
79.53089,28.851513,-109.6082,17
80.50586,35.63551,-96.52232,16
80.27241,41.90946,-109.0057,18
80.80911,45.304237,-101.403465,20
80.79655,49.28883,-106.39727,21
80.5697,51.698853,-114.16652,33
80.811104,54.692093,-112.48727,67
81.12566,57.7575,-109.30949,86
81.45184,60.818382,-105.876045,93
81.77632,63.859386,-102.4569,92
82.08137,66.86364,-99.41569,97
82.377335,69.84343,-96.54294,102
82.64597,72.78448,-94.2168,112
82.913246,75.71188,-91.90511,110
83.17997,78.62644,-89.5908,109
83.448006,81.52947,-87.23567,122
83.72457,84.425385,-84.68811,108
83.99811,87.3059,-82.18824,106
84.2805,90.17788,-79.487686,112
84.5256,93.01733,-77.55676,133
84.74243,95.8342,-76.21271,151
84.93868,98.63601,-75.29726,150
85.12092,101.42823,-74.67467,150
85.28561,104.21229,-74.42348,153
85.43124,106.990814,-74.579445,150
85.56641,109.768364,-74.961586,142
85.71236,112.548874,-75.11482,113
85.89916,115.33181,-74.386284,86
86.183556,118.109375,-71.539024,62
86.58277,120.863464,-66.17696,52
86.92183,123.59699,-62.094234,52
87.05642,126.34759,-62.46191,50
87.33134,129.06555,-59.75213,48
87.68202,131.74591,-55.356632,52
88.05791,134.39368,-50.377163,60
88.38839,137.03416,-46.373287,67
88.66122,139.68137,-43.62745,95
88.86623,142.35115,-42.378494,108
89.03323,145.03773,-41.973537,110
89.163704,147.74713,-42.388245,118
89.24506,150.4953,-43.913643,87
89.28146,153.28825,-46.467575,82
89.297935,156.11313,-49.492157,88
89.386856,158.88899,-50.889687,121
89.51077,161.63905,-51.498978,92
89.69019,164.33531,-50.84228,92
89.880165,167.017,-49.940437,59
90.12687,169.62785,-47.72552,72
90.315155,172.29974,-46.850212,102
90.43741,175.05405,-47.504696,86
90.12587,178.40918,-58.27566,86
90.51839,180.8129,-52.657658,66
90.8686,183.24924,-47.995502,103
91.055435,185.91737,-47.150894,113
91.155655,188.72441,-48.349796,79
91.11085,191.78818,-52.998024,43
91.22395,194.59901,-53.92352,57
91.463135,197.18327,-51.84731,84
91.65505,199.84766,-50.89183,81
91.84444,202.51303,-49.99308,77
92.01589,205.21165,-49.52313,62
92.1649,207.95705,-49.59598,60
92.294426,210.74767,-50.145966,59
92.416565,213.56017,-50.882835,54
92.544174,216.36597,-51.493855,82
92.517296,219.55283,-55.909035,67
92.35489,223.10794,-63.70176,44
92.25331,226.55568,-70.04913,50
92.11219,230.14949,-77.42933,45
91.96038,233.8201,-85.13367,50
91.86597,237.37909,-91.461525,68
91.85516,240.7382,-95.73965,86
91.9007,243.95908,-98.632256,93
91.97687,247.10692,-100.77414,101
92.07114,250.21399,-102.47593,98
92.13341,253.43686,-105.01053,81
92.188545,256.70172,-107.75077,89
92.26606,259.91083,-109.93957,73
92.348145,263.12088,-112.03144,82
92.43797,266.31946,-113.94238,79
92.52525,269.54214,-115.93803,91
54.350327,-95.48487,-552.30743,15
49.107563,-105.615074,-656.8553,15
57.11693,-81.27757,-507.8419,16
62.19637,-65.01997,-414.3348,15
84.715,-6.040111,16.033077,15
67.57537,-42.40471,-321.84396,15
89.439095,12.816678,98.475334,16
90.61461,18.566984,117.70724,16
90.99076,21.425865,122.626816,15
77.61441,-4.044899,-144.59338,15
79.31698,3.466596,-115.75547,15
80.13228,7.713498,-102.73497,17
77.68827,6.839785,-156.14435,16
83.39145,20.36378,-45.44317,17
82.00454,20.25887,-76.22749,17
82.631134,23.922417,-66.70957,18
82.2357,27.024054,-79.29139,18
80.79509,27.16691,-111.57784,20
81.20291,30.474089,-106.50681,18
81.364044,33.36577,-106.43089,16
82.399376,37.59211,-88.491135,15
81.380295,40.02538,-114.17097,17
81.993515,43.56498,-104.808586,19
82.34208,46.699272,-100.854095,20
81.92477,48.815876,-112.73657,20
81.96377,51.56074,-115.21147,34
82.24823,54.611076,-112.587654,63
82.56691,57.686565,-109.23217,81
82.89456,60.75413,-105.668335,95
83.21455,63.79493,-102.24313,91
83.52709,66.81027,-98.95484,93
83.8242,69.79374,-95.97236,100
84.08585,72.73004,-93.724,110
84.351456,75.65748,-91.37793,105
84.61296,78.56911,-89.105415,109
84.8766,81.470085,-86.7728,108
85.151764,84.36624,-84.1787,101
85.41245,87.239685,-81.880646,101
85.70007,90.11586,-78.98619,104
85.94117,92.953316,-77.08328,129
86.153786,95.76787,-75.78836,152
86.34885,98.56851,-74.86932,148
86.52977,101.35939,-74.25415,161
86.68842,104.14063,-74.125435,148
86.82641,106.91649,-74.451904,148
86.95397,109.69222,-75.01213,134
87.090164,112.47166,-75.385475,111
87.26227,115.25461,-74.962944,87
87.421135,118.03549,-74.834,83
87.72043,120.8054,-71.561,62
88.12862,123.54342,-65.82158,51
88.433685,126.2709,-62.370064,47
88.64539,129.0038,-61.00844,47
89.000305,131.68452,-56.38967,46
89.37134,134.33461,-51.374813,53
89.71381,136.9704,-46.98041,59
89.99842,139.61162,-43.884407,78
90.20233,142.28171,-42.623993,93
90.36585,144.97072,-42.28934,85
90.484276,147.68948,-42.997936,89
90.57997,150.42986,-44.241005,55
90.63294,153.21266,-46.490314,72
90.67075,156.02196,-49.110943,86
90.75888,158.79906,-50.570793,125
90.87882,161.55295,-51.29396,61
91.07151,164.23338,-50.30556,62
91.28119,166.88963,-48.908356,54
91.51197,169.51352,-47.002518,77
91.68352,172.20328,-46.499516,97
91.80316,174.96123,-47.23907,83
91.56674,178.22864,-56.548405,77
91.9334,180.65517,-51.372505,67
92.2547,183.12361,-47.26084,100
92.436356,185.79637,-46.5163,100
92.52917,188.61678,-47.93583,82
92.48989,191.68018,-52.60215,54
92.61686,194.46675,-53.220196,77
92.84239,197.0701,-51.415012,100
93.03566,199.7283,-50.39789,79
93.20367,202.43408,-50.004246,89
93.38658,205.10721,-49.23798,80
93.52805,207.8689,-49.50646,71
93.65195,210.67406,-50.221405,61
93.77519,213.48672,-50.96104,48
93.90253,216.29575,-51.605556,48
93.90991,219.41171,-55.305614,53
93.75983,222.95964,-63.051563,40
93.708275,226.29445,-68.33802,40
93.585625,229.859,-75.49475,38
93.42277,233.58365,-83.74755,41
93.34755,237.10715,-89.79761,71
93.347885,240.44505,-93.93488,70
93.392715,243.67455,-96.94617,75
93.473755,246.81137,-99.036736,96
93.557526,249.9549,-101.0755,106
93.634254,253.13708,-103.31972,106
93.70328,256.36215,-105.78946,81
93.76555,259.62918,-108.46271,91
93.86283,262.79077,-110.225136,84
93.959755,265.9677,-112.01602,84
94.04205,269.21365,-114.21886,93
53.88385,-102.4045,-601.313,16
53.457096,-98.06093,-616.49615,15
60.81409,-75.164894,-476.08542,15
89.01411,2.620684,74.50455,15
87.729294,2.635932,44.996063,16
90.73133,12.029099,102.22511,15
91.070015,16.924307,103.90983,15
91.546074,20.05726,110.93922,15
83.542076,4.382188,-53.29804,15
77.925064,-5.347364,-170.13934,15
80.821945,3.508001,-114.66107,15
80.612274,6.975238,-123.797386,15
78.25237,4.887417,-175.38254,17
85.00949,22.02109,-41.594563,16
84.05267,22.670982,-64.37823,17
84.02591,25.125792,-68.058716,18
82.17777,26.989248,-112.83258,19
82.52349,30.207373,-108.915764,18
83.253845,35.334663,-98.55345,17
82.70755,38.4406,-114.98928,15
83.27389,41.944447,-106.3671,18
83.49197,44.910862,-105.07305,18
83.188515,48.50129,-116.54421,21
83.37586,51.442272,-115.927666,35
83.68779,54.532867,-112.63807,65
84.01565,57.62489,-108.98553,86
84.34072,60.694576,-105.3702,93
84.658676,63.737564,-101.88678,89
84.968315,66.75373,-98.5615,96
85.25241,69.72769,-95.77133,97
85.51807,72.66998,-93.366646,109
85.7793,75.59554,-91.04432,107
86.04176,78.50965,-88.679726,111
86.30411,81.41098,-86.30339,111
86.579414,84.308495,-83.625946,98
86.84967,87.18858,-81.04406,95
87.11775,90.053665,-78.49397,98
87.355125,92.88927,-76.61441,128
87.559494,95.69958,-75.46233,150
87.75763,98.501045,-74.44387,145
87.93501,101.28977,-73.8868,166
88.08869,104.068565,-73.86414,139
88.21955,106.84184,-74.35932,132
88.342026,109.616165,-75.05092,124
88.47437,112.39507,-75.522125,109
88.59624,115.17589,-76.23792,112
88.72283,117.96042,-76.85124,131
88.944565,120.7412,-75.27477,90
89.315186,123.49345,-70.24197,58
89.68912,126.21829,-65.09919,48
89.96584,128.94109,-62.189434,46
90.28519,131.6347,-58.26463,45
90.71043,134.26656,-51.828667,44
91.02655,136.91296,-47.920742,52
91.325165,139.5475,-44.400578,68
91.53286,142.21587,-43.01423,80
91.6857,144.91241,-42.925766,70
91.823814,147.61948,-43.189976,32
91.89123,150.38329,-45.152348,42
91.96609,153.15239,-46.9509,57
92.03121,155.94109,-49.000126,80
92.12874,158.71042,-50.280865,104
92.28975,161.42154,-50.030376,80
92.485435,164.09363,-48.934162,56
92.674065,166.76878,-48.005768,47
92.889786,169.40585,-46.40765,99
93.04795,172.11076,-46.21931,98
93.16501,174.87279,-47.04913,74
92.962105,178.108,-55.834213,98
93.3477,180.49342,-50.0167,70
93.63557,183.00325,-46.604656,94
93.80913,185.6862,-46.040096,108
93.8948,188.521,-47.689617,78
93.88214,191.54616,-51.84187,46
94.01224,194.32623,-52.40336,70
94.222374,196.95316,-50.93135,100
94.41445,199.60995,-49.913723,97
94.5903,202.29669,-49.30789,73
94.762665,204.98914,-48.790558,69
94.8871,207.78944,-49.513294,58
95.01619,210.58487,-50.123714,61
95.13068,213.42134,-51.12297,55
95.25541,216.23985,-51.864647,58
95.28834,219.30318,-55.029415,52
95.16067,222.8176,-62.46006,39
95.11588,226.15132,-67.75726,39
95.04606,229.591,-73.76607,39
94.869865,233.38115,-82.66702,41
94.802925,236.90067,-88.714096,54
94.82106,240.19739,-92.52283,69
94.87649,243.40202,-95.35806,81
94.95087,246.56508,-97.70574,108
95.03887,249.69989,-99.70571,101
95.129166,252.84206,-101.66354,99
95.20641,256.04517,-103.999565,78
95.26719,259.32532,-106.81338,84
95.36272,262.4977,-108.69232,78
95.45782,265.6864,-110.60251,87
95.55377,268.887,-112.50919,83
59.00978,-95.788414,-538.3581,16
53.213352,-106.50637,-661.83246,15
59.466785,-85.811714,-540.27576,16
90.472046,3.226204,79.73245,16
91.109985,6.93178,90.09417,15
91.49966,9.968521,95.43423,15
92.83695,15.296019,120.27271,15
86.6694,4.825947,-12.321496,15
85.75509,5.046648,-34.249176,15
80.66466,-1.391493,-146.51529,16
82.087906,4.330918,-120.1554,15
83.45469,11.07972,-96.45092,16
84.06101,27.694174,-103.44252,17
84.16566,30.483759,-104.55378,17
84.49706,34.962498,-102.47147,16
84.488434,37.5725,-106.03846,16
84.4864,40.20866,-109.484985,17
84.63348,43.08213,-109.70631,17
84.914505,46.14751,-107.00312,19
84.73902,48.56828,-114.28536,20
84.79459,51.330166,-116.53545,37
85.11974,54.444977,-112.85539,66
85.45532,57.55315,-108.92154,85
85.77632,60.623833,-105.28543,88
86.09414,63.671856,-101.6979,85
86.40129,66.68982,-98.32582,94
86.68351,69.6652,-95.49053,93
86.95519,72.61558,-92.87443,111
87.21054,75.53758,-90.60961,108
87.46726,78.44853,-88.30025,108
87.73178,81.35312,-85.79862,105
88.00003,84.24696,-83.19676,101
88.266075,87.12555,-80.62883,99
88.52859,89.988335,-78.12581,102
88.76034,92.821365,-76.31443,128
88.96367,95.631096,-75.14764,147
89.15827,98.43079,-74.17694,154
89.33464,101.218636,-73.62438,165
89.48348,103.99519,-73.71073,136
89.61159,106.76709,-74.28417,121
89.73195,109.54047,-75.04473,118
89.84848,112.31732,-75.90227,120
89.952805,115.097984,-77.055145,165
90.08245,117.88447,-77.617226,194
90.26589,120.66993,-76.9048,157
90.55251,123.43744,-73.72503,87
90.938545,126.167984,-68.14157,53
91.23556,128.89252,-64.661896,53
91.551445,131.59235,-60.704315,46
92.02913,134.20695,-52.801735,42
92.36745,136.84355,-48.23302,42
92.64117,139.48976,-45.209015,61
92.84875,142.15924,-43.784397,70
93.00552,144.85507,-43.599987,64
93.1216,147.5802,-44.420128,19
93.22339,150.32181,-45.60226,38
93.2857,153.10487,-47.775017,59
93.37939,155.87143,-49.184746,90
93.489204,158.63043,-50.20362,75
93.66285,161.32738,-49.629192,65
93.85005,164.0064,-48.711575,71
94.06958,166.64188,-46.972324,49
94.25756,169.30916,-46.02418,102
94.41293,172.01642,-45.901966,96
94.51985,174.79361,-47.02156,78
94.345566,178.00246,-55.373512,105
94.75415,180.33852,-48.76723,77
95.01426,182.88362,-45.95616,91
95.17713,185.58202,-45.651142,101
95.2609,188.42313,-47.41042,74
95.24643,191.46106,-51.757267,62
95.39803,194.20026,-51.77741,89
95.61424,196.80933,-50.09674,108
95.79899,199.4766,-49.239475,114
95.97934,202.14996,-48.49509,86
96.16788,204.80203,-47.53073,69
96.29903,207.58516,-48.099564,62
96.41387,210.41331,-49.115288,65
96.51611,213.28122,-50.48331,59
96.60503,216.19403,-52.227238,47
96.63853,219.26833,-55.498066,55
96.55245,222.69618,-62.069466,49
96.5065,226.05214,-67.59654,48
96.452415,229.46858,-73.39745,38
96.30937,233.19284,-81.71349,46
96.2438,236.7303,-87.94925,52
96.26045,240.04594,-91.94491,90
96.326546,243.22656,-94.59274,109
96.411865,246.36143,-96.72587,112
96.515366,249.44923,-98.367424,101
96.6138,252.56798,-100.17036,89
96.70354,255.73271,-102.24116,82
96.7696,259.00217,-105.012665,89
96.85574,262.21515,-107.23491,77
96.94789,265.42166,-109.30697,95
97.051506,268.59836,-111.06952,88
58.680935,-102.69479,-586.7575,16
55.469017,-108.27837,-657.8619,16
66.25877,-71.00991,-443.31488,15
88.697395,-6.941509,20.51378,15
91.45715,2.611262,75.3595,15
91.611626,5.101127,75.85659,15
86.17948,-0.79864,-49.08734,15
83.186005,-4.281895,-117.639755,15
80.91663,-6.972649,-169.54556,15
82.95749,1.651381,-131.05608,15
84.28332,7.170957,-105.94358,17
85.46783,12.267526,-83.728165,17
85.75424,15.38113,-80.84414,18
85.71176,17.80928,-85.09504,17
85.98127,20.875528,-82.56532,18
86.087296,23.612019,-83.597244,19
86.23411,26.428654,-83.73948,19
85.256,27.187723,-108.660515,18
84.93638,30.55556,-120.94251,17
85.87353,40.052414,-110.63682,16
85.81872,42.619015,-115.38836,17
86.18886,45.83564,-110.61386,19
86.03413,49.62376,-119.439224,24
86.36661,52.76753,-115.49333,52
86.728874,55.92892,-110.844154,79
87.050446,59.016296,-107.09335,83
87.37379,62.086124,-103.27758,81
87.684166,65.12152,-99.735054,85
87.98613,68.12945,-96.36323,90
88.26128,71.09282,-93.5902,103
88.51475,74.02106,-91.30201,101
88.77135,76.93974,-88.92648,108
89.0229,79.84155,-86.653725,104
89.28634,82.7403,-84.087524,101
89.53787,85.61697,-81.78512,98
89.797676,88.48665,-79.27301,95
90.04928,91.338165,-76.93862,116
90.2674,94.159744,-75.3852,141
90.461784,96.96193,-74.38839,145
90.64783,99.75529,-73.58608,160
90.80904,102.53577,-73.375656,119
90.9472,105.30853,-73.720375,114
91.061005,108.077736,-74.65862,117
91.16998,110.850975,-75.722015,133
91.28613,113.63035,-76.62021,173
91.416794,116.414734,-77.17109,167
91.572464,119.20097,-77.114685,164
91.751465,121.9845,-76.48595,141
92.02648,124.74803,-73.481636,84
92.39875,127.47237,-68.046844,57
92.68109,130.19527,-64.81285,59
92.99115,132.89069,-60.865135,51
93.468994,135.49098,-52.684326,39
93.8578,138.0926,-46.686913,40
94.062225,140.76855,-45.302734,56
94.23581,143.45737,-44.69201,72
94.30919,146.21524,-46.628635,32
94.35385,149.00706,-49.3156,33
94.562904,151.67332,-47.811558,46
94.67462,154.42242,-48.802864,66
94.78555,157.17862,-49.82524,82
94.92701,159.90858,-50.066498,59
95.11344,162.58923,-49.14248,70
95.31575,165.24622,-47.79923,72
95.5312,167.87952,-46.104202,72
95.70071,170.56712,-45.608536,103
95.83385,173.30551,-46.072647,77
95.80814,176.28929,-50.758213,70
95.94962,179.03423,-51.030384,67
96.27274,181.47783,-46.451553,83
96.473045,184.11134,-45.136715,127
96.60369,186.86604,-45.692062,77
96.59366,189.89413,-50.061607,55
96.685326,192.74712,-51.707592,52
96.89459,195.36783,-50.16192,97
97.09976,197.98975,-48.720047,89
97.26686,200.68964,-48.316753,109
97.46045,203.3274,-47.18193,82
97.63305,206.0104,-46.624344,82
97.76147,208.8015,-47.29537,89
97.84913,211.70322,-49.115246,63
97.929405,214.63765,-51.16209,68
97.99881,217.61635,-53.53608,67
97.95301,220.93758,-59.196095,55
97.919426,224.26051,-64.56171,44
97.881966,227.63057,-70.087234,46
97.796005,231.18776,-77.05635,38
97.70762,234.79869,-84.158676,44
97.67667,238.26874,-89.66657,66
97.72377,241.51315,-92.95839,85
97.817345,244.62003,-94.92781,111
97.923584,247.69682,-96.54731,101
98.03471,250.7688,-98.04227,89
98.147675,253.84618,-99.50146,91
98.23289,257.04214,-101.801674,91
98.299934,260.32736,-104.669334,86
98.3975,263.51105,-106.65384,79
98.4908,266.72818,-108.78943,100
98.596565,269.90915,-110.57122,102
88.46518,-13.461632,-8.725127,15
92.17025,-0.87072,67.71678,15
92.21487,1.341291,65.844345,15
92.318474,4.770101,63.809566,15
93.59778,10.225778,88.69711,15
91.01273,5.655215,29.646963,15
85.58297,-3.305639,-95.2587,15
81.76955,-10.001137,-182.4383,15
82.200294,-6.272365,-176.63588,16
83.92941,0.425164,-142.08858,16
86.927444,11.065013,-80.8687,17
87.158394,14.064352,-79.12431,16
86.930855,17.339796,-89.33976,17
87.339386,20.708122,-83.617676,17
88.06288,24.67518,-70.75904,17
87.00453,26.409351,-99.86776,18
86.48874,29.342813,-116.91232,16
86.341156,31.713482,-123.88604,16
87.05664,35.601196,-111.13137,16
87.23325,38.52862,-110.67892,17
87.48436,42.891167,-110.31563,17
87.3471,48.0061,-120.80598,20
87.60828,51.065777,-118.408325,36
87.975365,54.255955,-113.514175,61
88.32475,57.397938,-109.00356,76
88.6494,60.485897,-105.04638,75
88.966385,63.544224,-101.243935,79
89.27341,66.571495,-97.652794,89
89.56256,69.56092,-94.4639,98
89.8177,72.49953,-92.0656,103
90.06631,75.41909,-89.80899,102
90.31464,78.32628,-87.54478,102
90.570114,81.22721,-85.09319,98
90.8208,84.11143,-82.74125,103
91.07772,86.987434,-80.2229,95
91.33228,89.84855,-77.745186,106
91.56421,92.683495,-75.80653,122
91.76416,95.49174,-74.64066,153
91.95881,98.2912,-73.59964,149
92.13354,101.077324,-73.04502,123
92.28074,103.85149,-73.17255,107
92.39613,106.61801,-74.095184,115
92.50114,109.38722,-75.287544,135
92.61979,112.16428,-76.147,182
92.76393,114.94725,-76.37218,163
92.92286,117.73127,-76.22686,160
93.05869,120.51631,-76.669235,150
93.23197,123.29842,-76.162384,104
93.53084,126.05135,-72.44131,84
93.87337,128.7723,-67.573265,62
94.13701,131.49486,-64.70447,62
94.43482,134.1879,-60.932392,50
94.88206,136.78763,-53.253708,38
95.27724,139.37512,-46.875454,43
95.45824,142.06357,-46.057137,61
95.606926,144.77077,-46.083748,76
95.52331,147.65907,-52.240192,54
95.66444,150.39124,-52.496998,53
95.93827,153.003,-49.231453,53
96.067856,155.74117,-49.791916,80
96.20995,158.46986,-50.024807,58
96.37392,161.17566,-49.67497,54
96.56948,163.84174,-48.472496,64
96.773865,166.49046,-47.02396,64
96.96539,169.14966,-45.917393,101
97.12874,171.84465,-45.575287,92
97.23359,174.6285,-46.838486,87
97.118065,177.77644,-54.186687,83
97.5219,180.08871,-47.23202,77
97.7463,182.68015,-45.208748,116
97.90585,185.38138,-44.980167,89
97.96785,188.27173,-47.48578,65
97.99757,191.24352,-50.923496,46
98.17076,193.93536,-50.342373,79
98.388245,196.52837,-48.50404,86
98.57465,199.18259,-47.53901,77
98.74502,201.87051,-47.028786,117
98.901566,204.59088,-46.91527,87
99.06914,207.28436,-46.48671,66
99.18239,210.11943,-47.632046,75
99.256744,213.0689,-49.923832,62
99.31798,216.07115,-52.623234,59
99.363655,219.13708,-55.80713,54
99.33754,222.43903,-61.139973,61
99.28867,225.84645,-67.19808,45
99.25079,229.25938,-72.98842,46
99.17286,232.84195,-80.03204,43
99.105995,236.4343,-86.81107,49
99.129425,239.76056,-90.9346,73
99.21179,242.90625,-93.31506,91
99.31854,245.9809,-94.980545,106
99.44127,249.009,-96.17869,110
99.5629,252.05151,-97.425545,88
99.67011,255.16171,-99.134026,101
99.74964,258.39792,-101.72127,79
99.822044,261.68344,-104.559746,95
99.92266,264.87057,-106.547874,85
100.02839,268.05145,-108.39916,113
65.83096,-90.34082,-526.4264,16
93.050575,-3.96261,63.344975,16
93.70417,1.029627,73.427895,16
93.54141,2.643862,66.921165,15
94.79692,10.215708,89.10097,15
90.687965,2.542038,-7.439469,15
90.33125,3.906264,-18.667917,15
82.24247,-12.730438,-206.57924,15
82.33477,-9.74895,-208.3549,15
84.68887,-1.377712,-158.62418,16
87.60754,8.072472,-95.66376,16
88.03568,11.563697,-89.38938,15
88.19383,14.424428,-89.28425,16
88.05069,16.6307,-96.13151,16
88.85534,20.867922,-81.07718,16
88.94891,23.570515,-82.442505,17
88.33464,26.145061,-102.129944,20
88.14972,28.36836,-110.10321,16
88.36556,35.292286,-114.250534,15
88.57581,38.286373,-112.99148,17
88.75692,43.868153,-116.16396,17
88.88148,46.72123,-116.95301,18
88.86563,49.3681,-121.12282,24
89.21355,52.55381,-116.54799,45
89.586845,55.7507,-111.32708,74
89.91766,58.86512,-107.10274,74
90.2433,61.95115,-102.975685,79
90.55777,65.00246,-99.09385,79
90.854866,68.01392,-95.61186,90
91.11846,70.971344,-92.9318,98
91.36253,73.89492,-90.71657,100
91.611435,76.81111,-88.36669,102
91.85825,79.71294,-86.05279,95
92.10601,82.60313,-83.7006,95
92.354065,85.481,-81.32505,94
92.60913,88.35105,-78.75765,94
92.85276,91.200294,-76.46202,116
93.064606,94.01947,-74.956894,144
93.26131,96.82295,-73.82837,153
93.4531,99.61813,-72.81819,129
93.60459,102.39307,-72.835625,122
93.72986,105.16002,-73.53092,104
93.83901,107.92667,-74.6491,135
93.9567,110.70042,-75.55719,169
94.10884,113.48213,-75.57697,165
94.27082,116.264206,-75.34227,144
94.39504,119.04664,-76.09864,133
94.53433,121.83149,-76.46636,109
94.74316,124.60573,-75.00185,96
95.04589,127.348564,-71.03716,75
95.35307,130.06888,-66.92607,67
95.60023,132.79109,-64.390434,62
95.87724,135.48589,-61.03637,54
96.25621,138.1076,-54.91139,36
96.66638,140.67706,-47.89643,40
96.84645,143.36728,-47.078873,65
96.94519,146.11575,-48.475647,81
96.934204,148.96475,-52.890865,81
97.13283,151.64693,-51.582867,88
97.32513,154.32884,-50.44225,74
97.479904,157.0453,-50.33521,62
97.647705,159.74704,-49.86852,46
97.827675,162.43213,-49.061367,46
98.03181,165.08203,-47.573196,46
98.22935,167.73357,-46.261993,61
98.4028,170.41403,-45.62516,97
98.53921,173.14935,-46.039368,77
98.51268,176.15387,-51.107967,55
98.74019,178.75381,-48.946564,62
99.00955,181.26717,-45.566135,86
99.19122,183.92705,-44.694836,105
99.319565,186.68811,-45.367348,72
99.3267,189.70341,-49.582077,53
99.444084,192.5094,-50.610325,54
99.65897,195.10594,-48.78568,96
99.86215,197.7202,-47.29457,89
100.03358,200.40356,-46.7373,96
100.19992,203.09781,-46.329712,97
100.37313,205.77373,-45.718857,87
100.4849,208.61212,-46.95278,83
100.59312,211.46986,-48.3099,80
100.665726,214.4399,-50.763935,83
100.71238,217.50395,-54.035435,83
100.72102,220.70659,-58.505676,54
100.7034,224.02214,-63.829243,42
100.66745,227.4331,-69.773766,43
100.61367,230.94351,-76.3308,43
100.53272,234.59184,-83.802605,44
100.53492,237.99576,-88.7449,73
100.599754,241.20555,-91.76762,86
100.7067,244.2796,-93.49281,101
100.821724,247.33623,-94.98259,102
100.95578,250.3298,-95.88402,130
101.07712,253.38365,-97.20803,121
101.17426,256.54968,-99.32999,103
101.251686,259.81686,-102.11787,90
101.34476,263.03683,-104.428734,87
101.447464,266.23187,-106.45266,105
101.56245,269.38684,-108.098526,107
64.42118,-102.83945,-600.75244,16
67.301926,-90.383446,-540.8582,15
95.03613,-1.705656,80.796715,15
95.38511,1.361931,85.801216,15
95.71907,5.371196,89.03813,15
97.03843,11.133323,116.37872,15
95.320724,9.368076,72.4878,15
92.32648,3.367951,0.203605,15
89.52626,1.838824,-73.316216,15
86.00752,-3.239826,-161.13191,16
84.67028,-3.837811,-196.44128,16
88.82352,8.759917,-102.37828,16
90.446655,15.049533,-67.60569,16
90.04779,20.338142,-86.09993,16
91.02771,24.930403,-66.27139,17
89.770485,24.80586,-100.1204,18
90.21936,28.2674,-93.0219,17
89.64056,29.688549,-110.76702,16
90.18905,39.82118,-110.738594,17
90.40098,42.806202,-109.37252,18
90.18894,45.09299,-118.468254,19
90.22941,47.818718,-121.37032,20
90.4818,50.876797,-119.024315,33
90.8373,54.071445,-114.0881,55
91.18719,57.232964,-109.25784,70
91.52008,60.347134,-104.82129,72
91.82948,63.408695,-100.946526,74
92.134315,66.44466,-97.159615,88
92.41035,69.42809,-94.07941,96
92.656006,72.36274,-91.75208,105
92.90362,75.286865,-89.35949,96
93.14894,78.19607,-87.00933,96
93.39059,81.08948,-84.73805,94
93.634476,83.972565,-82.393654,94
93.884926,86.84808,-79.8629,94
94.13466,89.70967,-77.33342,105
94.36525,92.54601,-75.28835,126
94.56893,95.356636,-73.93662,144
94.767105,98.15727,-72.72235,135
94.93726,100.9397,-72.24272,99
95.0619,103.70363,-72.97289,94
95.17606,106.468216,-73.989456,120
95.29001,109.23792,-75.02269,170
95.44519,112.018524,-74.9572,160
95.609886,114.799355,-74.63653,152
95.73418,117.57871,-75.41139,114
95.86137,120.36202,-76.116806,123
96.01595,123.145035,-76.08143,82
96.268036,125.90625,-73.37356,99
96.560196,128.64124,-69.54296,74
96.822464,131.36694,-66.51173,75
97.05727,134.08882,-64.2212,67
97.31834,136.78493,-61.183025,59
97.65679,139.41861,-55.95662,32
98.07058,141.9733,-48.57268,41
98.22812,144.68062,-48.364563,77
98.3243,147.43832,-49.89764,97
98.40061,150.2233,-52.012756,111
98.56878,152.92998,-51.52294,94
98.72718,155.64514,-51.31337,63
98.89891,158.34462,-50.721844,52
99.082405,161.0272,-49.78826,42
99.28027,163.68654,-48.43281,52
99.49351,166.31769,-46.620808,48
99.67385,168.98816,-45.761368,68
99.82913,171.69402,-45.636948,85
99.93629,174.47964,-46.938446,77
99.85136,177.60759,-53.963676,83
100.25989,179.87845,-46.328785,73
100.46328,182.49771,-44.779568,112
100.61729,185.20789,-44.707767,78
100.66947,188.13168,-47.718937,66
100.73282,191.05066,-50.4228,59
100.91304,193.72218,-49.5893,86
101.12824,196.30766,-47.680164,105
101.32079,198.93884,-46.45557,97
101.489044,201.6262,-45.9767,121
101.6626,204.29839,-45.33304,73
101.80117,207.06425,-45.78092,72
101.91597,209.90216,-46.984024,71
102.01482,212.7962,-48.706104,93
102.07212,215.82878,-51.76488,58
102.09936,218.9768,-55.81497,68
102.0843,222.28912,-61.262108,52
102.09661,225.54695,-65.88714,44
102.03154,229.10237,-73.06141,41
101.95507,232.7464,-80.68087,47
101.92399,236.27669,-86.90103,66
101.985374,239.50294,-90.15789,75
102.07974,242.62575,-92.36664,99
102.204704,245.6443,-93.590614,96
102.3277,248.68158,-94.898895,124
102.46102,251.68672,-95.879364,124
102.57797,254.77158,-97.42711,124
102.68217,257.9256,-99.426384,108
102.76367,261.1986,-102.22286,107
102.87558,264.3522,-104.01606,76
102.980934,267.55215,-106.05949,94
63.82123,-113.51908,-660.6712,15
71.50251,-81.89211,-492.58554,15
96.63937,1.512092,87.40693,15
96.93159,6.412504,88.276184,15
97.93575,11.340163,109.05813,15
94.46905,6.750576,18.72494,15
92.60736,6.234287,-32.71356,16
87.08407,-5.754016,-169.64624,15
86.663994,-2.821375,-185.83708,15
88.196556,7.592831,-158.50487,15
88.28202,10.447309,-160.40662,17
88.94443,14.6081,-148.0881,17
91.88466,23.706171,-79.2875,19
89.99373,22.161589,-130.03519,18
91.55632,29.297707,-96.95198,17
91.18706,31.117537,-110.07206,17
90.44259,33.60026,-134.73526,16
91.67796,39.835182,-109.492935,17
91.6378,43.69616,-116.47973,20
91.66334,46.383167,-119.843704,20
91.790726,49.24741,-120.61806,23
92.06547,52.339516,-117.603615,42
92.44433,55.56842,-111.87525,59
92.78515,58.714775,-107.09259,71
93.10804,61.81255,-102.74253,74
93.41454,64.86692,-98.790436,77
93.70072,67.87618,-95.34325,87
93.95561,70.83157,-92.69617,96
94.195076,73.75627,-90.43829,93
94.4383,76.67268,-88.06526,96
94.678535,79.57361,-85.75555,94
94.91659,82.460266,-83.48857,97
95.16041,85.33952,-81.05091,85
95.41448,88.21344,-78.319824,92
95.654366,91.06332,-75.954216,113
95.872086,93.88724,-74.17392,140
96.06977,96.6908,-72.92885,149
96.26772,99.48773,-71.66957,103
96.40271,102.25293,-72.13358,89
96.51165,105.01183,-73.32338,98
96.62336,107.77742,-74.4491,160
96.77094,110.55519,-74.58748,160
96.94578,113.336494,-73.96883,147
97.072624,116.11294,-74.69412,100
97.20618,118.892944,-75.23937,110
97.323456,121.677826,-76.25323,91
97.566956,124.444046,-73.69241,83
97.79877,127.199875,-71.44699,93
98.05516,129.93533,-68.481575,94
98.2912,132.66373,-66.080925,88
98.51998,135.38307,-63.873386,78
98.767555,138.07986,-61.104305,64
99.08503,140.71599,-56.280228,34
99.45608,143.28648,-49.850136,41
99.605965,146.0033,-49.867382,74
99.71693,148.75594,-51.03748,105
99.83032,151.51341,-52.149258,116
99.98138,154.23767,-52.15335,64
100.138145,156.9563,-51.991722,64
100.332855,159.62793,-50.691925,41
100.53499,162.28342,-49.162163,49
100.737465,164.9306,-47.61204,55
100.93735,167.57378,-46.130882,55
101.112015,170.24951,-45.412754,87
101.24395,172.99353,-46.00462,83
101.21571,176.02397,-51.547222,50
101.47334,178.55948,-48.286335,56
101.72289,181.0928,-45.251354,77
101.89567,183.76553,-44.593906,80
102.01688,186.54552,-45.556305,75
102.04765,189.5335,-49.388134,69
102.17762,192.31642,-50.11395,64
102.398636,194.88594,-47.950256,64
102.58907,197.52066,-46.749832,92
102.77634,200.15799,-45.645,102
102.94171,202.84952,-45.24244,87
103.09277,205.58049,-45.30653,80
103.24378,208.3139,-45.37811,80
103.36186,211.1487,-46.536434,64
103.47388,214.01161,-47.91183,89
103.47206,217.2509,-53.07846,58
103.4473,220.60123,-59.06685,50
103.4828,223.78545,-63.103596,54
103.447975,227.24625,-69.5537,41
103.37515,230.88913,-77.35984,37
103.319824,234.51944,-84.65736,51
103.35071,237.867,-89.091,76
103.44578,240.99118,-91.37249,109
103.56631,244.02875,-92.80381,109
103.698074,247.03133,-93.86708,119
103.833786,250.02664,-94.810974,126
103.96424,253.05418,-95.95406,120
104.08486,256.13684,-97.46294,110
104.18311,259.33722,-99.78745,99
104.2854,262.53683,-101.999466,94
104.39012,265.74265,-104.155136,103
104.50545,268.91275,-105.958244,109
66.24789,-110.98455,-657.5987,15
66.78587,-105.57059,-650.30304,15
88.51581,-31.635986,-132.27147,15
88.4666,-29.306152,-137.30325,15
98.351326,4.104678,98.68167,16
98.361336,7.108462,94.32461,15
98.42773,9.303779,92.85677,16
96.10558,4.49621,32.707787,15
95.622635,5.253855,17.471663,15
96.83875,10.873841,44.158745,16
92.86073,3.19079,-59.752686,15
88.571266,-4.605149,-172.56541,14
90.20552,2.284105,-135.68492,15
90.677864,7.333749,-129.79285,15
89.832756,9.151807,-157.2556,16
90.627464,13.672626,-141.1559,18
90.332184,15.609532,-152.78976,18
89.73407,18.271181,-174.38953,16
91.67087,25.148045,-128.69566,17
91.9823,28.4129,-124.73347,19
92.343025,31.757336,-119.46178,17
90.72487,31.186386,-165.75218,16
93.8423,39.84632,-88.44446,16
93.302025,42.702957,-108.6949,16
93.14103,45.03456,-117.06198,21
93.218506,49.13161,-121.258354,22
93.47356,52.20083,-118.65889,38
93.8654,55.464127,-112.378624,52
94.20849,58.624664,-107.3623,67
94.53082,61.730762,-102.86765,68
94.83735,64.79277,-98.76884,73
95.121574,67.80557,-95.24589,84
95.36637,70.75315,-92.773506,90
95.60518,73.68084,-90.44863,91
95.849236,76.60166,-87.961815,88
96.08142,79.49755,-85.78614,95
96.321266,82.38882,-83.38323,91
96.562035,85.26808,-80.93701,83
96.81696,88.145325,-78.077156,96
97.048615,90.99112,-75.850975,112
97.266205,93.8162,-74.004875,133
97.46556,96.62121,-72.6633,142
97.66141,99.41722,-71.412834,105
97.79477,102.1807,-71.93787,90
97.90358,104.93832,-73.17359,99
98.017136,107.70342,-74.286514,161
98.183624,110.48416,-73.881645,157
98.34233,113.26181,-73.7032,143
98.48006,116.037704,-74.13727,105
98.61995,118.81584,-74.515175,94
98.731804,121.59939,-75.72391,121
98.98675,124.36132,-72.72324,88
99.20548,127.11734,-70.77269,96
99.42734,129.862,-68.71711,91
99.64978,132.59563,-66.63032,107
99.87213,135.31831,-64.530464,89
100.100174,138.02654,-62.245342,81
100.34905,140.70844,-59.311554,71
100.67827,143.31325,-53.911957,26
100.93588,145.94962,-50.65654,46
101.05517,148.69794,-51.624065,75
101.17908,151.44765,-52.461277,77
101.31896,154.18517,-52.816086,51
101.47564,156.90544,-52.65557,64
101.68424,159.55907,-50.874718,45
101.89696,162.1978,-48.95218,42
102.0931,164.85078,-47.539932,49
102.28392,167.50499,-46.2877,67
102.45938,170.17838,-45.51854,84
102.58861,172.9288,-46.226448,77
102.62092,175.86212,-50.063408,58
102.83885,178.46178,-47.943367,60
103.07527,181.01282,-45.207016,69
103.245,183.69041,-44.62636,76
103.360634,186.48578,-45.818733,78
103.406715,189.45076,-49.31965,75
103.5482,192.20824,-49.701797,55
103.76226,194.78726,-47.678493,84
103.95351,197.41528,-46.402542,91
104.13069,200.07542,-45.592064,111
104.29144,202.77878,-45.33477,109
104.450836,205.48637,-45.12631,80
104.60989,208.19571,-44.933704,79
104.74677,210.9753,-45.50463,93
104.83927,213.90475,-47.618492,84
104.8483,217.12982,-52.65256,82
104.81892,220.52252,-59.084892,52
104.85697,223.7173,-63.228733,52
104.8498,227.10818,-69.01531,36
104.77284,230.80469,-77.34028,35
104.70315,234.5296,-85.50332,48
104.75483,237.8203,-89.41765,87
104.86204,240.90834,-91.382484,107
104.99088,243.91962,-92.59349,90
105.127914,246.9055,-93.52615,120
105.264015,249.90457,-94.50972,132
105.40519,252.88959,-95.32507,114
105.52594,255.98033,-96.91148,110
105.632355,259.15512,-99.05624,103
105.73704,262.35617,-101.29639,108
105.84968,265.53494,-103.27092,99
105.964516,268.7186,-105.190674,114
67.572975,-114.0321,-678.64233,15
75.955246,-81.87419,-476.56403,16
86.57889,-41.794415,-219.3729,15
97.530365,-3.418658,50.460255,15
100.75551,9.939053,126.62455,15
98.066345,3.458505,55.643307,16
96.31879,0.180047,8.01494,16
95.77555,0.734993,-9.322748,16
97.031456,8.846022,15.642838,15
94.30269,4.486843,-59.96871,16
94.45544,9.655531,-63.688747,16
94.82373,13.016253,-57.9648,15
91.52919,6.954036,-147.98174,15
91.50604,9.499434,-152.80559,16
91.63573,13.752748,-155.77191,19
91.82451,16.83825,-155.05678,18
91.511665,22.806454,-174.24304,16
91.04831,28.685022,-197.87123,16
94.70219,39.973434,-105.46246,16
94.45936,43.412304,-118.44808,17
94.64457,46.372215,-117.67042,23
94.58155,48.90218,-123.7243,19
94.86747,52.034157,-120.1808,36
95.271324,55.333874,-113.33634,47
95.63172,58.533478,-107.650024,61
95.95522,61.650917,-102.95358,65
96.261406,64.72055,-98.707016,74
96.53713,67.72852,-95.28781,80
96.78258,70.68127,-92.700005,86
97.01933,73.61018,-90.34112,87
97.259834,76.53063,-87.857796,92
97.48479,79.422,-85.80236,92
97.72067,82.31271,-83.41801,89
97.95855,85.19255,-80.95818,90
98.210434,88.07059,-78.07454,93
98.44014,90.9172,-75.81627,104
98.6579,93.74396,-73.8915,129
98.85976,96.55117,-72.4206,135
99.04932,99.34424,-71.303535,108
99.174644,102.10354,-72.084785,88
99.28398,104.86096,-73.35252,123
99.413124,107.630226,-74.04153,162
99.59015,110.41242,-73.30167,156
99.73254,113.186516,-73.60438,103
99.88072,115.962395,-73.7378,101
100.00798,118.739845,-74.51314,117
100.15119,121.51954,-74.81121,129
100.403305,124.27891,-71.771286,97
100.60691,127.03598,-70.20519,98
100.81154,129.78447,-68.596375,110
101.02436,132.52087,-66.72222,100
101.24039,135.24573,-64.73573,99
101.457214,137.95969,-62.70992,87
101.677124,140.66077,-60.57174,90
101.927055,143.32678,-57.466854,67
102.21438,145.94308,-53.146507,28
102.43249,148.60335,-51.00629,40
102.54327,151.36633,-52.300735,44
102.635796,154.15846,-54.202705,74
102.81491,156.85443,-53.315998,62
103.029625,159.49872,-51.26499,57
103.23414,162.1468,-49.533066,52
103.44878,164.77061,-47.457397,43
103.6299,167.43776,-46.47496,59
103.79867,170.12152,-45.898876,90
103.93018,172.87059,-46.567337,73
104.01826,175.70792,-48.707935,71
104.2089,178.35307,-47.41267,59
104.4196,180.94962,-45.429054,72
104.58926,183.62651,-44.831215,74
104.69992,186.4378,-46.254635,73
104.764656,189.37024,-49.280933,83
104.90916,192.1215,-49.581924,67
105.11607,194.71236,-47.71916,79
105.31267,197.3217,-46.20397,82
105.49469,199.96501,-45.192257,74
105.66014,202.6527,-44.761505,65
105.808136,205.3931,-44.953346,89
105.95837,208.12958,-45.073544,71
106.09746,210.90538,-45.60121,70
106.21815,213.74918,-46.805748,66
106.25266,216.9058,-51.1606,54
106.19082,220.44273,-59.0897,40
106.2194,223.69415,-63.79264,42
106.218,227.09454,-69.66198,36
106.14257,230.83145,-78.35375,33
106.096695,234.50644,-86.046425,52
106.160706,237.76935,-89.70617,97
106.27609,240.8351,-91.473915,123
106.41254,243.82083,-92.46896,124
106.552315,246.80042,-93.35415,127
106.693504,249.78207,-94.20289,112
106.83424,252.77487,-95.08825,120
106.960976,255.84651,-96.53406,104
107.07374,259.0032,-98.55179,99
107.18192,262.20117,-100.7817,106
107.301025,265.35867,-102.61355,97
107.42231,268.51987,-104.38753,108
78.69543,-80.71032,-453.28464,15
90.83426,-33.976154,-148.59422,15
89.391075,-36.397526,-190.03397,15
93.13497,-21.2826,-97.23318,15
96.08102,-6.971833,-28.242437,15
97.63252,1.282356,6.886398,15
97.12624,1.901137,-10.11122,16
97.82549,6.23995,4.680842,15
97.61355,7.809227,-4.632154,15
92.768974,-2.768619,-139.7242,16
92.134125,-2.011543,-161.02411,15
96.8585,15.912306,-42.058037,15
92.80737,8.912613,-158.14737,16
92.976814,13.275033,-160.15039,19
93.139984,16.311205,-160.12126,16
93.3718,19.508446,-158.20102,16
93.7611,23.0589,-151.90755,16
90.28247,19.334982,-255.48488,17
96.77062,39.92101,-85.40338,17
96.69875,42.301937,-91.718254,15
96.08209,46.277065,-117.967705,21
95.95319,48.676212,-126.12799,18
96.2815,51.89499,-121.23654,30
96.69226,55.224083,-113.9314,42
97.044945,58.42539,-108.24784,54
97.376884,61.566776,-103.121994,61
97.67803,64.63802,-98.85499,71
97.95132,67.649574,-95.36905,76
98.1987,70.60966,-92.6199,83
98.43043,73.53628,-90.312546,88
98.66269,76.45124,-87.97197,88
98.883934,79.342,-85.9423,88
99.11548,82.23206,-83.590546,83
99.35338,85.11544,-81.030235,85
99.60248,87.994736,-78.11144,92
99.835594,90.84642,-75.656784,99
100.04994,93.67227,-73.75422,122
100.25395,96.48166,-72.15524,136
100.43881,99.27232,-71.13345,106
100.56504,102.03096,-71.9157,93
100.67223,104.78634,-73.29844,118
100.81213,107.55817,-73.6797,149
100.99678,110.34115,-72.66782,154
101.13548,113.11292,-73.09436,100
101.25631,115.88611,-74.0938,93
101.403564,118.66355,-74.2676,171
101.57902,121.438515,-73.550415,156
101.81646,124.196815,-70.845474,103
102.00926,126.953964,-69.555336,109
102.20139,129.70465,-68.279015,131
102.40793,132.442,-66.52772,94
102.61404,135.17044,-64.779305,110
102.824455,137.88693,-62.87688,104
103.03303,140.59485,-61.02217,101
103.24374,143.29132,-59.08326,109
103.4685,145.9647,-56.66368,85
103.67641,148.6423,-54.788296,50
103.815674,151.3861,-55.204124,73
103.964096,154.12209,-55.321377,88
104.15547,156.80388,-53.988335,77
104.36958,159.4473,-51.87233,60
104.584694,162.07806,-49.706005,47
104.7938,164.70699,-47.730534,39
104.97044,167.38042,-46.863293,50
105.13681,170.06837,-46.351086,91
105.273155,172.81139,-46.888714,79
105.37191,175.63391,-48.759228,68
105.55735,178.28691,-47.593628,58
105.76323,180.88908,-45.693314,67
105.92719,183.57832,-45.276825,80
106.03528,186.40196,-46.86954,73
106.12126,189.29263,-49.282177,93
106.26189,192.0555,-49.744663,84
106.46748,194.6443,-47.848534,73
106.664276,197.24832,-46.26099,75
106.852165,199.87079,-44.9908,80
107.013985,202.5679,-44.680405,97
107.160736,205.31323,-44.93443,81
107.31189,208.04767,-45.03409,86
107.44124,210.86002,-45.964695,55
107.57272,213.6727,-46.8309,87
107.63296,216.75621,-50.433823,56
107.56326,220.36093,-59.0724,37
107.60115,223.60048,-63.664967,38
107.579445,227.11516,-70.634125,36
107.47589,231.0217,-80.88975,33
107.48856,234.49643,-86.708275,58
107.57062,237.7036,-89.86154,86
107.695435,240.73825,-91.35926,112
107.82825,243.74808,-92.56332,135
107.97371,246.70741,-93.280914,120
108.12088,249.66586,-93.945206,117
108.26028,252.67183,-94.94254,121
108.39261,255.72502,-96.25007,101
108.505264,258.89743,-98.39566,100
108.62186,262.06586,-100.41112,99
108.74669,265.2047,-102.11699,104
108.872536,268.3529,-103.80964,101
91.78723,-37.24909,-160.96352,16
91.88329,-31.906107,-167.0555,15
92.97453,-25.631968,-142.05643,16
93.685135,-19.533897,-129.27313,15
98.97418,0.313818,10.192317,16
97.14982,-3.419753,-43.325184,15
95.50924,-6.33408,-92.225105,15
98.87481,6.513244,-3.867678,15
96.33418,0.987165,-77.84016,15
95.17275,-0.095736,-114.17704,15
96.61293,6.57626,-78.425255,15
98.49099,15.47911,-32.163048,15
100.465805,23.23096,19.29398,15
94.52029,9.396637,-152.27306,16
94.44698,11.796322,-158.89871,20
94.46979,14.47123,-162.84573,16
95.30417,20.4883,-145.93443,15
94.75263,21.772934,-166.37236,16
91.61464,18.561577,-264.14124,15
98.28685,38.837746,-79.98089,17
98.52691,41.83516,-77.36642,16
97.78382,42.82712,-103.62738,15
97.49398,46.131256,-119.0436,19
97.66832,49.07378,-118.51529,18
97.709915,51.77636,-121.944405,24
98.09885,55.087143,-115.00031,40
98.46185,58.3208,-108.77835,47
98.792984,61.473305,-103.469315,55
99.09474,64.55515,-99.00833,65
99.35999,67.56258,-95.622955,73
99.605675,70.5262,-92.81011,84
99.83029,73.448395,-90.623604,89
100.06244,76.36785,-88.18822,84
100.28118,79.25952,-86.15002,82
100.51187,82.152626,-83.72435,81
100.74576,85.03592,-81.180466,81
100.996605,87.92065,-78.08397,93
101.23022,90.775406,-75.50715,97
101.44612,93.603874,-73.47181,112
101.64837,96.412834,-71.85675,116
101.83405,99.20392,-70.76181,103
101.9561,101.959015,-71.707695,94
102.06647,104.71417,-73.04433,124
102.22086,107.48947,-72.96768,144
102.39901,110.26942,-72.11909,145
102.54264,113.0402,-72.39883,91
102.64122,115.81023,-74.17018,60
102.80636,118.58704,-73.75951,99
103.00157,121.35794,-72.350426,166
103.221054,124.11619,-70.119896,115
103.40906,126.8723,-68.93005,101
103.59281,129.62396,-67.87727,149
103.791374,132.36302,-66.31775,92
103.99287,135.0922,-64.646736,112
104.19504,137.81226,-62.94131,110
104.40041,140.52095,-61.11413,105
104.59789,143.22693,-59.54682,118
104.789345,145.93062,-58.179066,124
104.970535,148.63817,-57.160965,117
105.13714,151.3576,-56.65059,99
105.31114,154.06575,-55.880222,93
105.50342,156.74557,-54.45826,89
105.713,159.39305,-52.41029,69
105.93536,162.00975,-49.886997,47
106.132225,164.65547,-48.264545,55
106.312645,167.32182,-47.225643,55
106.475464,170.01634,-46.823692,89
106.61709,172.75183,-47.202076,78
106.71784,175.57628,-49.096577,73
106.90114,178.2318,-47.959488,56
107.10293,180.83914,-46.12684,73
107.266754,183.52904,-45.7041,76
107.370636,186.37004,-47.542118,86
107.47507,189.22246,-49.38689,83
107.615204,191.98898,-49.898327,90
107.82246,194.5667,-47.850594,64
108.01942,197.16444,-46.182518,75
108.20609,199.78586,-44.90218,79
108.36915,202.4779,-44.535374,63
108.51841,205.21608,-44.71222,86
108.6691,207.95241,-44.841892,65
108.8017,210.75732,-45.699142,70
108.91911,213.62706,-47.181786,67
109.009056,216.61519,-49.79325,83
108.92534,220.32016,-59.466763,39
108.960144,223.59975,-64.44624,36
108.95728,227.0761,-71.0362,41
108.87602,230.94576,-80.946915,37
108.88427,234.47676,-87.2809,63
108.983,237.62782,-89.92705,96
109.10958,240.66501,-91.44727,109
109.24613,243.66562,-92.57334,125
109.396736,246.60469,-93.12482,99
109.54409,249.56778,-93.83172,119
109.68382,252.58022,-94.88478,114
109.81755,255.63649,-96.22031,90
109.93751,258.78464,-98.18458,86
110.05903,261.94077,-100.115,98
110.18958,265.05923,-101.67992,94
110.321434,268.1842,-103.21709,106
83.55388,-76.89815,-424.40286,16
93.15716,-36.62589,-167.18109,15
92.042854,-36.922974,-204.9235,15
95.892395,-20.606018,-102.13682,15
100.43017,0.833827,15.024067,16
99.28855,3.582085,-29.220814,15
96.990974,-1.433441,-99.13503,15
96.69097,1.269926,-114.37882,15
97.69534,7.941953,-91.98103,16
97.77161,11.795218,-96.39301,15
95.93525,10.378791,-157.03069,21
95.7725,12.53095,-166.57721,17
97.031654,18.470415,-134.09773,16
94.9546,19.785597,-208.07301,16
92.605606,18.381872,-286.43875,16
99.52019,38.392067,-84.996475,16
98.75256,41.780056,-117.71845,15
99.131004,49.024673,-118.081474,19
99.19905,51.766907,-120.82105,21
99.51509,54.962315,-115.85305,32
99.878586,58.213528,-109.35601,41
100.21313,61.38501,-103.71506,48
100.50751,64.46562,-99.296036,62
100.76876,67.47482,-95.89144,68
101.010925,70.43966,-93.06898,79
101.23445,73.36513,-90.82059,83
101.4619,76.28348,-88.42904,83
101.679436,79.17768,-86.33904,80
101.90493,82.06927,-83.97541,85
102.14086,84.958786,-81.25181,80
102.388374,87.84459,-78.12771,91
102.620674,90.70135,-75.47846,97
102.83559,93.53113,-73.38361,112
103.036224,96.34023,-71.7487,122
103.22678,99.13475,-70.43846,96
103.34956,101.888596,-71.398125,83
103.45833,104.64139,-72.84404,136
103.62686,107.42063,-72.28165,141
103.79804,110.197395,-71.627426,123
103.941864,112.96673,-71.90996,70
104.0556,115.73591,-73.23603,57
104.23151,118.50972,-72.42849,53
104.415276,121.27832,-71.34531,155
104.62507,124.03543,-69.34536,120
104.80275,126.79219,-68.45928,103
104.98796,129.54134,-67.30361,148
105.172615,132.28485,-66.162445,111
105.37288,135.01306,-64.4566,108
105.57068,137.7341,-62.82817,112
105.77099,140.44467,-61.097187,110
105.96433,143.1525,-59.606403,103
106.14416,145.86621,-58.598537,131
106.31636,148.58344,-57.865673,148
106.487274,151.29887,-57.17861,116
106.66589,154.00108,-56.20468,98
106.85657,156.68155,-54.777122,89
107.06425,159.32892,-52.704716,66
107.27576,161.95901,-50.470825,61
107.47459,164.59935,-48.6992,60
107.65141,167.27132,-47.75237,61
107.81454,169.96588,-47.326275,81
107.9604,172.69511,-47.56714,79
108.068436,175.51025,-49.28463,77
108.24391,178.18121,-48.40062,54
108.44234,180.79253,-46.61343,70
108.60164,183.49428,-46.355766,78
108.70508,186.3451,-48.31797,80
108.821075,189.17467,-49.810402,93
108.97148,191.9149,-49.946903,72
109.172,194.50555,-48.06881,75
109.37001,197.09433,-46.27847,79
109.55297,199.72322,-45.088486,72
109.72303,202.39081,-44.423073,57
109.86927,205.14073,-44.74252,96
110.01597,207.89322,-45.055096,93
110.149376,210.70085,-45.938034,68
110.25591,213.62262,-47.971546,54
110.33668,216.66594,-51.135708,57
110.29742,220.24126,-59.47554,51
110.32501,223.58185,-65.05875,39
110.32182,227.10178,-72.056496,40
110.2554,230.96718,-81.91062,46
110.2865,234.43236,-87.628395,78
110.39537,237.55278,-89.9972,97
110.52418,240.59021,-91.52089,93
110.66739,243.5651,-92.42896,96
110.81659,246.51685,-93.09042,114
110.96244,249.49477,-93.92046,117
111.10355,252.50917,-94.98924,99
111.23997,255.56218,-96.29878,80
111.368614,258.67505,-97.995674,92
111.49389,261.82474,-99.884766,89
111.62833,264.93262,-101.379036,111
111.76112,268.06577,-102.98244,113
84.947495,-80.36824,-435.007,15
86.90247,-69.66747,-384.8317,15
91.33498,-48.28111,-265.6721,15
98.20472,-18.566114,-74.54009,15
97.18986,-20.010195,-108.33732,15
100.92623,0.15589,-11.975002,16
99.726654,-1.767976,-51.532627,16
98.399475,-3.94695,-95.206215,16
98.09721,-1.360106,-111.01501,16
96.82905,-1.719273,-156.0385,16
98.248215,5.19909,-118.06603,16
98.82404,9.397985,-105.31752,15
97.731575,8.613156,-143.21631,17
97.4196,10.247987,-157.59581,22
97.25829,12.370066,-167.47841,16
106.641335,42.68962,112.95137,16
99.437904,27.183594,-117.255554,17
101.58959,39.878605,-64.023346,16
99.63729,41.770817,-138.19986,15
98.726456,42.49873,-172.51799,16
100.534584,48.859085,-119.51342,18
100.63684,51.66407,-121.261536,21
100.925865,54.82318,-116.953636,27
101.29199,58.09768,-110.08885,41
101.62651,61.28416,-104.2011,45
101.91881,64.37254,-99.65462,60
102.17777,67.3864,-96.172844,69
102.412926,70.34747,-93.45525,78
102.63618,73.277855,-91.11341,79
102.86302,76.20046,-88.63291,76
103.07716,79.09462,-86.5601,77
103.29798,81.9852,-84.24582,79
103.533554,84.878975,-81.40955,74
103.777336,87.765785,-78.26737,88
104.0086,90.625206,-75.5319,89
104.21989,93.45455,-73.46345,106
104.42053,96.26545,-71.75041,117
104.61884,99.06576,-70.10676,92
104.740204,101.81724,-71.15614,91
104.8499,104.56881,-72.63303,143
105.026764,107.35051,-71.74504,134
105.19829,110.126114,-71.04351,98
105.319244,112.89026,-72.15552,83
105.460526,115.66133,-72.55024,47
105.68783,118.43133,-69.837006,73
105.82468,121.19907,-70.397095,101
106.021706,123.956024,-68.76334,131
106.195496,126.71208,-67.97474,110
106.374,129.46213,-67.00901,137
106.551544,132.20776,-66.07436,130
106.75311,134.93347,-64.2362,103
106.94828,137.6543,-62.625683,114
107.14386,140.36641,-60.988503,112
107.336266,143.073,-59.45933,116
107.51252,145.7887,-58.539043,131
107.683304,148.50626,-57.825165,135
107.8494,151.22652,-57.291664,137
108.02627,153.9298,-56.34021,106
108.212814,156.61412,-55.005657,90
108.41531,159.26617,-53.033333,70
108.619385,161.90517,-50.983353,71
108.82366,164.53294,-48.908752,64
108.99296,167.21797,-48.219856,76
109.158936,169.90697,-47.66338,88
109.301506,172.64523,-48.058197,80
109.42037,175.4421,-49.434357,70
109.58551,178.1361,-48.933968,48
109.782486,180.7472,-47.119305,70
109.938774,183.45792,-46.98196,76
110.04542,186.30916,-48.93012,94
110.168304,189.12634,-50.22572,104
110.32864,191.83835,-49.95917,69
110.5195,194.45274,-48.39639,74
110.72209,197.01987,-46.31671,77
110.89849,199.66695,-45.351746,84
111.072426,202.31873,-44.48956,67
111.22013,205.06572,-44.773888,75
111.36697,207.82004,-45.10873,83
111.49417,210.65819,-46.32751,73
111.5924,213.62811,-48.866386,53
111.640144,216.83635,-53.719387,35
111.647354,220.26164,-60.484318,39
111.68083,223.6132,-66.15471,40
111.663124,227.25156,-74.26393,36
111.6318,231.01562,-83.126396,58
111.69036,234.38408,-87.939125,87
111.807,237.48218,-90.10526,94
111.94293,240.49362,-91.40281,86
112.0897,243.45631,-92.21283,97
112.23654,246.4273,-93.040726,111
112.38197,249.41599,-93.9603,94
112.52482,252.43015,-95.02852,87
112.6661,255.46538,-96.20113,76
112.79274,258.6072,-98.12333,106
112.928085,261.70877,-99.6526,86
113.06524,264.8128,-101.12547,107
113.20058,267.9442,-102.72359,109
87.19894,-77.434364,-426.92337,15
96.77964,-34.45607,-149.93102,16
91.948616,-49.776257,-302.1281,15
101.953384,-7.383132,-7.993046,15
98.76914,-16.049698,-111.15694,15
100.53066,-7.239445,-62.04296,16
100.464355,-4.073202,-70.835846,15
98.45144,-5.128284,-144.87074,15
98.35784,-0.456191,-157.7318,15
100.27724,9.381757,-104.74004,15
99.03402,7.975412,-148.9966,19
98.94291,10.229834,-156.96571,26
99.65168,14.865912,-139.42137,15
109.16796,45.55773,159.43643,15
102.0836,30.315111,-78.34962,17
100.775986,30.596502,-128.48807,16
102.73601,38.03053,-69.19385,18
103.19658,42.768497,-61.315655,17
103.31092,45.451447,-62.416832,16
102.17045,50.46067,-115.86595,17
102.16333,53.036922,-121.38328,22
102.51764,56.326298,-114.641106,33
102.86357,59.566925,-108.12444,40
103.18418,62.73098,-102.41959,46
103.45699,65.78724,-98.314,63
103.69859,68.77341,-95.2574,73
103.926674,71.7236,-92.6463,77
104.14759,74.65,-90.26503,78
104.36619,77.5608,-87.945335,78
104.584335,80.45877,-85.623085,73
104.80339,83.34547,-83.24951,77
105.04658,86.24507,-79.99192,71
105.280396,89.1187,-77.042465,81
105.49944,91.96398,-74.60314,103
105.70726,94.78761,-72.55122,104
105.90812,97.59561,-70.7372,95
106.07472,100.373505,-70.168686,95
106.17339,103.114105,-72.11159,134
106.32479,105.88584,-72.121315,132
106.51017,108.66794,-70.86729,127
106.659355,111.4357,-70.9649,90
106.77241,114.19978,-72.43466,51
106.987625,116.97299,-70.04627,104
107.13449,119.73953,-70.24693,52
107.326065,122.498856,-68.741936,118
107.49672,125.25634,-68.03259,123
107.67099,128.00882,-67.18127,110
107.84392,130.75766,-66.37977,147
108.023865,133.49826,-65.30074,98
108.22695,136.21678,-63.30113,106
108.4232,138.93044,-61.557945,118
108.6145,141.63963,-59.999493,115
108.79749,144.34947,-58.76395,127
108.97078,147.06427,-57.913494,126
109.135475,149.78606,-57.409054,132
109.30237,152.50278,-56.81729,138
109.47786,155.204,-55.871628,111
109.66566,157.88078,-54.412792,91
109.86693,160.52658,-52.381638,73
110.06495,163.1677,-50.469837,70
110.2559,165.81284,-48.840263,50
110.4214,168.50352,-48.280094,76
110.57512,171.2187,-48.225628,107
110.71018,173.97916,-48.98036,76
110.82949,176.78519,-50.436813,64
111.029724,179.38834,-48.3941,60
111.202866,182.05551,-47.520287,76
111.33416,184.8406,-48.4933,85
111.45811,187.65579,-49.813675,107
111.60085,190.42133,-50.320553,90
111.77256,193.0957,-49.53863,57
111.96825,195.68385,-47.66612,77
112.157394,198.28577,-46.077724,59
112.33193,200.93446,-45.148533,104
112.49224,203.63481,-44.874466,91
112.63752,206.39667,-45.30759,79
112.782524,209.16473,-45.768276,93
112.89299,212.0892,-47.87973,62
112.96882,215.18733,-51.683445,54
112.979706,218.61812,-58.667625,37
113.026596,221.92444,-64.02529,34
113.01919,225.54301,-72.11807,35
112.99516,229.30644,-81.1564,48
113.04988,232.71378,-86.4488,69
113.15648,235.8742,-89.24851,78
113.28457,238.93462,-91.022095,87
113.42982,241.90976,-91.96707,104
113.57876,244.8725,-92.74936,113
113.72663,247.85078,-93.61003,91
113.8672,250.88554,-94.87256,94
114.01151,253.90826,-95.972176,78
114.14134,257.04175,-97.86404,89
114.286476,260.08508,-98.984726,96
114.42819,263.16528,-100.318665,107
114.568596,266.2688,-101.75582,110
102.57061,-20.72959,-7.995922,15
89.993126,-72.11628,-401.32892,16
90.32334,-67.82559,-397.08405,15
91.94942,-58.217777,-352.36716,15
97.14656,-34.329018,-195.33676,16
102.55157,-8.128572,-34.852406,16
101.33386,-10.64579,-78.04472,15
101.578636,-7.446847,-74.9678,16
100.55128,-7.808156,-115.09386,16
100.79037,-4.571347,-112.33731,16
99.16282,-7.954671,-170.05765,16
101.33741,2.098532,-104.50999,15
99.71727,-1.027304,-162.4867,16
101.378296,7.008289,-113.17879,16
101.14648,8.668737,-125.90423,16
100.43062,8.845243,-154.8065,23
101.976875,16.171068,-108.59825,15
110.49111,46.21118,167.51749,16
109.69872,45.758747,136.86769,17
103.78182,31.085798,-68.12497,16
103.60896,32.994556,-79.0682,17
104.13653,36.805393,-66.10099,16
104.36131,42.176743,-68.548225,16
104.57838,46.330986,-68.73347,16
103.577675,49.022835,-114.45409,17
103.74396,51.9424,-114.05842,19
103.904076,56.13751,-116.65113,23
104.264786,59.4283,-109.29923,38
104.59007,62.618153,-103.152306,41
104.86032,65.6816,-98.94146,61
105.10021,68.67354,-95.79685,68
105.32918,71.63216,-93.02332,70
105.54542,74.5575,-90.69509,75
105.762405,77.4716,-88.31905,77
105.9744,80.36672,-86.1086,74
106.195885,83.261536,-83.52482,75
106.42982,86.15659,-80.44994,72
106.662895,89.03476,-77.38116,81
106.88332,91.885284,-74.76425,96
107.08872,94.70968,-72.698875,99
107.294525,97.52346,-70.600365,84
107.45667,100.29866,-70.17144,101
107.55865,103.03946,-72.083275,146
107.71645,105.81379,-71.83962,128
107.89988,108.59506,-70.59358,124
108.045616,111.36119,-70.82989,62
108.17195,114.126114,-71.845314,53
108.34782,116.89721,-70.9007,36
108.52046,119.663635,-70.08047,48
108.717026,122.4211,-68.29091,121
108.88136,125.17897,-67.79833,127
109.054665,127.9307,-66.93945,111
109.22799,130.67812,-66.07807,136
109.401955,133.42076,-65.18585,100
109.603966,136.13785,-63.12203,100
109.80128,138.84814,-61.23828,108
109.98835,141.5586,-59.770866,120
110.16922,144.26834,-58.55665,126
110.34188,146.98203,-57.686066,126
110.50716,149.70146,-57.129547,131
110.670265,152.42184,-56.669968,136
110.84026,155.12955,-55.91225,120
111.02244,157.8129,-54.61849,100
111.2166,160.46767,-52.788963,75
111.410446,163.11346,-50.95731,61
111.60003,165.75868,-49.301823,62
111.76494,168.45064,-48.743958,89
111.91419,171.17776,-48.896057,108
112.05169,173.93686,-49.597095,88
112.1796,176.72713,-50.756462,66
112.36978,179.35222,-49.06204,70
112.53998,182.02713,-48.284645,75
112.67324,184.81279,-49.237736,91
112.80999,187.59494,-50.049442,99
112.95954,190.3409,-50.274517,81
113.13358,193.00371,-49.337933,51
113.3136,195.64075,-48.112904,68
113.505325,198.22672,-46.307915,62
113.676094,200.88708,-45.51506,72
113.835495,203.59169,-45.28092,93
113.98172,206.35405,-45.70902,68
114.121475,209.15062,-46.478027,91
114.23927,212.05717,-48.378017,63
114.33161,215.10205,-51.612015,48
114.32777,218.65317,-59.837048,32
114.360596,222.07388,-66.30881,31
114.37205,225.6572,-74.007835,39
114.381546,229.30835,-81.94376,70
114.45407,232.65761,-86.686325,81
114.56855,235.79555,-89.28076,79
114.701454,238.84244,-90.936966,83
114.84684,241.82584,-91.957115,99
114.993576,244.81139,-92.933205,88
115.14338,247.78664,-93.76706,101
115.28588,250.82236,-95.03548,70
115.42537,253.89247,-96.50645,89
115.56798,256.9544,-97.83877,78
115.71187,260.02057,-99.13439,108
115.856415,263.0952,-100.42664,103
116.003044,266.16718,-101.63459,106
107.47972,-5.497072,109.50565,15
92.87936,-68.93511,-364.34656,16
91.144936,-73.77521,-426.4986,16
93.16843,-60.66604,-370.22626,16
104.90007,-7.173684,5.032548,15
104.052216,-7.557508,-29.696117,16
102.63403,-11.124423,-81.401405,15
102.84311,-8.041752,-79.38129,16
102.27168,-7.999023,-103.46675,16
102.25341,-5.748061,-109.18035,15
102.20431,-3.589698,-115.990135,16
102.25115,3.733133,-130.1729,15
101.79998,4.605303,-151.07306,16
101.887535,7.379937,-153.53496,24
101.859856,9.784463,-160.03082,18
111.75609,45.859104,176.2924,16
111.69199,47.453156,170.04543,18
105.1675,33.380684,-73.321594,19
105.36581,36.31395,-71.528015,17
105.60806,39.355865,-68.131454,17
105.74408,42.103275,-68.56017,17
106.13204,45.487755,-59.807034,15
106.04461,47.669147,-68.397095,16
105.04163,47.730385,-110.82716,17
105.26535,52.04262,-111.11718,17
105.402626,56.17258,-114.65804,18
105.675385,59.30232,-110.23337,24
105.96297,62.438263,-105.204735,35
106.25158,65.5509,-100.087296,46
106.49752,68.56375,-96.551704,67
106.724594,71.527374,-93.710335,70
106.94235,74.461845,-91.20136,75
107.1552,77.376,-88.86146,73
107.36655,80.27578,-86.5601,73
107.58148,83.16797,-84.097206,76
107.80756,86.060265,-81.17173,70
108.042465,88.94677,-77.8676,75
108.26473,91.80383,-75.038246,93
108.46873,94.63021,-72.91705,96
108.68082,97.45159,-70.450615,78
108.83012,100.21822,-70.51832,86
108.94205,102.96387,-72.124,141
109.10573,105.74109,-71.62316,122
109.28569,108.521164,-70.450165,126
109.439766,111.288734,-70.348045,65
109.568436,114.05236,-71.31877,44
109.73893,116.82194,-70.54304,47
109.91997,119.5865,-69.317505,50
110.101105,122.34462,-68.08024,105
110.26311,125.1024,-67.65819,124
110.43362,127.85444,-66.87165,120
110.608826,130.59996,-65.878716,133
110.78129,133.34224,-65.000114,110
110.981834,136.05789,-62.881042,98
111.17648,138.76773,-61.00493,107
111.361305,141.47794,-59.55294,119
111.5406,144.18704,-58.336834,114
111.71382,146.8979,-57.390953,120
111.8786,149.61624,-56.825325,124
112.03914,152.3388,-56.456875,145
112.202705,155.05511,-55.95181,135
112.37748,157.74911,-54.928238,106
112.568855,160.40575,-53.122437,81
112.760254,163.05284,-51.299747,60
112.94166,165.71266,-49.935688,68
113.111565,168.3931,-49.11365,79
113.254776,171.13733,-49.57617,101
113.39418,173.89603,-50.24002,103
113.523155,176.6898,-51.43476,86
113.7114,179.31653,-49.737724,74
113.87799,182.00208,-49.10101,80
114.01885,184.76982,-49.75161,106
114.16187,187.53609,-50.31325,98
114.31622,190.26717,-50.32068,70
114.49419,192.91147,-49.132004,49
114.66483,195.57875,-48.31121,58
114.846436,198.19803,-46.92133,84
115.01879,200.84993,-46.0057,65
115.176704,203.56224,-45.84876,66
115.322914,206.32997,-46.32342,77
115.45822,209.15584,-47.40272,87
115.57813,212.06819,-49.34255,68
115.65882,215.19981,-53.46682,27
115.66826,218.745,-61.58832,32
115.711105,222.16461,-68.00872,36
115.72808,225.78157,-75.99773,48
115.76648,229.33107,-82.92802,63
115.85789,232.60742,-86.97718,84
115.977905,235.73428,-89.46837,78
116.11203,238.78987,-91.19961,87
116.25854,241.77773,-92.25312,98
116.412025,244.72789,-92.92734,91
116.559975,247.72667,-93.95636,85
116.70281,250.77505,-95.32491,86
116.8423,253.86345,-96.93577,77
116.98594,256.93512,-98.33641,110
117.13386,259.98676,-99.51409,101
117.28452,263.02847,-100.55696,114
117.434715,266.08652,-101.66313,111
93.1804,-74.5272,-417.51233,15
93.597206,-69.75102,-409.99283,16
96.66867,-53.072216,-312.0753,15
95.85178,-54.012325,-346.16058,15
104.211,-11.577231,-72.91821,15
104.71228,-6.183655,-63.12418,16
103.382835,-9.385846,-114.78652,15
104.389336,-3.051766,-84.738914,15
103.63143,-2.586473,-119.52377,15
103.77881,0.325857,-119.74714,16
103.96846,4.57628,-121.219444,16
103.39298,7.327862,-153.2724,22
108.29306,27.750618,17.12408,15
113.459,47.06203,201.95776,16
112.76523,46.521236,172.31131,17
113.088745,49.33165,180.11586,17
112.53112,49.38882,155.11864,16
106.68183,34.85393,-71.43336,19
106.79805,39.929615,-78.26329,16
107.24753,43.545498,-66.78086,18
106.47225,48.8917,-114.11557,17
106.77589,52.136116,-108.29351,18
107.11174,59.225544,-110.24294,17
107.37239,62.321075,-106.01565,19
107.65711,65.44179,-100.7807,25
107.881096,68.42505,-97.93933,52
108.11986,71.41926,-94.47204,62
108.338776,74.363205,-91.7798,71
108.54624,77.2755,-89.53184,70
108.75562,80.17869,-87.1855,71
108.965836,83.070694,-84.78149,75
109.18952,85.96674,-81.79427,75
109.42208,88.85732,-78.40521,74
109.642044,91.717415,-75.51431,90
109.853615,94.55469,-72.95146,92
110.05969,97.37406,-70.59845,90
110.2012,100.135445,-71.003586,89
110.32792,102.889725,-72.06075,148
110.492676,105.66759,-71.48112,114
110.6698,108.446815,-70.361725,125
110.82648,111.214806,-70.13659,70
110.978615,113.98086,-70.118805,43
111.13466,116.7469,-69.93367,45
111.31126,119.510086,-68.83036,85
111.48523,122.268074,-67.84082,105
111.64605,125.025345,-67.445946,115
111.811584,127.778595,-66.83833,116
111.98853,130.52216,-65.70385,128
112.160866,133.26323,-64.7782,104
112.35892,135.97812,-62.645206,97
112.5483,138.69006,-60.900578,110
112.73085,141.40038,-59.465267,118
112.90944,144.1082,-58.21016,117
113.08234,146.8175,-57.220894,117
113.247086,149.53433,-56.62337,116
113.40747,152.25575,-56.23999,131
113.56741,154.97679,-55.88302,123
113.73597,157.68015,-55.10456,122
113.923294,160.34103,-53.388615,81
114.11132,162.99132,-51.621426,67
114.29515,165.64235,-50.05244,62
114.457954,168.33864,-49.544456,83
114.60035,171.08821,-50.090584,112
114.73947,173.85194,-50.824303,116
114.871635,176.64288,-51.946175,110
115.053444,179.28497,-50.481823,77
115.21863,181.97523,-49.889637,87
115.36532,184.72842,-50.28834,90
115.51393,187.47903,-50.602646,101
115.677826,190.1748,-50.102505,66
115.847725,192.8452,-49.277084,54
116.01726,195.51396,-48.47123,60
116.187645,198.17584,-47.61659,76
116.36016,200.82468,-46.641094,66
116.52045,203.5276,-46.35427,61
116.661224,206.3281,-47.19261,73
116.80133,209.14029,-48.096233,69
116.92434,212.05351,-50.027386,42
116.98428,215.33424,-55.709995,33
117.01549,218.8244,-63.21305,33
117.0629,222.2741,-69.897125,40
117.086174,225.92519,-78.17606,52
117.15096,229.37312,-84.09449,57
117.25902,232.57986,-87.476265,74
117.38593,235.68547,-89.76655,75
117.52333,238.73712,-91.45831,78
117.67355,241.71063,-92.38483,86
117.82525,244.68372,-93.25058,93
117.97433,247.6877,-94.317245,87
118.11528,250.76982,-95.95144,89
118.261246,253.82666,-97.30275,79
118.40739,256.8968,-98.68615,108
118.56318,259.89645,-99.46564,104
118.71584,262.93488,-100.48667,101
118.86874,265.9839,-101.53099,108
108.57242,-10.734712,64.65289,15
106.77721,-14.611271,-10.458796,15
98.56854,-50.972984,-308.6383,15
102.587494,-29.83956,-170.77145,15
110.742645,9.453473,117.73588,15
106.38309,-4.996926,-52.53692,16
105.44171,-4.617715,-97.90804,15
107.075554,9.792002,-56.24879,15
104.93905,3.814616,-142.4737,15
104.881546,7.21589,-153.62419,23
104.44655,8.08206,-176.35661,16
113.76281,44.47669,174.04102,15
113.84079,46.499184,172.69229,17
113.99964,48.795685,174.48311,16
112.47907,45.63047,110.363,16
108.18449,37.472023,-72.72197,17
108.77394,41.560192,-55.047268,17
108.55806,43.273495,-69.59872,19
108.79618,47.48786,-68.92891,17
108.852264,50.024216,-72.67519,16
108.03214,50.364677,-112.459755,18
108.27635,54.729374,-111.92846,18
108.48865,57.748474,-109.51371,17
108.70791,60.77015,-106.78512,19
108.99068,63.91041,-101.35138,20
109.18676,66.85134,-99.53656,27
109.41217,69.8379,-96.45429,35
109.63052,72.79606,-93.64324,56
109.8372,75.71996,-91.31084,63
110.04198,78.62869,-89.037994,65
110.254196,81.53644,-86.41811,76
110.47365,84.44038,-83.455124,87
110.69238,87.328125,-80.49236,70
110.9111,90.20047,-77.501305,73
111.12662,93.05394,-74.62326,89
111.33709,95.887794,-71.94242,87
111.516655,98.6826,-70.640945,70
111.6392,101.430824,-71.94011,131
111.78941,104.2013,-71.99018,130
111.96695,106.984276,-70.78175,111
112.13377,109.75718,-70.06652,83
112.277504,112.52123,-70.436485,71
112.44914,115.28974,-69.49877,62
112.60972,118.05369,-69.08538,102
112.77556,120.81465,-68.42243,85
112.94526,123.57117,-67.57409,112
113.1056,126.32719,-67.17818,113
113.27712,129.07526,-66.239265,115
113.450874,131.81699,-65.186325,120
113.633385,134.5462,-63.692646,97
113.824,137.25989,-61.78173,98
114.01002,139.96855,-60.086086,113
114.19107,142.67447,-58.62702,119
114.363716,145.38452,-57.58804,115
114.5328,148.09499,-56.72903,114
114.69501,150.81294,-56.225395,111
114.854935,153.53314,-55.84406,128
115.01396,156.25404,-55.516968,115
115.182144,158.95447,-54.7076,113
115.36436,161.61903,-53.145397,83
115.553734,164.25783,-51.18251,64
115.73168,166.91621,-49.823788,61
115.88069,169.64867,-50.045048,92
116.02075,172.41078,-50.78014,112
116.16067,175.17955,-51.548355,120
116.30896,177.92694,-51.867462,106
116.486015,180.57785,-50.573017,89
116.64046,183.30542,-50.56339,98
116.78943,186.0562,-50.885456,91
116.94829,188.77107,-50.649513,85
117.117836,191.44101,-49.79202,59
117.28339,194.12549,-49.172974,60
117.4483,196.81094,-48.59276,71
117.61969,199.46356,-47.62515,60
117.789314,202.12099,-46.761715,77
117.94168,204.86592,-46.96068,58
118.0761,207.71323,-48.29318,50
118.21593,210.54187,-49.325924,59
118.30095,213.70526,-53.86788,28
118.36754,217.01797,-59.69556,33
118.39235,220.6429,-68.3534,31
118.42326,224.29425,-76.80064,46
118.49821,227.70964,-82.531334,54
118.601555,230.96936,-86.50226,73
118.72798,234.09276,-89.01763,75
118.866005,237.15051,-90.81275,69
119.012566,240.1587,-92.076805,98
119.16291,243.14954,-93.11954,91
119.31354,246.1501,-94.182495,88
119.46105,249.19029,-95.50614,74
119.607185,252.2579,-96.97675,90
119.75567,255.31978,-98.32649,91
119.91163,258.32526,-99.17493,100
120.06817,261.3363,-100.017006,106
120.2247,264.35913,-100.89719,114
120.37998,267.4072,-101.91127,123
109.463715,-12.465959,52.758095,15
109.778114,-7.186647,54.905106,16
101.659615,-44.272484,-256.80017,16
109.51384,-3.801982,32.86264,15
112.22324,12.732294,126.09075,15
108.866066,-0.981785,-7.042792,16
106.38029,-10.20777,-108.04743,15
106.82239,-3.777268,-102.60592,16
105.115005,-8.844492,-175.32408,16
105.77228,-2.485557,-158.90125,16
106.79332,4.070302,-124.675804,16
106.34299,4.60183,-148.78613,17
106.36652,7.086332,-154.15486,20
109.727486,23.425682,-27.750267,15
114.90121,45.559555,174.79715,16
114.98512,48.468807,171.30757,16
110.13598,33.60804,-34.157883,16
109.66024,34.238693,-59.8845,17
109.77162,38.033375,-64.38877,18
110.39842,42.293438,-44.088394,17
110.077965,44.774403,-66.95446,17
110.30624,48.953487,-66.634125,17
109.355865,49.97766,-117.511,17
109.24726,53.47217,-132.44844,16
109.95269,57.740993,-108.26074,17
110.164375,60.751095,-105.69204,19
110.37585,63.747463,-103.10708,25
110.60285,66.763214,-99.79867,29
110.81813,69.73866,-96.98542,38
111.029106,72.69152,-94.33817,54
111.23544,75.62237,-91.87666,69
111.43929,78.53625,-89.50543,65
111.6534,81.45376,-86.63555,76
111.87709,84.370415,-83.28595,88
112.07659,87.237465,-81.03916,69
112.28674,90.10579,-78.26462,72
112.4978,92.96066,-75.4185,80
112.71361,95.80542,-72.31383,87
112.88963,98.59966,-71.09891,65
113.0213,101.3544,-72.037,114
113.17433,104.12677,-71.94933,123
113.34541,106.90729,-70.979,102
113.51157,109.68077,-70.24934,87
113.6556,112.445145,-70.62717,74
113.81223,115.21272,-70.385826,107
113.972336,117.97894,-69.973465,121
114.152084,120.739784,-68.55917,82
114.32257,123.49602,-67.6125,109
114.483185,126.25176,-67.176544,110
114.65287,129.0001,-66.26793,111
114.82595,131.74146,-65.179695,117
115.00797,134.4694,-63.608974,94
115.195595,137.18341,-61.724487,102
115.380226,139.89093,-59.982983,108
115.559555,142.59639,-58.51589,119
115.730545,145.3066,-57.495026,118
115.89744,148.01854,-56.695835,115
116.06204,150.73096,-56.02447,109
116.21922,153.45512,-55.773197,113
116.37876,156.17392,-55.397453,116
116.54163,158.8839,-54.835133,115
116.71441,161.5674,-53.706005,90
116.899994,164.2114,-51.82442,71
117.07763,166.86784,-50.389908,75
117.23381,169.58157,-50.21592,79
117.37499,172.34392,-50.950634,116
117.52094,175.09648,-51.424522,116
117.66709,177.85324,-51.909863,113
117.8338,180.53738,-51.15509,102
117.9916,183.25404,-50.95307,96
118.14502,185.98976,-51.036194,93
118.30296,188.70844,-50.850838,85
118.470825,191.38242,-50.042625,63
118.6338,194.07692,-49.549538,76
118.798035,196.76416,-48.980545,65
118.96861,199.41667,-47.999195,46
119.135994,202.08258,-47.226856,59
119.28633,204.84329,-47.597816,71
119.417244,207.72517,-49.306877,39
119.55131,210.60294,-50.85394,46
119.64193,213.7757,-55.45744,25
119.72408,217.04242,-60.7678,40
119.74369,220.78848,-70.63221,31
119.79456,224.38606,-78.496025,47
119.88957,227.71545,-83.362404,59
120.002426,230.9468,-87.05049,77
120.13393,234.06006,-89.4634,72
120.27585,237.109,-91.17107,86
120.42232,240.13618,-92.59439,93
120.575584,243.11752,-93.54734,87
120.7266,246.13203,-94.71805,73
120.87655,249.17073,-96.0198,98
121.02723,252.21748,-97.31534,82
121.180786,255.25005,-98.43133,99
121.34003,258.236,-99.12994,100
121.49828,261.24374,-99.949905,98
121.65572,264.27237,-100.875946,111
121.81381,267.30682,-101.79397,121
110.72727,-12.345648,54.05961,16
111.533035,-5.337751,78.03709,16
112.14264,0.501093,94.679634,15
111.546715,-0.807931,66.251625,15
112.35618,5.096136,93.44249,15
112.604065,8.096227,98.45835,16
109.61577,-2.737083,-32.35072,15
108.92884,-1.816886,-71.9461,15
107.123566,-7.910247,-152.26387,15
106.26232,-9.447164,-194.42421,15
107.217354,-2.832034,-161.44495,16
107.52353,2.026023,-158.57669,16
107.832466,5.689662,-152.21193,26
109.561485,15.12891,-85.41568,16
115.14793,39.705105,147.10721,15
115.805504,44.03546,170.4058,16
115.98255,46.431366,173.18607,17
110.7208,31.931087,-70.38257,15
111.36068,37.553925,-51.77491,17
111.62059,40.675503,-46.620995,19
111.349144,43.200214,-68.572975,22
111.655,48.787777,-68.048485,18
110.881714,50.12572,-113.86229,17
111.311584,56.230892,-108.18226,18
111.43146,59.02221,-109.76285,17
111.63461,62.02027,-107.43412,20
111.866776,65.0731,-103.698715,34
112.10701,68.12485,-99.53455,41
112.319084,71.09733,-96.68107,48
112.5264,74.04584,-94.027855,58
112.73132,76.97627,-91.462425,62
112.94292,79.90495,-88.54277,62
113.15804,82.82433,-85.41419,74
113.36022,85.70837,-82.89745,75
113.5595,88.57533,-80.500725,65
113.76529,91.437904,-77.74879,74
113.97797,94.293915,-74.61325,80
114.18847,97.13155,-71.553474,86
114.333595,99.89692,-71.84847,84
114.47913,102.66367,-72.13764,124
114.638374,105.43978,-71.71936,110
114.80493,108.21684,-70.918335,106
114.96576,110.98769,-70.42138,75
115.09573,113.75018,-71.59006,83
115.25915,116.5202,-70.973495,102
115.42869,119.28638,-70.02262,80
115.615105,122.043434,-68.13807,83
115.77577,124.800735,-67.6652,105
115.94177,127.55288,-66.899895,110
116.11514,130.29596,-65.716705,105
116.29114,133.03078,-64.378654,96
116.47595,135.74968,-62.522385,96
116.65795,138.46208,-60.811527,98
116.8381,141.16792,-59.191364,106
117.01095,143.87636,-57.988087,116
117.18004,146.58502,-57.000973,110
117.3428,149.3007,-56.39077,106
117.50403,152.0169,-55.875572,112
117.66312,154.73595,-55.496796,117
117.82068,157.45761,-55.21961,112
117.982666,160.1675,-54.676006,116
118.157585,162.83968,-53.325756,91
118.33793,165.48892,-51.62107,75
118.503426,168.17607,-50.84896,69
118.657906,170.89706,-50.7881,110
118.80421,173.64882,-51.27794,104
118.95574,176.3858,-51.448513,100
119.10947,179.11708,-51.49177,112
119.26369,181.84863,-51.51895,90
119.421,184.56883,-51.354023,76
119.58052,187.27989,-51.05027,88
119.74254,189.97902,-50.58408,59
119.90935,192.65277,-49.78942,53
120.07392,195.33574,-49.154755,67
120.22703,198.08127,-49.34287,58
120.4025,200.69946,-47.935993,57
120.55766,203.43504,-48.0005,47
120.69456,206.29105,-49.43603,48
120.82169,209.22627,-51.656868,43
120.945,212.20769,-54.2353,29
121.03539,215.45045,-59.415474,29
121.06942,219.16151,-69.1092,29
121.12917,222.7492,-77.0356,47
121.229614,226.07115,-81.94386,57
121.344246,229.31586,-85.85346,70
121.469955,232.49866,-88.981,80
121.608826,235.59082,-91.12203,97
121.75724,238.6147,-92.543884,83
121.91052,241.60678,-93.610886,92
122.06443,244.60582,-94.67299,86
122.21667,247.6363,-95.93234,99
122.37069,250.66287,-97.090744,71
122.528885,253.65707,-97.929695,78
122.68562,256.6806,-98.946144,105
122.846375,259.66986,-99.64651,108
123.005745,262.6877,-100.51698,114
123.16546,265.71445,-101.40382,120
111.812645,-14.112046,50.837536,15
112.8498,-5.575709,85.55478,15
113.23849,-0.838364,94.004456,16
113.786064,6.401223,104.18994,16
111.342705,-1.817908,-12.874134,16
108.84489,-10.255365,-132.49246,15
108.80637,-8.218522,-140.8435,16
109.33388,-3.441156,-124.579025,16
108.296486,-3.735595,-183.9674,16
109.27469,4.21223,-151.12415,21
109.9392,9.449234,-128.3366,18
116.49861,39.865448,161.0723,15
116.690475,42.370647,164.62573,16
116.965706,45.20079,172.0326,17
116.32104,45.203743,134.45914,17
112.489845,33.315598,-52.51862,15
112.58463,35.872498,-54.834293,16
112.86368,39.101864,-48.475666,16
112.80804,42.25428,-61.432125,21
112.81428,44.545944,-68.14111,19
113.06159,48.794304,-66.83447,19
112.37172,48.987392,-107.74759,17
112.47725,51.724243,-110.07908,17
112.76927,57.447594,-110.82031,18
113.05026,61.900513,-108.2843,18
113.276405,64.95319,-104.6017,30
113.49684,67.97412,-101.16818,41
113.711,70.963875,-98.01699,46
113.917076,73.92072,-95.247986,44
114.125404,76.867836,-92.329704,54
114.33186,79.79661,-89.475845,62
114.54163,82.716446,-86.41395,63
114.74328,85.607605,-83.75046,72
114.93929,88.476746,-81.35962,62
115.139694,91.33937,-78.70261,71
115.34996,94.20004,-75.475914,73
115.56072,97.04463,-72.1815,72
115.71435,99.81909,-72.02633,71
115.862366,102.58791,-72.19451,117
116.020676,105.36387,-71.79538,103
116.18411,108.1401,-71.10963,94
116.34298,110.91098,-70.68672,71
116.477646,113.67462,-71.67369,62
116.62991,116.444305,-71.659035,83
116.80672,119.21139,-70.21158,72
116.98832,121.969635,-68.46564,84
117.15266,124.72594,-67.73942,98
117.31793,127.478065,-66.95717,107
117.49031,130.22093,-65.74189,98
117.66627,132.95422,-64.29773,96
117.84886,135.67271,-62.42741,100
118.0261,138.38809,-60.875664,96
118.2049,141.0931,-59.208797,102
118.375656,143.80246,-58.041843,112
118.54318,146.51187,-57.07575,112
118.70484,149.22842,-56.48985,102
118.86442,151.94722,-56.04502,105
119.02305,154.66678,-55.67033,112
119.18163,157.38556,-55.308006,113
119.34062,160.1022,-54.924297,115
119.506615,162.7971,-54.07456,105
119.685356,165.44698,-52.340233,84
119.85133,168.13156,-51.478287,64
120.00794,170.84692,-51.279034,103
120.160736,173.57779,-51.36502,101
120.31534,176.30373,-51.34089,107
120.468704,179.03703,-51.424988,85
120.620705,181.77943,-51.629665,97
120.7783,184.49817,-51.439297,77
120.93507,187.22234,-51.326694,95
121.099434,189.90732,-50.65049,61
121.2604,192.60934,-50.240074,61
121.42049,195.31668,-49.91162,71
121.57846,198.03723,-49.75804,57
121.744484,200.70769,-48.981102,61
121.89793,203.46068,-49.221313,69
122.03967,206.30164,-50.447636,37
122.18131,209.15611,-51.736458,52
122.29447,212.2442,-55.477436,36
122.37884,215.59692,-61.79104,30
122.44007,219.19766,-70.293655,31
122.50688,222.8214,-78.55641,68
122.61979,226.09735,-82.98088,58
122.740524,229.3395,-86.84413,57
122.875175,232.48137,-89.57076,66
123.01726,235.5749,-91.71295,69
123.169304,238.58524,-93.0037,73
123.323074,241.59253,-94.1931,86
123.47844,244.59709,-95.29044,70
123.63419,247.61163,-96.406746,86
123.79194,250.61671,-97.3836,81
123.95075,253.62231,-98.30788,101
124.110664,256.62762,-99.17693,99
124.27144,259.63483,-100.01061,110
124.432915,262.64514,-100.81972,106
124.5945,265.66788,-101.67278,112
113.028915,-14.274711,50.134235,16
113.367424,-10.49926,59.26938,15
114.318474,-3.11656,95.20086,15
114.7119,0.857084,107.12204,15
114.52944,1.452667,93.7882,16
114.71321,5.025578,93.836426,16
115.18427,9.346643,109.473656,16
114.16215,5.415146,58.022457,15
115.463844,14.224293,111.28651,16
111.10358,-5.140107,-99.910835,15
110.299576,-4.922404,-151.16711,15
110.19929,-3.17196,-163.17741,16
109.78175,-2.915277,-190.29764,15
110.768425,5.266227,-154.9134,18
117.22464,37.343887,146.7856,15
117.67813,41.086246,163.08504,16
117.84734,43.504707,165.80107,17
118.143875,46.459717,174.77097,16
115.46324,36.829163,37.35783,17
114.089745,34.207825,-40.713177,16
114.209526,37.904625,-45.412598,17
114.36283,40.66213,-44.894764,17
114.106865,41.9068,-65.232025,20
114.23816,44.6226,-65.99191,19
114.42433,47.53007,-63.935204,17
114.50795,50.08301,-67.196815,17
113.80292,50.094532,-111.88864,17
113.915665,52.8558,-114.03143,19
114.08703,55.80103,-113.09651,16
114.33702,58.967514,-107.93669,18
114.49144,61.844913,-107.87614,19
114.717415,64.909744,-103.92483,24
114.90327,67.854126,-102.1255,35
115.10828,70.834656,-99.250046,48
115.3197,73.81522,-95.97904,42
115.52358,76.7632,-93.09313,44
115.72703,79.69567,-90.19465,60
115.93082,82.61398,-87.24199,61
116.126915,85.503914,-84.696335,67
116.32137,88.378174,-82.21368,65
116.515755,91.23944,-79.70683,62
116.717255,94.097,-76.748566,66
116.9335,96.956345,-72.87568,80
117.09784,99.743546,-72.065216,70
117.24606,102.51241,-72.2317,102
117.40275,105.287704,-71.89517,105
117.56251,108.06268,-71.3791,88
117.71945,110.833664,-71.040985,94
117.864075,113.60004,-71.48453,68
117.99757,116.368065,-72.6564,88
118.17983,119.13699,-70.74495,71
118.360306,121.89637,-68.9272,76
118.52634,124.65272,-68.03274,95
118.69046,127.40568,-67.262474,104
118.85985,130.15051,-66.140915,93
119.038414,132.88043,-64.399895,91
119.219215,135.59854,-62.487526,94
119.393745,138.3151,-60.98425,98
119.56823,141.02385,-59.46959,104
119.73801,143.7331,-58.269104,110
119.90399,146.44383,-57.328964,107
120.0651,149.1607,-56.734043,100
120.22367,151.88135,-56.32757,93
120.38157,154.60251,-55.977177,103
120.54031,157.32054,-55.576767,110
120.69901,160.03773,-55.19054,109
120.86039,162.74522,-54.612003,110
121.03427,165.40643,-53.08947,96
121.19933,168.09303,-52.228878,72
121.35656,170.8077,-51.978992,78
121.514145,173.52115,-51.71456,111
121.6716,176.23553,-51.474174,107
121.827705,178.95724,-51.359802,91
121.98168,181.69131,-51.436687,84
122.13675,184.42264,-51.447887,78
122.29211,187.15482,-51.454437,86
122.45282,189.85773,-51.02884,69
122.60912,192.58817,-50.993847,71
122.76794,195.30476,-50.762672,61
122.92718,198.01974,-50.509773,55
123.08735,200.72916,-50.189213,42
123.2412,203.4876,-50.457855,61
123.383064,206.34703,-51.862152,37
123.53248,209.15802,-52.622932,43
123.63933,212.34898,-57.463436,42
123.726135,215.76506,-64.39822,29
123.788574,219.47319,-73.942215,36
123.88462,222.93314,-80.47392,45
124.00851,226.16628,-84.43537,49
124.14087,229.3474,-87.685165,54
124.28072,232.47778,-90.28769,65
124.429276,235.5351,-92.087135,65
124.58061,238.57964,-93.67346,72
124.73651,241.58652,-94.84576,61
124.89602,244.56241,-95.68806,67
125.05172,247.60359,-97.01728,77
125.211296,250.60815,-97.97837,89
125.37189,253.61311,-98.88664,92
125.53464,256.59988,-99.602165,100
125.697716,259.59457,-100.33416,99
125.861374,262.594,-101.05688,103
126.024445,265.61725,-101.91129,105
114.265526,-14.317567,50.276505,16
115.538376,-2.879531,97.37624,16
115.59032,-0.936669,94.169815,15
115.71701,1.475274,94.42066,16
115.70815,3.062831,88.281746,15
116.322876,9.205117,108.814644,15
116.63867,12.684154,118.21995,15
115.85389,11.519352,68.61045,15
111.73529,-8.577127,-142.66461,16
111.45438,-7.938332,-164.17722,15
111.69161,-4.459702,-160.22127,15
111.86562,-0.217369,-163.33359,16
112.26275,4.045795,-151.22733,25
112.90837,9.495851,-126.29286,16
118.63281,40.433548,156.72263,15
119.02621,45.57284,165.36707,16
115.80999,32.71628,-9.863614,16
115.3378,32.659676,-42.18958,16
115.870056,37.047997,-21.346334,16
115.534386,37.7169,-46.909096,16
115.71962,40.61138,-44.619434,18
115.80536,43.100636,-47.73955,18
115.53985,44.251957,-70.25813,18
115.86771,47.707222,-60.20803,17
116.036705,50.544933,-58.89368,17
115.45982,53.123295,-108.21291,17
115.542404,55.773094,-112.23341,16
115.77187,58.89598,-107.84589,17
115.939156,61.812218,-107.02115,17
116.14518,64.833824,-103.91761,21
116.32226,67.761284,-102.48741,33
116.512405,70.71467,-100.26466,39
116.71739,73.692825,-97.12323,50
116.92063,76.65125,-94.044945,55
117.12109,79.58814,-91.09654,57
117.32122,82.50942,-88.13019,56
117.51362,85.401215,-85.604614,64
117.70548,88.27908,-83.081345,67
117.893036,91.137184,-80.79945,62
118.08932,93.99576,-77.93119,57
118.30382,96.8626,-73.84391,65
118.474754,99.66069,-72.53859,67
118.6251,102.4325,-72.578476,106
118.78295,105.20989,-72.136604,98
118.93863,107.983444,-71.84548,86
119.09202,110.7543,-71.720795,95
119.24502,113.52428,-71.63624,62
119.36905,116.29179,-73.5673,80
119.54978,119.063095,-71.59588,62
119.72865,121.824554,-69.73164,70
119.89772,124.58098,-68.54465,89
120.062035,127.3345,-67.69128,100
120.2302,130.08034,-66.55913,89
120.408325,132.80945,-64.68588,84
120.58916,135.52512,-62.59024,93
120.75995,138.2447,-61.222157,97
120.9318,140.95537,-59.760662,91
121.1006,143.66435,-58.51992,100
121.264496,146.37776,-57.65331,105
121.424225,149.09727,-57.11558,106
121.58408,151.81433,-56.57373,87
121.7406,154.53911,-56.30834,95
121.897835,157.26152,-56.00023,104
122.05616,159.97984,-55.61501,107
122.21479,162.69635,-55.217205,105
122.382454,165.37645,-54.06602,86
122.54702,168.064,-53.172173,71
122.70754,170.76602,-52.631947,79
122.86543,173.47914,-52.331337,102
123.02591,176.17928,-51.81354,99
123.18418,178.89017,-51.505825,89
123.34326,181.59702,-51.14146,80
123.49478,184.34944,-51.490704,74
123.648415,187.09407,-51.680492,75
123.80811,189.80193,-51.31809,68
123.9596,192.56822,-51.764557,57
124.12048,195.2715,-51.331127,57
124.27917,197.99179,-51.128613,91
124.43223,200.76038,-51.51805,49
124.591255,203.484,-51.330288,63
124.73198,206.37589,-53.085648,36
124.872894,209.28398,-54.902466,33
124.98077,212.53966,-60.38746,26
125.0957,215.77296,-65.30941,29
125.15548,219.6526,-76.604675,44
125.2734,222.97649,-81.70661,47
125.40539,226.1839,-85.388664,48
125.544136,229.34647,-88.44111,54
125.68803,232.47588,-91.01889,58
125.83846,235.54655,-92.923874,74
125.993225,238.58047,-94.398735,67
126.152016,241.57494,-95.44924,65
126.31159,244.57426,-96.47786,81
126.471794,247.58047,-97.50231,71
126.6331,250.58449,-98.45019,88
126.79588,253.58028,-99.27798,90
126.95962,256.57352,-100.036964,104
127.12524,259.54742,-100.60352,81
127.29025,262.5461,-101.31734,86
127.45584,265.54874,-102.01786,98
117.27588,0.128983,128.20892,14
116.87341,1.304722,93.58208,16
116.90149,3.885364,85.82714,15
117.38539,8.571093,104.20313,15
118.00026,14.782127,126.54668,16
118.15109,17.272156,128.3008,15
114.84985,-0.001152,-53.45768,16
112.71617,-10.558717,-173.29398,15
113.21654,-3.364218,-163.50438,16
113.40703,-0.130407,-161.72432,15
114.30185,7.989037,-125.8581,17
114.89434,13.26142,-101.7264,15
119.616936,39.84511,151.05568,16
119.42115,40.473953,133.77437,16
119.443985,43.096004,125.168236,17
116.37129,32.13648,-64.30221,15
116.75683,36.005817,-50.41925,16
116.98948,39.136337,-45.214466,17
117.18571,42.08574,-42.070984,17
116.89932,42.989315,-67.42498,18
117.13924,46.146698,-61.826267,17
117.367165,49.231133,-56.8661,17
117.84681,53.25755,-36.56617,16
116.946846,52.08653,-100.311066,16
117.00795,54.620632,-105.87942,20
117.26125,60.18981,-109.116035,16
117.471146,63.24608,-105.52365,19
117.64704,66.182045,-104.053665,26
117.8283,69.12553,-102.22191,37
118.01644,72.0782,-99.92195,48
118.217514,75.052505,-96.74429,53
118.41613,78.00503,-93.68392,60
118.61182,80.93556,-90.774414,58
118.80806,83.852615,-87.78649,55
118.99667,86.7395,-85.278275,62
119.18208,89.60786,-82.9529,64
119.36523,92.460464,-80.75737,56
119.56592,95.327415,-77.29956,53
119.76647,98.1766,-73.79621,59
119.92583,100.96178,-73.193115,75
120.081825,103.74028,-72.83986,101
120.23844,106.51713,-72.44873,93
120.39076,109.28927,-72.38511,81
120.54147,112.06025,-72.45993,89
120.6881,114.83083,-72.860664,54
120.82938,117.60363,-73.701904,67
121.01395,120.37135,-71.22929,53
121.18356,123.13242,-69.89088,79
121.35101,125.887856,-68.71296,92
121.51655,128.63884,-67.67811,91
121.68897,131.37708,-66.08445,82
121.869415,134.0963,-63.81468,89
122.04236,136.81493,-62.13453,99
122.21281,139.5291,-60.644173,93
122.379036,142.24405,-59.494743,89
122.5447,144.95453,-58.38892,95
122.705215,147.67265,-57.725155,103
122.86311,150.39551,-57.302147,102
123.02113,153.11674,-56.878456,96
123.17768,155.84174,-56.59982,94
123.334236,158.56667,-56.338524,105
123.49173,161.28804,-56.007442,100
123.652275,163.99597,-55.40219,93
123.81508,166.69162,-54.589092,82
123.97924,169.37743,-53.648563,64
124.13759,172.0895,-53.27915,99
124.29825,174.78845,-52.693436,90
124.4581,177.49083,-52.20234,96
124.621414,180.17049,-51.364426,67
124.77668,182.9006,-51.371754,65
124.92841,185.65912,-51.79024,71
125.08252,188.40611,-51.992424,66
125.23718,191.15349,-52.16864,70
125.39575,193.87312,-51.942722,79
125.5533,196.60393,-51.861427,67
125.707146,199.37177,-52.233807,79
125.86273,202.12975,-52.44666,51
126.00983,204.98106,-53.727676,39
126.15238,207.89622,-55.64432,28
126.290215,210.88603,-58.258026,28
126.38697,214.39159,-66.253235,26
126.48741,217.92917,-74.12136,28
126.60159,221.36621,-80.52446,38
126.73213,224.64644,-85.01933,51
126.872475,227.83507,-88.3833,46
127.020325,230.95032,-90.87286,64
127.170975,234.05319,-93.11066,63
127.32699,237.09657,-94.693405,68
127.48718,240.0917,-95.76428,59
127.647446,243.10405,-96.91862,74
127.810684,246.07956,-97.69807,72
127.974205,249.06538,-98.51248,81
128.13713,252.08087,-99.51433,96
128.30284,255.05603,-100.14355,89
128.46945,258.02557,-100.689575,83
128.63663,260.99634,-101.20819,93
128.80348,263.99194,-101.87404,95
128.97032,267.0056,-102.6316,113
118.53234,0.995108,134.90216,16
118.48001,2.067982,126.04654,15
117.779976,-0.637273,79.25873,16
118.04334,3.533193,83.54239,15
118.3004,7.63312,87.566666,15
118.85376,12.89067,111.34867,15
118.76474,13.854364,99.811844,16
115.61458,-3.927267,-87.30477,16
114.39129,-7.612551,-173.79707,16
114.61347,-3.08674,-174.68631,15
115.739334,6.745884,-122.807396,16
118.4301,25.213163,22.887192,15
120.37722,38.72362,127.64481,16
120.70535,42.9353,136.84749,16
120.4332,43.1338,113.08337,17
117.39264,30.255527,-86.390755,16
118.1746,36.22297,-46.769802,16
118.3178,38.94949,-46.72044,17
118.28902,42.95541,-66.872444,18
118.859665,47.61379,-39.368942,17
118.72784,49.1325,-57.26025,17
118.32415,51.823647,-103.39704,16
118.531334,56.042625,-104.76622,21
118.789375,61.611355,-107.953636,17
118.969765,64.57751,-106.04548,18
119.146454,67.52173,-104.37564,27
119.34033,70.509926,-101.469765,30
119.518486,73.43789,-99.64572,47
119.71708,76.41265,-96.32138,53
119.911705,79.36074,-93.235794,51
120.10073,82.27991,-90.51449,52
120.291824,85.19004,-87.59744,52
120.477844,88.074905,-85.01926,59
120.65739,90.934425,-82.89374,65
120.83453,93.77877,-80.92643,50
121.03595,96.65003,-77.03892,50
121.22376,99.48341,-74.155815,62
121.38025,102.26613,-73.72455,85
121.53719,105.04666,-73.2661,94
121.69121,107.822395,-73.0524,83
121.84196,110.59504,-73.126335,73
121.99056,113.36724,-73.39934,81
122.13584,116.14051,-73.98494,58
122.29534,118.91512,-73.38666,49
122.46724,121.68225,-71.72093,66
122.638916,124.440704,-70.05539,85
122.80635,127.19387,-68.743095,88
122.972824,129.9413,-67.51135,80
123.14978,132.66827,-65.31103,83
123.32629,135.38403,-63.11721,92
123.49346,138.10538,-61.76404,96
123.66093,140.81902,-60.36991,92
123.82489,143.53394,-59.299667,87
123.98544,146.25291,-58.55909,92
124.144196,148.9741,-58.00149,97
124.300995,151.69984,-57.653046,94
124.45777,154.42514,-57.325233,98
124.614075,157.15178,-57.06035,94
124.7702,159.87946,-56.837414,95
124.92824,162.59883,-56.433537,97
125.08853,165.30612,-55.79907,86
125.24969,168.00664,-55.077053,80
125.41126,170.70218,-54.315823,86
125.571335,173.40436,-53.73377,94
125.73196,176.10117,-53.09469,81
125.89163,178.80316,-52.582436,103
126.05231,181.49704,-51.966534,79
126.208405,184.2258,-51.92177,64
126.362076,186.97853,-52.217316,70
126.517586,189.72049,-52.32148,54
126.672264,192.4752,-52.57699,65
126.827286,195.23273,-52.834404,70
126.9824,197.99564,-53.127125,67
127.137276,200.76848,-53.506706,44
127.291565,203.55624,-54.02543,48
127.437645,206.45581,-55.792336,29
127.57962,209.43147,-58.293423,27
127.71227,212.56584,-62.365913,29
127.815475,216.1769,-71.25084,26
127.920975,219.84752,-80.24543,42
128.06232,223.03616,-83.90159,40
128.20186,226.3008,-88.09367,46
128.35046,229.45416,-90.99646,52
128.50305,232.57213,-93.41008,56
128.66162,235.60583,-94.92708,67
128.82222,238.62198,-96.200836,53
128.98409,241.63371,-97.36232,61
129.14743,244.63402,-98.359406,66
129.31218,247.62128,-99.18975,76
129.47806,250.59882,-99.89003,88
129.64554,253.55205,-100.353096,79
129.81389,256.4959,-100.71064,83
129.9809,259.49704,-101.47292,84
130.1498,262.45853,-101.89574,102
130.3177,265.4725,-102.6705,106
119.55589,-1.194115,135.91116,16
119.63061,1.458724,130.40889,16
119.78679,4.05486,132.74394,15
119.2516,1.407842,95.290825,15
119.529816,4.96227,104.461006,16
118.98546,2.416755,65.63851,16
120.048,11.692442,120.97329,15
120.041885,13.108692,113.65114,16
117.71477,-1.00002,-37.10863,15
115.81732,-10.380078,-170.25719,16
115.950676,-7.468873,-171.73892,16
116.19725,-3.808873,-166.20808,15
118.50543,15.006726,-39.919884,16
118.82096,19.734386,-33.151222,15
121.172386,35.88237,110.08614,16
121.77562,41.85075,137.89186,16
120.14657,36.707882,8.997407,16
119.47367,35.851997,-50.54509,16
119.703735,39.044895,-44.53842,17
119.8623,41.845078,-43.392723,17
120.67944,49.855347,-5.674031,17
120.25067,49.793976,-46.13441,18
120.4525,53.808563,-47.059635,17
120.315186,55.30242,-67.643005,17
119.944984,55.90078,-105.9218,19
120.14064,60.075844,-108.36986,16
120.41,64.53759,-105.29438,16
120.538895,67.31825,-107.12835,20
120.76379,70.43157,-101.51573,39
120.9247,73.312256,-100.85412,35
121.11754,76.286156,-97.64106,50
121.30898,79.24025,-94.48839,49
121.49495,82.16417,-91.727745,53
121.68128,85.07529,-88.88918,48
121.866554,87.96967,-86.09434,53
122.04142,90.828,-84.133934,60
122.213425,93.6707,-82.389755,52
122.401184,96.53119,-79.257645,40
122.5956,99.385765,-75.48215,49
122.7594,102.1819,-74.36036,80
122.91463,104.96293,-74.00109,95
123.06699,107.739334,-73.92036,90
123.21758,110.51401,-74.02445,80
123.366516,113.28845,-74.31083,62
123.51358,116.06412,-74.80988,77
123.66764,118.84156,-74.669815,62
123.83864,121.611664,-72.89387,65
124.0112,124.37132,-70.93665,74
124.17765,127.12633,-69.56835,84
124.34534,129.8726,-68.0583,82
124.52158,132.59792,-65.639534,84
124.69522,135.31477,-63.451984,92
124.860466,138.0375,-62.12473,93
125.02527,140.75436,-60.829556,91
125.18804,143.4703,-59.750362,83
125.34766,146.19069,-59.01939,82
125.50526,148.915,-58.525085,91
125.661064,151.64462,-58.253307,94
125.81675,154.37497,-58.02394,85
125.972855,157.10368,-57.766434,85
126.12929,159.83112,-57.493027,88
126.28602,162.55743,-57.209225,90
126.44487,165.27155,-56.67836,84
126.60482,167.97777,-56.026276,88
126.765144,170.67917,-55.33054,78
126.92524,173.38017,-54.678093,88
127.087685,176.06105,-53.715626,77
127.24627,178.76996,-53.29271,81
127.405945,181.46968,-52.741135,73
127.56504,184.17389,-52.287575,54
127.71879,186.93263,-52.65966,65
127.871796,189.70717,-53.212387,64
128.02684,192.46722,-53.51005,61
128.18239,195.22873,-53.78923,67
128.33751,198.00348,-54.202785,58
128.49356,200.77466,-54.527863,46
128.64703,203.592,-55.36967,41
128.79536,206.50262,-57.226448,42
128.94098,209.48338,-59.744587,32
129.0765,212.67285,-64.38189,28
129.19008,216.3238,-73.64157,34
129.31065,219.95042,-82.123825,47
129.45937,223.1025,-85.3656,53
129.60439,226.38255,-89.67446,46
129.75891,229.5035,-92.23097,46
129.91545,232.61717,-94.57676,52
130.07669,235.64827,-96.04355,62
130.23932,238.6701,-97.343544,55
130.404,241.66005,-98.29215,60
130.56891,244.66927,-99.34511,64
130.7355,247.64894,-100.09191,65
130.90353,250.60022,-100.5621,74
131.0719,253.56015,-101.065346,77
131.24176,256.48105,-101.23105,84
131.41042,259.47134,-101.901924,90
131.57994,262.45056,-102.449615,96
131.75,265.42923,-102.957,105
120.54207,-3.039675,131.33049,15
120.7438,0.635849,133.14021,15
120.90648,3.973124,132.56819,15
120.5616,2.479052,103.90024,15
122.69315,21.136341,230.50887,16
120.111534,1.676809,60.27012,15
120.55548,6.661417,80.68925,16
121.3835,14.571242,126.259895,15
117.34657,-11.354048,-164.5557,15
117.14219,-9.972923,-194.04599,15
118.99083,5.303314,-79.49412,15
121.38283,24.031445,74.41153,15
119.68062,14.622515,-56.751366,15
122.52883,36.46403,128.95891,15
122.83441,41.453316,134.12723,17
121.7323,39.372086,26.603306,15
121.120995,39.35573,-39.54996,17
121.324646,42.41167,-34.770435,17
121.56491,48.538864,-43.541206,17
121.71571,51.290977,-42.86793,17
121.840706,53.90972,-44.267937,17
121.82599,55.857807,-57.05892,16
121.343704,55.674652,-108.55812,17
121.58008,58.92982,-101.565674,27
121.62362,63.56451,-123.650375,16
121.94401,67.13593,-109.4138,17
122.17918,70.32207,-102.27623,25
122.348595,73.2389,-100.77961,31
122.52158,76.159805,-98.95107,43
122.71021,79.12175,-95.67975,50
122.89257,82.04884,-92.92259,49
123.074036,84.95998,-90.192375,50
123.25375,87.85281,-87.58226,49
123.42659,90.71627,-85.57788,55
123.59612,93.56218,-83.86474,54
123.77198,96.411446,-81.50346,42
123.96602,99.27962,-77.29403,36
124.1356,102.09091,-75.45939,61
124.29225,104.87694,-74.91861,78
124.4439,107.655075,-74.907074,86
124.59438,110.43204,-75.04953,88
124.74521,113.20969,-75.18649,73
124.89336,115.98763,-75.647255,78
125.04759,118.76718,-75.47942,63
125.21453,121.54031,-73.90946,67
125.38573,124.30194,-71.8318,67
125.55183,127.0579,-70.30889,74
125.71805,129.80563,-68.751114,81
125.89398,132.52808,-66.004524,83
126.06488,135.2458,-63.806,87
126.22868,137.96892,-62.449463,100
126.39096,140.68933,-61.270973,89
126.55195,143.40796,-60.252823,84
126.71057,146.13026,-59.543446,81
126.867744,148.85559,-59.038734,82
127.022125,151.59218,-58.93717,91
127.17751,154.32509,-58.730816,79
127.33248,157.06102,-58.6143,84
127.48875,159.79079,-58.345097,80
127.646164,162.51395,-57.938522,83
127.803444,165.23778,-57.57607,86
127.96214,167.95105,-57.02025,81
128.12215,170.65245,-56.27436,77
128.28073,173.36441,-55.77803,83
128.44254,176.04475,-54.75519,71
128.60164,178.74876,-54.20471,76
128.7607,181.45251,-53.67997,73
128.91919,184.16278,-53.281925,48
129.0727,186.93726,-53.850155,57
129.2264,189.7202,-54.479317,63
129.38112,192.4991,-54.99135,47
129.538,195.25629,-55.162113,55
129.69331,198.04657,-55.729504,58
129.8496,200.83327,-56.198204,48
130.00473,203.6527,-57.013317,35
130.15573,206.57298,-58.933777,36
130.30963,209.46156,-60.36564,41
130.44191,212.87607,-67.45137,27
130.56938,216.51128,-76.465,30
130.706,220.03421,-83.80553,44
130.859,223.20432,-87.187454,44
131.0114,226.4545,-91.16007,42
131.16942,229.5921,-93.84052,48
131.3301,232.69078,-96.00982,57
131.49416,235.71107,-97.34551,60
131.65944,238.71713,-98.476555,64
131.82608,241.70055,-99.34375,57
131.99348,244.67871,-100.11212,55
132.16165,247.65077,-100.78032,78
132.33076,250.60284,-101.24351,78
132.50055,253.54214,-101.57003,67
132.67078,256.48016,-101.85919,77
132.84119,259.43787,-102.27102,84
133.01184,262.41586,-102.803474,98
133.18303,265.38644,-103.24627,105
121.46589,-4.979384,118.111946,16
122.03091,2.090973,144.08304,15
121.96059,2.672447,131.80064,15
122.533775,9.679805,159.0946,15
123.65197,20.790785,228.22803,15
121.47559,2.891813,70.40263,15
122.16887,10.252933,110.27609,15
122.64122,16.249619,131.24277,15
121.91375,11.469787,70.87683,15
118.62701,-14.251479,-175.84763,15
118.82164,-10.85803,-173.11559,15
120.15753,2.527199,-91.49623,16
121.97823,18.52891,33.996754,15
122.8605,27.588915,86.40367,15
122.896286,29.317116,79.76662,16
123.56221,35.73678,121.9562,16
123.69201,38.107674,122.921585,15
124.00631,41.793053,138.55496,17
123.20317,37.580482,64.78249,15
123.40982,41.346634,66.244865,17
122.395096,36.164776,-27.95672,17
122.602325,41.057537,-33.95456,17
122.78723,44.022205,-30.132998,17
122.87114,48.213005,-47.30615,17
123.04668,51.120674,-44.38675,19
123.15939,54.629345,-53.51684,16
122.95897,57.57709,-98.821266,17
123.0906,60.33217,-100.621765,25
123.31239,65.66764,-108.43541,16
123.487816,68.640045,-106.22458,17
123.68156,71.67834,-102.16075,22
123.85592,74.620605,-99.957466,33
124.02203,77.52086,-98.55548,36
124.20181,80.462296,-95.721375,49
124.38031,83.385605,-92.96711,45
124.556496,86.288414,-90.39864,48
124.730385,89.17185,-88.03062,47
124.89822,92.02755,-86.28423,52
125.06522,94.872345,-84.5993,51
125.241165,97.72712,-81.87653,38
125.425934,100.58436,-78.0742,34
125.59021,103.3907,-76.5816,52
125.747955,106.18093,-75.84867,65
125.89907,108.96064,-75.92935,83
126.04929,111.73994,-76.15515,92
126.19958,114.52026,-76.420715,88
126.35189,117.30202,-76.46607,79
126.509796,120.08224,-75.8216,66
126.67649,122.85308,-74.01432,70
126.84406,125.61334,-72.056656,72
127.00957,128.36612,-70.348076,83
127.1806,131.0993,-67.82247,86
127.35177,133.81825,-65.21891,85
127.51636,136.5403,-63.510754,94
127.67661,139.26674,-62.422756,96
127.836266,141.99013,-61.42868,86
127.99608,144.7079,-60.40427,89
128.15298,147.43433,-59.84576,82
128.3075,150.17172,-59.71056,87
128.46129,152.9147,-59.740887,87
128.6168,155.64926,-59.521034,80
128.772,158.38707,-59.395622,83
128.9283,161.11876,-59.123047,83
129.0857,163.84198,-58.67743,84
129.2431,166.5653,-58.265266,78
129.40128,169.28134,-57.734406,78
129.56007,171.9904,-57.10776,73
129.71944,174.69109,-56.37281,66
129.87921,177.3853,-55.576313,65
130.03824,180.08696,-54.9554,61
130.19511,182.82042,-54.87059,60
130.35214,185.55682,-54.820633,61
130.50693,188.33794,-55.40873,44
130.66237,191.12015,-55.95151,51
130.81789,193.91393,-56.595394,51
130.97478,196.69392,-56.99865,57
131.13228,199.47191,-57.33325,55
131.28973,202.26558,-57.820618,45
131.44513,205.13383,-59.142666,33
131.59875,208.08585,-61.32654,31
131.75185,211.10045,-64.06068,32
131.88254,214.98631,-76.02338,24
132.029,218.47108,-83.09311,38
132.18414,221.72285,-87.38543,34
132.34198,224.94905,-91.17947,30
132.50397,228.05434,-93.59224,49
132.66594,231.23824,-96.60906,42
132.83182,234.26234,-97.99215,52
132.99893,237.25432,-99.004326,60
133.16681,240.24036,-99.901634,56
133.33539,243.22125,-100.6988,70
133.50473,246.17932,-101.253334,71
133.67462,249.13252,-101.72896,64
133.84506,252.07278,-102.0654,77
134.0159,255.01033,-102.3521,76
134.18716,257.9351,-102.51333,91
134.35872,260.899,-102.94868,97
134.53067,263.86975,-103.403145,101
134.70306,266.8505,-103.897675,109
123.17374,2.385748,146.62946,15
123.15641,3.332575,137.09741,15
122.53871,-1.025513,78.192345,15
124.14534,15.853811,190.33963,15
122.64034,2.447795,67.383644,15
123.82939,15.625704,145.20277,15
123.80438,17.167175,129.90033,15
120.15001,-14.390891,-176.36557,15
120.41346,-10.339716,-167.7477,15
122.94091,13.836627,26.262268,14
123.73208,22.85504,75.90376,16
124.0183,26.666492,89.633484,16
124.08818,28.601912,85.25339,15
124.67174,36.146694,114.8268,15
124.74874,38.113007,111.18173,16
124.24378,36.20363,49.772102,15
124.292885,39.5804,30.764038,16
123.79127,37.409107,-28.230944,15
123.98827,41.336514,-29.316938,17
124.20008,45.366257,-29.053255,17
124.18806,47.01061,-43.973732,16
124.376274,50.914856,-46.448532,19
124.55183,55.668343,-57.788326,17
124.54382,58.461647,-81.54413,16
124.51459,60.25863,-100.57047,32
124.706505,64.35204,-104.391235,17
124.838036,67.10919,-106.66937,17
125.010574,70.07597,-104.4068,18
125.19611,73.09323,-100.60327,21
125.363754,76.01292,-98.79873,34
125.51998,78.87502,-98.31845,28
125.69092,81.7924,-96.07381,42
125.865715,84.71308,-93.31289,39
126.03645,87.60649,-90.9888,43
126.205025,90.48138,-88.89417,44
126.37049,93.33666,-87.15956,47
126.537674,96.187584,-85.16525,50
126.71053,99.04159,-82.36533,37
126.885284,101.885376,-79.23344,33
127.04789,104.69306,-77.717415,51
127.20426,107.48442,-77.07048,70
127.357086,110.26868,-76.95785,84
127.50793,113.05089,-77.17509,92
127.659225,115.83428,-77.378105,94
127.813995,118.61818,-77.09373,81
127.97431,121.39734,-75.95324,79
128.13873,124.16622,-74.13404,77
128.30408,126.92389,-72.121284,84
128.4713,129.66678,-69.73589,87
128.64131,132.38927,-66.791756,86
128.80602,135.11105,-64.698746,88
128.96602,137.83818,-63.420963,98
129.12419,140.5664,-62.476612,94
129.28241,143.29013,-61.533695,91
129.43904,146.01797,-60.903923,85
129.59442,148.75204,-60.569862,86
129.74826,151.49698,-60.60398,85
129.90271,154.24051,-60.57538,84
130.05807,156.97903,-60.40121,83
130.2136,159.7184,-60.25323,79
130.3699,162.45203,-59.973984,81
130.52663,165.1826,-59.64332,84
130.68407,167.90567,-59.1768,74
130.84212,170.62051,-58.58196,74
131.00006,173.3376,-58.06921,69
131.15875,176.04265,-57.375042,69
131.31743,178.7463,-56.70252,57
131.47543,181.46347,-56.2887,61
131.63228,184.21101,-56.36179,51
131.78937,186.96135,-56.453136,62
131.94554,189.74844,-57.047092,42
132.10248,192.53192,-57.530693,44
132.25966,195.32465,-58.08684,55
132.41747,198.1182,-58.599636,53
132.57541,200.92856,-59.270267,40
132.73349,203.76007,-60.13623,40
132.8906,206.68297,-61.995796,37
133.0469,209.71576,-64.9676,29
133.19518,213.4159,-75.06205,24
133.349,216.99608,-83.29036,29
133.5094,220.26668,-87.843636,37
133.67247,223.44481,-91.20465,37
133.8377,226.52444,-93.4079,47
134.00328,229.74968,-96.87394,39
134.17079,232.82936,-98.79526,43
134.33945,235.81554,-99.75771,54
134.50873,238.76598,-100.340836,52
134.67851,241.76036,-101.263245,72
134.84882,244.71985,-101.83254,72
135.01942,247.64067,-102.04082,61
135.19052,250.59058,-102.4615,77
135.36182,253.50987,-102.60611,84
135.53365,256.44934,-102.886856,92
135.70592,259.41132,-103.31352,100
135.87852,262.36124,-103.61798,94
136.05157,265.3229,-103.982315,102
123.22099,-11.106274,75.94194,15
124.17527,0.678512,142.84409,15
124.13028,2.205047,120.71584,15
123.58015,-2.762878,65.473495,16
124.161644,4.65624,103.96205,15
124.801094,14.164183,133.7245,15
124.69361,14.111821,114.3526,15
124.05098,9.170868,41.56519,15
121.89327,-10.809314,-171.24078,15
124.29129,14.664705,34.477528,16
124.88333,22.366777,71.848915,16
124.92228,23.969631,63.853436,16
125.342896,29.845032,86.42226,16
125.77226,36.9267,98.88461,16
125.2102,33.125923,29.772621,16
125.87437,40.377865,84.625,15
125.83791,41.36932,68.04875,16
125.33406,42.156593,-35.328396,17
125.52772,45.273483,-29.35825,17
125.58551,47.30953,-38.591923,18
125.70299,49.826942,-41.283966,21
125.866264,52.690598,-38.740788,18
126.05297,55.712936,-33.356377,17
126.05262,59.140335,-68.00787,15
125.94275,60.2134,-99.98474,21
126.10523,63.14043,-98.50206,29
126.33926,68.43071,-107.46096,17
126.62209,73.03455,-100.170364,17
126.786354,75.94894,-98.47596,24
126.94122,78.80743,-98.0722,28
127.09595,81.66169,-97.71356,26
127.264946,84.57676,-95.28282,26
127.43586,87.488365,-92.4977,31
127.60178,90.367325,-90.4041,39
127.764114,93.22329,-88.818214,50
127.928345,96.07707,-86.9051,50
128.09477,98.92748,-84.58601,44
128.26328,101.77154,-81.84733,33
128.42865,104.59539,-79.566376,40
128.5868,107.39564,-78.496315,60
128.74182,110.1863,-77.983894,78
128.89404,112.97194,-78.02123,89
129.04672,115.75778,-78.02859,89
129.20168,118.54326,-77.65113,82
129.35945,121.324776,-76.73434,90
129.52109,124.0965,-75.02447,88
129.68471,126.85508,-72.84262,90
129.85023,129.59653,-70.16023,90
130.01585,132.3221,-67.341835,86
130.17752,135.0471,-65.34789,88
130.33556,137.77785,-64.165115,92
130.49309,140.50558,-63.109715,98
130.64989,143.23305,-62.249527,94
130.80519,145.96799,-61.808018,81
130.96033,148.7042,-61.467815,83
131.11444,151.45117,-61.493813,85
131.26901,154.19797,-61.491962,80
131.4239,156.94475,-61.473278,84
131.5795,159.68666,-61.319107,80
131.7356,162.42465,-61.076073,82
131.89235,165.15504,-60.678783,81
132.04924,167.88463,-60.29114,73
132.2064,170.6119,-59.880466,74
132.364,173.33192,-59.359287,58
132.52173,176.05042,-58.84252,63
132.67996,178.75531,-58.125923,57
132.83813,181.46477,-57.5271,48
132.99501,184.23083,-57.83734,50
133.1528,186.97711,-57.812183,55
133.3101,189.7698,-58.435287,47
133.46825,192.54398,-58.741985,45
133.62646,195.3465,-59.38707,60
133.7853,198.14545,-59.926697,50
133.94438,200.97963,-60.850754,40
134.10403,203.82259,-61.805233,34
134.26395,206.78043,-64.02282,35
134.42453,209.9327,-68.28666,26
134.58688,213.54726,-77.35504,23
134.75215,217.1044,-85.28003,28
134.91916,220.4013,-90.055435,36
135.087,223.53381,-92.90052,35
135.256,226.66656,-95.5831,36
135.42606,229.8053,-98.17007,33
135.59645,232.8715,-99.935616,51
135.76657,235.838,-100.69229,46
135.93735,238.81537,-101.49439,66
136.1085,241.78836,-102.20575,68
136.27965,244.72354,-102.549,74
136.45084,247.63866,-102.6955,75
136.62291,250.59038,-103.11765,80
136.7949,253.5153,-103.293884,89
136.96735,256.44934,-103.519684,84
137.14014,259.38504,-103.73397,93
137.31317,262.31775,-103.903114,96
137.48727,265.29065,-104.345276,101
125.07231,-2.908387,133.89058,15
125.611946,5.141512,167.35814,15
125.06656,-0.807909,107.46675,15
125.024216,0.031989,87.16598,16
125.22728,3.443778,95.03918,16
125.62131,10.528661,104.49207,15
125.72334,12.684949,102.932396,15
125.74977,13.955667,93.74563,16
123.51538,-10.383731,-153.1484,15
124.999016,7.864692,-15.13887,16
125.80566,18.65757,48.93551,15
126.25906,24.785461,84.12547,15
126.05491,24.133806,41.64839,15
126.76242,33.42851,99.69214,16
126.86286,35.563553,97.47986,15
126.734055,35.300434,68.58441,16
126.9479,38.64498,79.12847,16
126.93886,39.691505,63.29472,16
126.995865,41.43745,54.952618,15
126.57638,39.15128,-21.244265,16
126.62792,41.6555,-41.11094,17
126.83089,44.94376,-32.96866,17
126.99625,49.279617,-48.44933,18
127.22504,52.761173,-36.50554,18
127.43175,56.75335,-37.167675,17
127.309616,58.866905,-97.1126,16
127.515205,62.982594,-100.11993,41
127.73378,66.3391,-89.56032,17
127.764046,68.301155,-108.626045,16
128.14456,74.54499,-96.09996,17
128.28467,77.31105,-98.034065,20
128.5059,81.53432,-99.24485,19
128.67477,84.47009,-96.274536,22
128.83922,87.369576,-94.02216,37
129.00293,90.254814,-91.84244,38
129.16536,93.12398,-89.84777,38
129.3262,95.97678,-88.122536,39
129.48672,98.819824,-86.41891,40
129.65047,101.66455,-83.9721,41
129.81352,104.49532,-81.59296,34
129.97192,107.30404,-80.196465,49
130.12775,110.1013,-79.379395,61
130.28177,112.89218,-79.03095,77
130.43576,115.68113,-78.734245,89
130.59033,118.46846,-78.35159,91
130.74731,121.251526,-77.3471,93
130.90678,124.02485,-75.62769,90
131.06732,126.78592,-73.534294,93
131.22964,129.52855,-70.78347,90
131.39146,132.25693,-68.03513,85
131.55057,134.98418,-66.05937,91
131.70749,137.71489,-64.77651,87
131.86377,140.44402,-63.711452,91
132.01903,143.17853,-63.070515,90
132.17407,145.91422,-62.577915,84
132.32874,148.65495,-62.322517,87
132.48305,151.40512,-62.377235,88
132.63774,154.15512,-62.401657,91
132.79277,156.90605,-62.43011,85
132.94832,159.65222,-62.319798,74
133.10434,162.3934,-62.09038,84
133.2607,165.13107,-61.79406,84
133.41731,167.86658,-61.46731,73
133.57428,170.59248,-60.970497,63
133.73141,173.32022,-60.539135,72
133.88872,176.0464,-60.10402,52
134.04628,178.7679,-59.610943,54
134.20395,181.48962,-59.147564,57
134.36174,184.2459,-59.24056,48
134.51985,187.00618,-59.369312,53
134.67834,189.79518,-59.883163,39
134.83725,192.55795,-59.980194,51
134.99677,195.37167,-60.73207,54
135.15672,198.17657,-61.30379,44
135.31749,201.02077,-62.308975,39
135.47887,203.87215,-63.32006,35
135.64267,206.87848,-66.05838,30
135.80975,210.05844,-70.5789,24
135.98361,213.60767,-78.87123,22
136.16078,217.22745,-87.42837,33
136.33475,220.53378,-92.246765,30
136.50685,223.66502,-95.02319,30
136.68051,226.83226,-97.99172,35
136.8534,229.91508,-99.9847,48
137.0258,232.94547,-101.37248,45
137.1969,235.89047,-101.900276,53
137.36916,238.87001,-102.69457,65
137.54083,241.8077,-103.07269,76
137.71274,244.74123,-103.38325,81
137.8849,247.67114,-103.63515,77
138.05734,250.60292,-103.87631,82
138.2296,253.51372,-103.92525,91
138.40234,256.434,-104.03171,82
138.57564,259.36487,-104.200005,92
138.74928,262.29916,-104.37243,91
138.92406,265.26147,-104.729034,98
126.78788,5.561438,193.69048,15
126.65464,4.276561,169.38785,15
126.37407,0.934775,129.15233,15
126.15039,-1.185119,87.491554,16
126.05665,-1.77055,64.64645,16
126.67327,7.911448,112.0938,16
126.785225,10.176615,111.61031,16
126.55331,7.737204,72.26481,16
126.67715,10.580317,65.43896,16
126.93421,16.422613,51.812645,15
127.00483,18.181717,45.07325,16
127.30044,23.291468,58.478905,15
127.37733,25.1315,52.3177,15
127.8423,31.909113,96.73448,16
127.86418,33.02561,83.66768,15
127.95514,35.46144,71.07468,16
128.20004,39.358513,87.98846,15
128.30553,41.530075,85.67944,15
128.22414,41.468193,56.115383,16
127.87998,39.409348,-34.207325,16
128.16037,44.80303,-33.93589,19
128.32272,48.308174,-41.630764,18
128.58302,52.88706,-33.406277,18
128.74945,55.843765,-28.875916,17
129.00381,60.300003,-20.888021,17
128.77913,60.66207,-115.89705,16
129.01584,64.356346,-99.62838,33
129.13234,66.88762,-106.47502,15
129.30853,69.97242,-101.52076,17
129.58257,74.65023,-91.555435,17
129.72139,77.37878,-94.169014,17
129.87256,80.2101,-94.195496,18
130.0173,82.9901,-95.812355,21
130.17082,85.83575,-95.46478,26
130.33008,88.71668,-93.71068,36
130.4886,91.58454,-92.09589,48
130.64653,94.440956,-90.59904,52
130.80446,97.28979,-89.06636,51
130.96385,100.13797,-87.05433,46
131.1234,102.977,-84.9167,44
131.28264,105.8046,-82.77326,42
131.43958,108.61521,-81.301506,45
131.5944,111.413994,-80.53478,60
131.74872,114.20798,-80.01006,73
131.9033,116.999176,-79.41337,84
132.05858,119.78684,-78.60835,91
132.21532,122.56718,-77.166466,86
132.37274,125.33716,-75.34639,87
132.5313,128.09071,-72.83875,83
132.69014,130.82602,-69.92421,82
132.84735,133.55707,-67.70912,82
133.00339,136.28648,-66.02926,85
133.15843,139.01962,-64.93808,87
133.31322,141.7528,-64.0765,85
133.46762,144.49327,-63.649784,76
133.62204,147.23674,-63.38941,83
133.77655,149.98756,-63.38952,84
133.93129,152.74342,-63.519783,80
134.08644,155.49419,-63.47428,88
134.24194,158.24399,-63.393394,84
134.3978,160.98837,-63.175003,79
134.55386,163.73479,-63.011604,78
134.71022,166.47806,-62.78238,76
134.86679,169.21553,-62.44363,63
135.0236,171.9524,-62.110275,62
135.18073,174.69313,-61.86212,62
135.33781,177.41418,-61.27902,47
135.49539,180.15439,-61.046566,55
135.65286,182.87305,-60.47628,44
135.81142,185.64136,-60.689404,47
135.97054,188.41954,-61.01382,53
136.12971,191.18437,-61.109707,37
136.28973,193.97215,-61.493046,46
136.451,196.7968,-62.315758,40
136.61293,199.631,-63.18787,38
136.7754,202.46826,-64.02435,41
136.94145,205.42165,-66.16783,32
137.11469,208.61186,-70.88488,28
137.48915,215.83286,-88.554085,25
137.66966,219.14438,-93.47574,27
137.84712,222.32616,-96.78493,33
138.0194,225.32234,-98.05375,39
138.19861,228.51648,-101.161125,45
138.3719,231.5133,-102.23027,59
138.54475,234.48407,-102.98983,67
138.71722,237.43326,-103.503456,70
138.8895,240.36813,-103.85117,70
139.06117,243.27773,-103.95107,73
139.23373,246.20435,-104.17385,67
139.40584,249.11137,-104.211136,73
139.57912,252.04291,-104.42858,79
139.75201,254.95831,-104.49596,90
139.92513,257.8719,-104.531425,88
140.09958,260.8156,-104.77857,89
140.27477,263.77014,-105.081085,88
140.45117,266.7505,-105.545135,93
127.74829,4.53828,171.65953,15
127.29001,-2.172789,89.51895,16
127.275826,-1.954696,73.045555,15
127.600365,4.021351,91.240364,15
127.792366,7.590153,100.72216,16
127.896545,9.728623,98.95737,15
127.76902,8.385968,57.777016,15
127.899574,10.961469,58.72607,16
128.13441,15.18778,74.32962,15
128.07973,14.818092,49.0867,16
128.25269,18.051352,56.040905,16
128.38583,20.650017,57.3253,15
128.4986,22.926222,55.5433,15
128.71494,27.064583,60.075752,16
129.06331,32.94373,95.91839,16
129.29903,38.122242,74.61362,16
129.56046,42.587643,98.84879,15
129.4253,41.438427,41.441303,16
129.42152,43.30071,-35.140686,19
129.53986,45.68809,-39.411633,19
129.68234,48.41758,-38.954254,18
129.91719,52.795753,-33.715717,19
130.11086,56.590794,-37.482914,17
130.313,60.102863,-23.097273,16
130.04417,58.251072,-160.84662,15
130.42986,64.17656,-101.72639,21
130.58855,67.130005,-99.6256,18
130.97932,74.40585,-95.76523,17
131.14502,77.41274,-91.221016,17
131.36455,81.574554,-93.45451,19
131.5124,84.364555,-94.73797,30
131.66458,87.19924,-94.6544,28
131.8182,90.044,-94.1399,41
131.97337,92.899254,-93.02741,52
132.13008,95.76188,-91.24157,52
132.28664,98.61516,-89.432396,47
132.44336,101.461525,-87.42825,48
132.59943,104.29444,-85.6393,37
132.75519,107.11713,-83.91533,44
132.90979,109.92638,-82.79294,52
133.06459,112.730255,-81.526215,59
133.21878,115.52662,-80.721596,66
133.37302,118.31879,-79.930824,76
133.52783,121.10518,-78.67298,81
133.68295,123.88227,-76.96756,80
133.83823,126.64655,-74.81087,83
133.99345,129.39403,-72.16408,79
134.14821,132.12871,-69.5821,75
134.30234,134.86337,-67.79242,80
134.45622,137.5954,-66.338196,82
134.61002,140.32892,-65.281654,84
134.76393,143.06871,-64.68795,77
134.91805,145.81374,-64.38076,79
135.07256,148.56506,-64.32093,74
135.22754,151.32411,-64.491,86
135.38266,154.07405,-64.35703,84
135.53813,156.82726,-64.31205,83
135.69388,159.57895,-64.21766,83
135.85008,162.33472,-64.212135,80
136.0062,165.07889,-63.936,71
136.16267,167.82552,-63.724037,70
136.31929,170.56735,-63.422405,56
136.47641,173.31578,-63.256203,58
136.63364,176.06087,-63.02913,44
136.79056,178.78894,-62.517677,44
136.94875,181.54367,-62.464294,49
137.1063,184.27538,-62.041733,39
137.26573,187.04861,-62.25525,45
137.42596,189.83408,-62.61088,45
137.58429,192.56429,-62.160454,53
137.74661,195.38712,-62.96003,39
137.91086,198.24733,-64.17032,36
138.07469,201.08867,-65.04874,38
138.24326,204.03343,-67.101006,29
138.41893,207.13367,-70.824875,26
138.60977,210.57034,-78.117935,23
138.81274,214.26576,-87.81182,22
139.00537,217.70357,-94.185875,23
139.18716,220.88258,-97.50463,29
139.36606,223.98555,-99.85989,28
139.54535,227.08788,-102.06898,48
139.7207,230.0945,-103.23166,64
139.89449,233.06023,-103.938194,70
140.06555,235.96109,-104.00332,73
140.23828,238.89214,-104.318405,72
140.41125,241.82265,-104.599106,71
140.58432,244.7494,-104.82006,74
140.75641,247.65103,-104.80685,83
140.92897,250.55754,-104.81918,85
141.10214,253.47142,-104.874916,87
141.27765,256.4296,-105.2581,86
141.45088,259.33566,-105.214325,92
141.62613,262.27927,-105.438286,93
141.80263,265.2435,-105.78993,88
128.74077,2.859739,175.53009,16
128.79869,4.104877,161.10544,15
128.45227,-2.618719,95.49113,15
128.25974,-6.319235,49.91393,16
128.26457,-6.150301,32.094692,16
128.67685,1.993898,75.8782,15
128.9137,6.694312,94.06024,15
129.02252,8.884878,92.5758,15
128.98465,8.232599,57.02774,16
129.08543,10.256994,53.202442,16
129.28377,14.182065,66.00429,15
129.44836,17.487444,51.41219,16
129.49261,18.411842,24.547297,15
129.7692,23.837635,53.024036,16
129.91057,26.623098,56.24915,16
130.17096,31.720846,83.80333,16
130.35017,35.241848,83.22791,16
130.32664,34.80047,51.55198,15
130.54547,39.07012,72.413864,15
130.62141,40.554028,61.382164,16
130.67966,41.689842,45.353897,15
130.68356,41.762383,14.711576,15
130.5757,39.655262,-46.799465,16
130.74103,42.85659,-40.229744,18
130.87834,45.50726,-40.95468,19
131.02736,48.38041,-38.441483,18
131.25452,52.749397,-33.31998,18
131.3885,55.315247,-35.17606,19
131.53107,58.041985,-34.437412,17
131.62186,59.7509,-51.800957,17
131.657,60.36293,-91.44884,15
131.85579,64.12163,-101.28664,17
132.01166,67.07677,-99.127396,22
132.16197,69.916695,-99.30573,17
132.3936,74.2861,-96.849396,17
132.62811,78.699295,-92.59816,18
132.77805,81.50623,-93.21959,22
132.92935,84.33406,-93.25129,25
133.08083,87.15883,-93.379974,34
133.2319,89.9686,-94.10257,33
133.38487,92.81021,-93.58481,45
133.53873,95.66431,-92.29677,48
133.69293,98.519714,-90.53093,46
133.84676,101.36121,-89.05215,46
134.00041,104.19336,-87.680916,46
134.15427,107.02439,-85.660904,40
134.30766,109.839645,-84.346725,43
134.461,112.64862,-82.86793,51
134.61427,115.449005,-81.82014,63
134.76761,118.24394,-80.89233,66
134.92084,121.032486,-79.50059,72
135.07385,123.81204,-77.82753,71
135.22649,126.57994,-75.812416,76
135.37836,129.32979,-73.126564,73
135.53006,132.06995,-70.743576,72
135.68184,134.8051,-68.79448,71
135.83401,137.54013,-67.35529,78
135.98663,140.27663,-66.31103,80
136.13994,143.01938,-65.725174,78
136.29378,145.76521,-65.3487,78
136.4485,148.52023,-65.32803,75
136.60394,151.28241,-65.5132,86
136.75912,154.03535,-65.38999,77
136.9146,156.78775,-65.25276,79
137.07066,159.54494,-65.23323,74
137.22697,162.30136,-65.18195,65
137.38327,165.0531,-65.01623,71
137.54,167.80655,-64.88639,61
137.69635,170.54878,-64.53267,51
137.85403,173.30891,-64.53024,57
138.01132,176.05736,-64.30392,41
138.16841,178.79681,-63.92811,47
138.32748,181.56625,-64.05376,44
138.48486,184.3014,-63.619923,43
138.64503,187.07982,-63.849365,40
138.80568,189.86127,-64.08759,42
138.96509,192.6173,-63.940563,37
139.12886,195.44289,-64.716064,33
139.29483,198.30232,-65.85784,35
139.46188,201.17532,-67.07649,37
139.63773,204.19498,-69.96999,28
139.81604,207.25175,-73.100655,24
140.03214,210.9519,-83.317505,23
140.24579,214.60606,-92.41381,22
140.44374,217.98596,-98.044586,25
140.62465,221.07034,-100.27591,35
140.80374,224.11884,-102.00821,35
140.98302,227.16615,-103.621544,49
141.1582,230.13945,-104.42678,67
141.33319,233.10464,-105.100266,61
141.50185,235.95801,-104.70397,76
141.67575,238.89673,-105.07206,79
141.8485,241.8122,-105.20567,71
142.02078,244.71545,-105.21373,60
142.19398,247.63115,-105.30948,77
142.36916,250.57661,-105.62836,84
142.54152,253.47046,-105.50871,88
142.71686,256.41174,-105.748695,88
142.89085,259.32614,-105.758705,89
143.06757,262.28455,-106.08301,93
143.24428,265.23856,-106.349014,86
129.70544,0.352145,158.3654,16
129.85483,3.549649,165.40794,15
129.6224,-2.501272,105.443596,16
129.50677,-5.779699,63.67089,15
129.61526,-4.158468,38.17562,16
130.04875,5.96625,98.17242,14
130.17152,8.465324,99.275665,15
130.20703,8.197993,57.28165,16
130.30746,10.093087,52.349514,15
130.54732,14.839842,50.46496,15
130.70297,18.118856,57.868946,16
130.75224,18.267206,23.801802,15
131.06026,25.113743,54.097473,15
131.28557,29.82561,64.694565,15
131.32701,30.046782,40.95718,16
131.41463,31.471039,29.124554,16
131.64684,36.338608,41.594837,15
131.8631,40.78312,50.18339,16
131.9149,41.101887,23.312653,15
131.99864,42.272587,5.637372,16
132.07419,42.41687,-45.247833,18
132.22403,45.42136,-41.149315,22
132.36967,48.298462,-38.587715,17
132.58922,52.651035,-33.73695,20
132.72333,55.14272,-36.818012,19
132.91232,58.40367,-50.24991,18
132.99095,58.747986,-93.71378,15
133.14212,61.671165,-92.03967,16
133.43127,66.92633,-100.70824,19
133.58168,69.75872,-101.15148,17
133.73988,72.98978,-92.01988,16
133.88794,75.69024,-95.291046,17
134.03812,78.47051,-96.8161,18
134.19019,81.36697,-95.09948,21
134.34203,84.25107,-93.47069,23
134.49364,87.08789,-93.190956,25
134.6455,89.915306,-93.20285,27
134.79779,92.730644,-93.7254,32
134.95,95.57924,-92.729774,38
135.10219,98.424904,-91.58472,40
135.25441,101.263176,-90.51011,39
135.40634,104.099976,-89.07903,47
135.55815,106.92991,-87.56103,46
135.70961,109.752975,-85.865456,43
135.86108,112.56649,-84.28349,50
136.01308,115.37075,-83.1801,56
136.16512,118.16923,-82.10531,56
136.31667,120.960945,-80.68903,63
136.46762,123.74367,-79.00492,62
136.61745,126.51325,-76.811134,70
136.76624,129.26767,-74.28511,71
136.91496,132.01091,-71.894104,68
137.06442,134.7495,-69.96325,72
137.21489,137.48735,-68.505,68
137.36665,140.22964,-67.584984,72
137.51917,142.97334,-66.900604,75
137.6729,145.72363,-66.574745,73
137.82785,148.48213,-66.56356,73
137.98329,151.2425,-66.59421,75
138.13866,153.99931,-66.50081,74
138.29474,156.76012,-66.50901,73
138.4509,159.51935,-66.459404,74
138.6072,162.2762,-66.34268,72
138.76395,165.03526,-66.271255,66
138.92091,167.79343,-66.1712,54
139.07704,170.53831,-65.80329,54
139.23567,173.30878,-65.93213,50
139.39288,176.05937,-65.67815,45
139.55084,178.81523,-65.51976,49
139.70934,181.5744,-65.411095,38
139.86806,184.33293,-65.28533,43
140.02766,187.09915,-65.26759,36
140.18929,189.88766,-65.55464,34
140.35089,192.6737,-65.76993,34
140.51668,195.51108,-66.63944,34
140.6848,198.37726,-67.80428,34
140.85649,201.28911,-69.44496,32
141.04053,204.36548,-72.95017,26
141.23343,207.56291,-77.63688,22
141.46248,211.25417,-87.62545,19
141.68733,214.8949,-96.45579,22
141.8833,218.14363,-100.57305,29
142.06822,221.24013,-102.86282,44
142.24625,224.23926,-104.027664,45
142.42354,227.22655,-104.99909,60
142.5991,230.18669,-105.64408,77
142.77162,233.10135,-105.814865,61
142.94264,235.99184,-105.741554,78
143.11528,238.90228,-105.8339,74
143.28828,241.8147,-105.92398,76
143.46078,244.7174,-105.911835,78
143.6339,247.6256,-105.93081,75
143.80946,250.56693,-106.20369,78
143.98361,253.48433,-106.259384,79
144.15855,256.411,-106.370895,83
144.33379,259.33905,-106.47369,84
144.51077,262.2902,-106.73062,82
144.68776,265.23874,-106.94426,95
130.75209,-1.032598,149.0764,15
130.9601,4.291767,171.1075,15
130.68231,-7.084954,54.464207,16
130.76598,-6.612652,29.573938,15
131.09358,2.599148,81.592705,15
131.33937,8.475138,99.8529,15
131.45497,10.788113,99.49814,15
131.50618,9.0242,43.697025,15
131.63225,11.570555,44.092453,15
131.75368,13.94264,42.94713,16
131.9683,18.704247,52.43665,15
132.05939,19.888783,40.047928,15
132.16322,21.50655,31.298286,16
132.36345,27.01276,61.51981,15
132.52841,29.800491,52.248135,16
132.65118,32.16141,51.10236,15
132.78548,33.32012,22.193834,16
132.90524,35.37273,16.445826,15
133.05989,39.169865,31.455427,15
133.15594,39.88533,8.946235,15
133.28485,42.26814,6.470848,15
133.4095,44.33748,-0.363067,17
133.50433,44.251137,-37.622055,19
133.64272,46.878002,-38.593643,20
133.92485,52.52787,-34.539303,21
134.14189,57.59793,-17.120682,19
134.4037,57.971447,-106.501884,16
134.62962,62.28297,-106.36256,16
134.78032,65.2192,-104.94874,17
134.93034,68.22922,-101.73041,18
135.0795,71.24229,-98.02468,17
135.23058,74.06157,-98.631714,17
135.4557,78.40218,-96.59185,17
135.6066,81.25391,-96.19066,18
135.75522,84.17227,-93.551796,19
135.90569,87.024185,-92.74766,21
136.0581,89.83782,-93.24948,22
136.20737,92.70768,-91.410065,24
136.36151,95.50559,-92.599335,27
136.51222,98.349556,-91.53439,36
136.66467,101.17457,-91.33072,40
136.81442,104.01586,-89.720215,47
136.96286,106.85365,-87.58521,42
137.11208,109.6768,-85.89753,45
137.26167,112.49008,-84.41011,45
137.4128,115.29429,-83.52849,49
137.56517,118.094154,-83.05029,58
137.71686,120.89057,-82.27256,54
137.86581,123.67756,-80.58561,56
138.01283,126.45104,-78.346825,59
138.15845,129.20937,-75.792274,61
138.30351,131.95374,-73.184875,63
138.45082,134.6966,-71.30148,64
138.59966,137.43869,-69.87722,61
138.75055,140.18497,-68.97156,62
138.90247,142.93272,-68.30304,66
139.05602,145.68645,-67.9676,70
139.2108,148.44571,-67.8592,70
139.36612,151.20644,-67.79624,70
139.52217,153.97055,-67.82161,75
139.67842,156.7339,-67.80534,75
139.83511,159.49892,-67.815025,62
139.99165,162.26022,-67.72002,64
140.14867,165.02298,-67.64959,62
140.30655,167.7911,-67.68122,60
140.46297,170.5437,-67.38678,45
140.6223,173.31995,-67.546646,51
140.77858,176.06567,-67.13036,48
140.93762,178.83446,-67.12667,40
141.09619,181.59584,-66.98613,43
141.25566,184.36378,-66.94252,39
141.4178,187.15616,-67.250626,37
141.58017,189.94916,-67.528336,36
141.74101,192.72415,-67.51857,45
141.91124,195.59612,-68.78972,33
142.08116,198.46504,-69.91836,33
142.26149,201.44716,-72.36869,28
142.45497,204.57703,-76.43003,24
142.6813,208.07925,-84.58088,21
142.90454,211.5588,-91.965256,20
143.1371,215.15498,-100.18505,21
143.33286,218.33855,-103.50293,37
143.5117,221.32863,-104.60653,45
143.68796,224.28757,-105.31904,50
143.86375,227.23929,-105.90685,55
144.04022,230.1977,-106.51299,78
144.21208,233.099,-106.53842,65
144.38402,235.9994,-106.53861,71
144.5561,238.89865,-106.51308,71
144.72957,241.81218,-106.59724,75
144.90369,244.73183,-106.71524,71
145.07736,247.64375,-106.748405,74
145.25237,250.56987,-106.88074,77
145.42534,253.46846,-106.77327,79
145.60121,256.40088,-106.91926,76
145.77838,259.3483,-107.16002,85
145.95538,262.29138,-107.343506,80
146.13466,265.2622,-107.70978,97
132.12906,10.911937,233.03203,15
132.34526,17.042202,255.47139,16
131.87283,-8.839157,41.93958,16
132.21863,1.066074,79.54271,16
132.31516,2.336462,70.52364,15
132.48152,7.206748,90.132324,15
132.65329,12.538156,114.419655,15
132.7029,8.884583,53.727837,15
132.8243,11.258485,52.842335,16
132.94977,13.870001,54.050117,16
133.13768,17.770285,55.845097,16
133.27148,17.510094,17.819849,15
133.36264,16.939154,-13.102919,15
133.52287,22.052097,11.91135,16
133.75636,30.043087,55.502262,16
133.88358,32.846325,59.25856,16
133.98296,31.673143,18.754608,16
134.10942,33.61257,11.680792,16
134.24194,36.556694,16.13082,15
134.36835,37.440502,-4.430641,15
134.56892,40.92766,-9.960314,15
134.70312,43.86668,-5.734248,18
134.9163,45.41437,-39.20439,22
135.05351,48.42315,-34.63831,18
135.18867,51.51943,-28.347507,19
135.39072,55.94774,-21.377026,19
135.5268,58.70303,-19.532824,19
135.81596,58.805622,-89.88668,17
136.05261,62.509895,-100.386925,17
136.27773,66.78757,-100.39699,16
136.42587,69.69686,-99.081726,19
136.57158,72.6524,-96.469635,16
136.79437,76.966995,-94.98125,18
136.94745,79.76486,-96.02165,17
137.0879,82.74952,-91.44207,17
137.38326,88.46669,-88.85451,19
137.53226,91.30214,-88.059135,21
137.67659,94.16882,-85.620674,24
137.82959,96.96558,-86.14105,25
137.9856,99.75196,-87.43995,28
138.14009,102.554085,-88.0793,33
138.29082,105.37316,-87.491615,37
138.43979,108.19354,-86.37518,41
138.5889,111.00782,-85.27968,48
138.73941,113.81506,-84.54133,59
138.89255,116.61799,-84.41286,57
139.04538,119.41999,-84.14215,47
139.1958,122.217834,-83.24912,45
139.34114,125.00282,-81.215065,49
139.4843,127.77308,-78.755066,53
139.6262,130.52827,-76.11288,53
139.76993,133.27672,-73.92431,55
139.91513,136.02003,-72.081215,58
140.06335,138.76643,-70.84622,60
140.21396,141.517,-70.055534,58
140.3667,144.27332,-69.63264,61
140.52028,147.03069,-69.3095,61
140.67567,149.79532,-69.2567,59
140.8314,152.56001,-69.19564,68
140.98784,155.3274,-69.20043,65
141.1452,158.0988,-69.28942,62
141.301,160.85873,-69.074326,53
141.45972,163.63625,-69.26506,54
141.61757,166.40631,-69.25734,48
141.77434,169.16681,-69.040115,57
141.93457,171.95084,-69.27878,36
142.09267,174.71689,-69.14857,43
142.2482,177.46106,-68.63364,38
142.40858,180.24052,-68.73366,47
142.56743,183.0058,-68.58185,37
142.72755,185.77957,-68.55576,41
142.89323,188.59853,-69.178345,35
143.0556,191.38828,-69.32488,33
143.22289,194.22021,-70.01902,36
143.39485,197.09402,-71.19854,31
143.57803,200.07196,-73.60506,25
143.77205,203.15463,-77.12533,21
144.0044,206.60597,-84.794014,20
144.26674,210.36096,-95.47757,18
144.49245,213.78227,-101.774284,23
144.69089,216.94766,-104.90793,33
144.87079,219.933,-105.94794,49
145.047,222.88148,-106.535446,52
145.22,225.79639,-106.74007,59
145.39626,228.74309,-107.22814,73
145.56813,231.64323,-107.2331,72
145.74043,234.54582,-107.24528,65
145.91142,237.43271,-107.09955,76
146.08466,240.34114,-107.1351,70
146.25914,243.26117,-107.253365,70
146.4337,246.18054,-107.345924,67
146.60695,249.08337,-107.283165,72
146.78226,252.0074,-107.37908,76
146.95897,254.94505,-107.56377,73
147.13606,257.8856,-107.74878,74
147.31474,260.84262,-108.03601,71
147.49385,263.8033,-108.32486,89
147.67143,266.74493,-108.4498,87
133.21848,15.658672,259.8125,16
133.029,-12.314064,26.173548,15
133.25438,-4.990384,52.494003,15
133.40256,0.125131,72.76951,16
133.81393,14.551255,131.48991,15
133.91394,6.36711,32.85522,15
134.04861,10.767517,49.135563,16
134.17667,14.433084,59.654896,15
134.29225,14.376352,36.69417,15
134.42146,19.311872,59.35366,16
134.54378,20.021824,42.60102,16
134.66568,25.629362,73.26677,16
134.86993,22.216545,1.079668,16
135.0365,31.70386,60.824184,15
135.1727,32.368435,41.233273,15
135.3174,32.7982,17.80764,15
135.45894,34.257076,4.983741,15
135.69696,35.205837,-31.011726,15
135.85994,36.258404,-51.680687,15
136.09581,43.87224,-22.475853,17
136.25594,45.527683,-36.584118,21
136.38817,48.468254,-32.92115,21
136.51631,51.501743,-27.52578,18
136.66507,53.844807,-32.641365,20
136.8406,58.717854,-18.07648,17
137.00456,63.60841,-1.045726,16
137.46529,62.63523,-96.421005,18
137.66049,67.36353,-86.50279,15
137.92595,70.99339,-100.25178,17
138.02658,74.46473,-84.84761,16
138.28577,78.301605,-95.15215,18
138.42708,81.22508,-92.513885,17
138.56514,84.15772,-89.11536,17
138.7123,87.00097,-88.20653,18
138.86215,89.82173,-87.964836,19
139.00955,92.6563,-87.05392,20
139.15645,95.4883,-86.01712,20
139.30971,98.28906,-86.39906,24
139.46747,101.07823,-87.656204,32
139.6242,103.878395,-88.54837,34
139.78416,106.67774,-89.97736,39
139.9284,109.50854,-88.13657,40
140.07384,112.32834,-86.55003,42
140.22331,115.138145,-85.74363,34
140.37654,117.944084,-85.60194,34
140.52913,120.7488,-85.29481,40
140.67755,123.54749,-84.21425,43
140.81969,126.33153,-82.05384,44
140.95837,129.09853,-79.37325,45
141.09915,131.85722,-77.09773,44
141.23955,134.60402,-74.80954,50
141.38419,137.35237,-73.21944,52
141.53275,140.10588,-72.23597,55
141.6823,142.85796,-71.38945,53
141.83548,145.61978,-71.053116,52
141.99088,148.38837,-70.98509,54
142.14658,151.15707,-70.91485,56
142.30402,153.93243,-71.0293,54
142.46082,156.70407,-71.0093,53
142.61888,159.48096,-71.10513,53
142.77408,162.24107,-70.78046,49
142.93259,165.01776,-70.84115,45
143.09142,167.7951,-70.88961,35
143.2493,170.56526,-70.775215,37
143.40761,173.33667,-70.67738,40
143.56795,176.11916,-70.76988,39
143.72592,178.88452,-70.54491,41
143.88815,181.6774,-70.770874,36
144.04324,184.4186,-70.154,39
144.20883,187.2324,-70.658745,46
144.37886,190.07927,-71.58484,39
144.54276,192.88066,-71.79343,31
144.71745,195.76457,-73.076485,29
144.89532,198.67574,-74.608055,26
145.09702,201.78033,-78.43948,25
145.33336,205.1766,-85.538734,23
145.6159,208.97397,-96.8815,17
145.8538,212.42435,-103.57527,21
146.05112,215.54309,-106.19969,36
146.23102,218.51642,-107.09823,45
146.40836,221.4673,-107.696686,64
146.5809,224.37561,-107.8144,59
146.75348,227.28284,-107.90042,73
146.92754,230.20187,-108.07913,65
147.09792,233.08601,-107.905754,58
147.27051,235.98868,-107.89469,77
147.443,238.88853,-107.84366,82
147.61743,241.80574,-107.931274,74
147.79123,244.71477,-107.92964,74
147.96777,247.6493,-108.12571,68
148.144,250.57947,-108.2628,76
148.32068,253.51292,-108.40557,79
148.4987,256.45877,-108.62408,72
148.67513,259.38715,-108.6858,69
148.85434,262.34283,-108.93522,78
149.0344,265.30643,-109.21887,82
134.12541,14.519835,258.9765,15
134.2235,17.615643,267.21533,15
134.30183,-8.427464,55.168285,16
134.42491,-4.291378,67.52634,16
134.65085,17.09861,196.09319,15
134.88127,13.220018,130.38344,15
134.99242,15.692549,132.04126,16
135.30365,7.144636,18.169977,16
135.45264,15.838408,61.83868,16
135.57063,18.670338,65.37273,15
135.68352,21.852766,72.422844,16
135.78778,25.51938,84.56268,16
135.8895,29.085665,96.36294,16
136.06506,32.702316,97.300125,15
136.31508,32.701164,59.098183,15
136.5342,30.95164,12.214557,15
136.60231,36.005913,40.821762,16
136.9548,34.070816,-27.659853,15
137.1245,35.67419,-40.995808,16
137.24457,38.914932,-34.110325,15
137.41046,43.994278,-19.849367,17
137.58913,45.630524,-34.11575,22
137.71977,48.481373,-31.675251,22
137.84346,51.451267,-27.20511,17
138.00572,53.663235,-34.38406,20
138.14252,56.38559,-33.710686,17
138.23128,62.21548,-1.53597,17
138.57118,64.29108,-36.168873,17
138.9402,64.196304,-92.06313,18
139.12852,66.58455,-101.44947,16
139.4283,72.301636,-101.20613,17
139.70822,78.17373,-96.5629,16
139.81818,81.293365,-88.24138,17
140.01404,83.82718,-97.27639,17
140.27899,89.69238,-90.0261,18
140.42068,92.55222,-88.2654,21
140.57251,95.364784,-88.32829,22
140.71397,98.21088,-86.52736,21
140.86801,101.01398,-86.89115,29
141.02005,103.824066,-86.838135,29
141.1793,106.62247,-87.90122,34
141.32455,109.443565,-86.64656,32
141.47212,112.25625,-85.753654,30
141.62206,115.06343,-85.19817,39
141.7845,117.86859,-86.46258,38
141.94168,120.677765,-86.85086,42
142.09088,123.482285,-86.05275,38
142.23343,126.27479,-84.309975,41
142.37094,129.05096,-81.90466,40
142.50636,131.81146,-79.25879,41
142.64423,134.56435,-76.98699,42
142.78612,137.31615,-75.27057,47
142.93372,140.07504,-74.28519,45
143.08157,142.82982,-73.32407,47
143.23639,145.60234,-73.19457,42
143.39142,148.3743,-73.0516,44
143.54683,151.14629,-72.91393,44
143.7059,153.93137,-73.15599,47
143.86333,156.70958,-73.16257,43
144.02016,159.48405,-73.05723,42
144.17638,162.2544,-72.85115,46
144.33488,165.03409,-72.856384,39
144.49272,167.80911,-72.7478,32
144.65355,170.59854,-72.91694,27
144.81311,173.38036,-72.908516,32
144.9712,176.15279,-72.71625,33
145.13338,178.94711,-72.89808,34
145.29227,181.72107,-72.714966,39
145.44762,184.4714,-72.15994,33
145.61368,187.28625,-72.601295,37
145.78711,190.14929,-73.68832,32
145.95027,192.94608,-73.75626,30
146.13313,195.8758,-75.58594,28
146.3214,198.84726,-77.81356,27
146.53996,202.03877,-82.630585,21
146.83119,205.76752,-93.62908,17
147.23436,211.17116,-106.6385,19
147.419,214.16971,-107.87429,39
147.59415,217.09775,-108.25409,47
147.77338,220.05739,-108.930824,50
147.94438,222.95273,-108.89275,59
148.11679,225.85771,-108.93667,76
148.28632,228.73775,-108.71919,61
148.45634,231.6203,-108.521454,56
148.62965,234.52823,-108.55246,78
148.80696,237.46854,-108.85886,76
148.98027,240.37436,-108.8321,77
149.15498,243.2907,-108.88143,79
149.33072,246.21497,-108.979805,67
149.50642,249.13802,-109.049225,73
149.6841,252.07747,-109.23318,67
149.86371,255.03345,-109.52495,68
150.04185,257.97562,-109.68353,74
150.22166,260.9323,-109.93103,78
150.3985,263.86105,-109.94719,79
150.57527,266.788,-109.93529,82
135.13036,15.017745,256.00824,16
135.2153,18.38583,266.22794,15
135.567,-4.666526,74.29591,15
135.68927,-2.654335,71.12735,15
135.71422,14.750957,178.23514,16
135.8686,12.940884,146.7413,16
135.99258,14.113617,138.13768,15
136.11263,15.750033,133.01775,16
136.48033,7.647034,34.128036,15
136.60118,14.792907,64.020485,15
136.75742,15.608832,49.159317,15
136.82121,24.34129,96.60247,16
136.99272,28.040714,98.27211,15
137.39452,20.656937,-0.115577,15
137.15698,34.98545,121.67528,15
137.95006,23.99116,-49.457767,15
137.89351,34.655766,26.053646,16
138.11229,35.088257,1.134666,15
138.3329,35.763508,-22.417803,15
138.52208,37.33339,-36.20564,15
138.6527,40.15759,-34.492237,16
138.6857,44.690712,-9.42442,18
138.91931,45.676926,-32.44661,22
139.04372,48.56321,-29.424967,22
139.18182,51.228573,-29.506742,18
139.41505,54.89667,-34.95942,19
139.55714,57.54474,-35.5474,17
139.6406,60.853546,-24.454447,17
139.74557,63.851334,-18.038984,17
139.93507,65.99124,-27.734087,18
140.29803,66.67419,-68.54853,16
140.64227,67.819885,-103.95618,16
140.87994,81.34894,-44.53037,16
141.5318,85.060486,-100.937416,17
141.62093,88.17016,-91.3637,17
141.76173,91.03114,-89.80697,18
141.89879,93.89529,-87.7175,19
142.05139,96.70444,-87.876495,20
142.18066,99.569595,-84.72148,21
142.31816,102.40092,-82.76737,23
142.46881,105.20122,-82.60454,25
142.63503,107.98282,-84.44869,29
142.80013,110.77565,-86.03246,35
142.96739,113.57619,-87.78379,48
143.13275,116.38627,-89.192696,38
143.28879,119.20166,-89.36054,38
143.43835,122.01444,-88.70442,33
143.58154,124.81847,-87.272736,35
143.722,127.612015,-85.52251,38
143.85725,130.38948,-83.19563,38
143.99176,133.15419,-80.8181,38
144.12846,135.91156,-78.71867,40
144.26944,138.66815,-77.11119,38
144.4169,141.43271,-76.2042,39
144.56651,144.19844,-75.51331,36
144.72305,146.98074,-75.52242,32
144.87624,149.75183,-75.149155,37
145.03651,152.5444,-75.45877,34
145.1956,155.33347,-75.60662,32
145.35057,158.10664,-75.30771,39
145.50723,160.88464,-75.14577,31
145.66512,163.66621,-75.06661,33
145.82684,166.46321,-75.309784,29
145.98537,169.2458,-75.21682,30
146.14088,172.01299,-74.81892,26
146.303,174.80977,-74.984474,37
146.46413,177.6014,-75.02869,32
146.62173,180.37375,-74.729416,30
146.783,183.16365,-74.71857,34
146.94623,185.96329,-74.841385,26
147.11656,188.80295,-75.52778,27
147.29178,191.67235,-76.566986,26
147.47365,194.58415,-78.09431,25
147.65738,197.51143,-79.70085,28
147.89378,200.7726,-85.437195,22
148.36497,206.45117,-102.85672,17
148.58781,209.68152,-107.01913,19
148.78864,212.77615,-109.36633,39
148.965,215.71028,-109.7847,47
149.13686,218.6131,-109.8266,54
149.30801,221.50998,-109.78765,44
149.48128,224.42068,-109.87513,66
149.65181,227.31062,-109.73688,62
149.81984,230.18036,-109.39532,60
149.99336,233.0894,-109.42402,82
150.1713,236.03099,-109.73411,80
150.34476,238.93767,-109.70125,71
150.52014,241.8584,-109.77828,74
150.69818,244.79903,-110.00553,72
150.87138,247.70068,-109.88255,64
151.04988,250.64381,-110.08876,67
151.22934,253.59451,-110.33141,66
151.40973,256.5521,-110.603386,71
151.59038,259.51184,-110.8662,74
151.76721,262.4393,-110.86198,74
151.94649,265.38666,-110.99036,82
136.1154,8.914303,220.55475,15
136.13414,16.116648,257.2658,15
136.82791,-3.596504,73.68345,16
136.90771,8.556147,130.44278,15
136.97066,12.924925,147.08374,15
137.1985,17.018347,144.05283,15
137.37407,22.973047,156.9768,15
137.79395,15.318026,69.27351,16
137.9237,23.284718,98.31755,15
138.0041,29.241604,121.94235,14
138.22491,28.940674,96.16771,16
138.29604,32.351494,107.01324,15
138.87088,27.47174,17.717579,15
139.30325,26.725828,-33.392357,16
139.59558,34.241875,-23.873283,15
139.74385,36.701786,-26.397476,16
139.92876,43.24006,-10.35598,18
140.1714,44.452305,-29.851927,17
140.30858,47.125454,-29.857914,23
140.41423,50.162815,-24.415747,17
140.61867,52.092392,-35.709297,19
140.79153,54.43402,-41.282497,20
140.87447,57.67256,-32.162674,18
141.02446,60.249283,-33.892612,17
141.17592,64.72686,-25.11157,17
141.39409,66.79209,-36.916233,16
141.94913,70.421265,-75.9313,16
142.1264,81.75881,-30.851503,15
142.68402,82.6442,-85.33342,17
143.03201,88.09193,-91.437195,17
143.30827,93.80859,-88.20248,18
143.42717,96.698074,-84.29602,19
143.56598,99.525665,-82.82793,20
143.70879,102.33868,-81.82242,21
143.87192,105.11955,-83.13014,24
144.05019,107.89286,-86.047806,28
144.22348,110.68569,-88.2861,29
144.39882,113.48988,-90.63262,32
144.56476,116.30757,-91.86015,33
144.72151,119.13002,-92.04233,37
144.86821,121.94886,-91.136246,35
145.00871,124.75851,-89.58474,31
145.14684,127.55797,-87.797905,34
145.28293,130.34592,-85.82587,35
145.41652,133.12035,-83.62498,35
145.55217,135.88744,-81.64835,36
145.69283,138.65439,-80.16619,35
145.84148,141.43112,-79.43747,33
145.98857,144.20041,-78.54946,38
146.14247,146.98253,-78.26716,30
146.2974,149.76573,-78.05178,31
146.4586,152.56606,-78.36491,32
146.6162,155.35574,-78.31856,34
146.77332,158.14299,-78.19814,49
146.93074,160.9301,-78.07099,30
147.08658,163.71022,-77.783104,33
147.24637,166.50362,-77.795296,26
147.40277,169.28268,-77.49737,37
147.55667,172.04927,-76.972916,35
147.72374,174.87048,-77.48272,26
147.88539,177.66855,-77.52381,36
148.04543,180.458,-77.399506,31
148.205,183.24423,-77.21736,34
148.36786,186.0452,-77.25973,28
148.54485,188.91777,-78.33807,22
148.72557,191.81299,-79.63964,21
148.92146,194.79414,-82.00629,22
149.13846,197.89938,-85.82732,20
149.61833,202.50484,-108.504845,17
149.9155,207.08821,-111.533295,17
150.16322,211.3871,-110.95218,34
150.33902,214.31544,-111.273476,45
150.50662,217.19283,-111.00501,56
150.67567,220.07741,-110.810684,53
150.84676,222.9736,-110.7311,60
151.01791,225.86914,-110.6327,69
151.18936,228.76546,-110.531075,54
151.3604,231.65762,-110.37988,61
151.53734,234.58893,-110.58335,69
151.71295,237.51093,-110.67716,71
151.8881,240.4291,-110.71756,69
152.06546,243.36235,-110.87076,71
152.24263,246.29375,-110.9863,70
152.42027,249.22806,-111.10585,64
152.59923,252.17188,-111.28227,66
152.78143,255.13991,-111.62778,77
152.95969,258.07797,-111.71257,73
153.1412,261.04056,-111.96527,75
153.315,263.94305,-111.7474,80
153.49326,266.87918,-111.768326,84
137.19995,8.704171,212.25792,15
137.40244,9.773417,197.56532,15
137.98535,-5.424756,69.63782,15
138.11398,-0.13831,81.99259,15
138.09962,9.283766,127.68687,16
138.13937,13.642239,144.36256,15
138.28796,14.792521,135.44427,16
138.56673,15.299084,110.98032,15
138.55334,23.144297,149.33623,16
138.9303,19.34597,95.178505,15
139.00165,22.67309,104.09722,15
139.10075,25.343983,107.27412,15
139.06447,30.59617,135.6793,16
139.49725,31.449808,98.42062,15
139.83005,30.225273,60.86934,15
140.67398,26.168274,-38.80318,16
140.61519,31.63953,-7.036263,16
140.82626,33.200615,-19.583147,15
140.88129,36.86289,-7.221599,15
141.15317,37.801502,-28.456867,15
141.22307,43.304176,-8.563328,19
141.51831,44.223106,-32.023792,20
141.63753,47.0819,-29.451931,26
141.7538,49.94923,-26.53239,17
141.97643,51.85532,-38.26481,18
142.16847,54.106457,-45.404984,18
142.20665,57.61532,-31.912298,18
142.39429,59.93002,-38.26416,18
142.541,66.16524,-21.53839,20
142.53407,69.67757,-3.658236,16
143.06047,75.24505,-25.579592,17
144.2162,82.09589,-99.77368,18
144.39001,86.532814,-93.91703,16
144.57582,90.88602,-89.52035,17
144.76007,95.20475,-85.06554,18
144.89041,98.04871,-82.92885,21
145.05264,100.830605,-84.04052,20
145.21295,103.621445,-84.89448,22
145.37975,106.410706,-86.32497,35
145.54462,109.20938,-87.49222,44
145.71718,112.010826,-89.32566,34
145.89244,114.82149,-91.32838,42
146.05818,117.6425,-92.351135,49
146.21988,120.467705,-92.9414,44
146.37207,123.29105,-92.62016,33
146.5131,126.10448,-91.27324,28
146.64934,128.90639,-89.49763,32
146.78079,131.69373,-87.3189,32
146.91827,134.47858,-85.68195,31
147.05426,137.25284,-83.920555,33
147.1979,140.03214,-82.81242,30
147.34984,142.82248,-82.3894,29
147.50098,145.60875,-81.877754,29
147.65414,148.39697,-81.507164,36
147.80534,151.17804,-80.95614,32
147.96819,153.98814,-81.30977,28
148.12828,156.7912,-81.40677,29
148.28802,159.59302,-81.441284,29
148.44185,162.37524,-80.99441,26
148.59651,165.15788,-80.59006,29
148.75496,167.95169,-80.44694,25
148.91467,170.74893,-80.369125,23
149.08165,173.57356,-80.79743,27
149.236,176.34828,-80.272484,24
149.39859,179.15463,-80.31962,31
149.55316,181.92581,-79.76989,29
149.72992,184.79303,-80.75527,24
149.88907,187.5824,-80.4725,22
150.09074,190.57066,-83.07531,21
150.32501,194.73494,-82.23749,17
150.5704,197.95712,-87.600266,17
151.56282,205.05365,-142.03673,16
151.3521,205.99449,-116.88713,16
151.54765,210.0264,-112.91674,27
151.71855,212.9275,-112.88238,42
151.88602,215.8082,-112.607704,51
152.05042,218.66924,-112.12048,47
152.21974,221.55688,-111.92262,52
152.39291,224.46635,-111.9415,57
152.55951,227.33487,-111.53703,63
152.73053,230.22858,-111.381424,51
152.90541,233.14545,-111.43578,62
153.08232,236.0748,-111.58598,65
153.26028,239.01103,-111.77468,70
153.43698,241.93845,-111.86266,62
153.61595,244.88062,-112.05725,65
153.7956,247.82747,-112.26723,63
153.97499,250.77245,-112.43843,64
154.15732,253.73785,-112.74971,66
154.33708,256.68527,-112.893166,71
154.51543,259.6227,-112.93967,74
154.69449,262.56464,-113.004425,78
154.8667,265.45618,-112.68062,82
138.20924,6.368351,203.54974,15
139.09012,-2.781418,89.65268,15
139.03302,8.988567,143.46515,15
139.23706,9.018053,126.07481,15
139.53795,9.539004,102.4619,15
139.65538,11.82636,101.95833,16
139.77872,14.003773,100.51287,16
139.6189,21.568375,145.79524,15
139.7849,22.769295,136.67134,16
140.03494,24.723461,123.57557,15
140.33037,26.150835,104.46245,16
140.43678,28.621702,105.8283,16
140.65637,31.462658,99.194275,16
141.22533,27.71878,35.20575,16
141.84436,26.08576,-24.057482,16
141.83806,30.430204,-5.097445,16
141.71353,35.963898,28.917553,16
142.64711,34.00995,-58.06597,16
142.52448,39.334187,-25.013618,16
142.67941,43.767628,-19.065187,18
142.90103,45.66916,-29.517889,23
143.02803,48.421196,-28.351355,21
143.17825,50.98701,-29.900955,18
143.4069,54.83528,-32.449272,20
143.6158,58.84078,-32.593185,18
143.93721,60.405933,-52.674294,17
144.14487,62.758453,-59.79689,17
144.00357,68.71259,-22.051617,15
144.55084,74.46061,-42.534687,17
144.26228,78.86719,0.866496,17
145.90456,81.16893,-125.69694,17
145.70354,85.1141,-91.505615,18
145.82689,88.008675,-88.92027,17
146.04938,92.24075,-88.58132,18
146.17993,95.095085,-86.686134,17
146.32542,97.914055,-86.16036,19
146.4764,100.72269,-86.10178,23
146.63443,103.523094,-86.63449,30
146.79305,106.32611,-87.16954,43
146.9529,109.13132,-87.7692,45
147.12204,111.93589,-89.1048,30
147.31252,114.74326,-92.167114,27
147.48386,117.56646,-93.53625,41
147.64735,120.39495,-94.196236,48
147.79692,123.220604,-93.680176,37
147.94958,126.0455,-93.391464,30
148.09863,128.86578,-92.793755,31
148.22896,131.66324,-90.709785,30
148.35835,134.44914,-88.572266,31
148.49536,137.23529,-87.03282,27
148.6416,140.02866,-86.195724,27
148.79031,142.82216,-85.52997,34
148.94823,145.63026,-85.52702,30
149.102,148.42934,-85.196915,30
149.25105,151.21547,-84.49794,35
149.41058,154.02397,-84.53531,26
149.56943,156.83038,-84.49369,31
149.72998,159.64102,-84.54489,28
149.88417,162.43251,-84.12227,26
150.0445,165.24094,-84.10621,24
150.18991,168.00018,-83.04436,25
150.35718,170.82863,-83.44986,28
150.52429,173.65755,-83.80615,21
150.68658,176.46979,-83.81193,21
150.84427,179.26402,-83.49113,25
151.0006,182.05098,-83.06199,27
151.182,184.93755,-84.21599,20
151.31049,187.6062,-81.9743,20
151.55055,190.74751,-86.74219,25
151.70229,193.51443,-85.912094,18
151.71605,195.6473,-76.58839,17
152.86761,205.20123,-126.19716,16
152.92894,208.62112,-114.40815,22
153.10793,211.56544,-114.83724,39
153.26665,214.40552,-114.05169,40
153.43457,217.29079,-113.78885,42
153.5997,220.15948,-113.34838,51
153.77066,223.058,-113.22361,45
153.93831,225.93684,-112.89237,56
154.10631,228.81601,-112.565414,55
154.27785,231.71385,-112.41739,56
154.4598,234.67195,-112.82108,57
154.63676,237.60098,-112.9262,64
154.81653,240.54684,-113.1594,57
154.99368,243.47675,-113.22883,58
155.17827,246.45285,-113.67008,57
155.354,249.3738,-113.62158,64
155.53482,252.3267,-113.81854,67
155.71313,255.2633,-113.863495,66
155.89468,258.2211,-114.05583,70
156.07275,261.15564,-114.04964,77
156.2454,264.05295,-113.75286,81
156.41888,266.95468,-113.4859,82
139.31116,6.835196,199.87383,15
139.61208,4.444074,167.6771,15
140.13443,-2.355757,101.97617,16
140.39279,-0.605899,88.51188,16
140.19551,7.869102,135.31163,15
140.60031,9.061338,108.55697,15
140.77817,10.281938,99.437706,15
140.89755,12.559627,98.786644,15
140.85197,21.476652,135.73271,15
141.01482,24.899275,136.12543,15
141.07805,27.803635,142.22852,15
141.5133,25.748175,101.20776,16
141.67084,29.460009,103.21298,15
141.83553,31.214844,97.30394,15
142.80356,27.939177,11.170154,16
142.66423,35.17732,49.32062,15
142.84737,37.075916,42.65891,16
143.6552,33.24592,-33.263588,15
143.92107,36.741665,-40.020252,16
143.82872,41.329216,-15.413138,16
144.15186,44.356358,-28.19918,23
144.30022,46.938255,-29.447609,20
144.39818,49.876003,-25.487621,18
144.52257,52.614845,-24.263672,17
144.71277,54.94105,-29.577358,25
144.79256,57.94626,-23.901419,20
145.06447,59.861485,-36.91248,19
145.25304,63.993416,-34.954643,17
145.26068,67.29093,-22.607958,18
146.00323,68.997574,-71.699974,17
145.79205,77.954124,-20.499638,17
147.04012,80.35474,-104.57992,17
147.16972,84.89578,-96.205284,17
147.23215,87.93789,-88.72794,17
147.42525,90.66525,-92.268394,17
147.56259,93.515724,-91.10951,17
147.76276,97.788185,-88.88664,18
147.90388,100.61671,-88.02073,21
148.06285,103.42214,-88.5539,31
148.21416,106.2369,-88.4457,43
148.3661,109.05077,-88.35938,42
148.52539,111.861404,-88.804985,32
148.70943,114.66973,-91.08015,26
148.88652,117.49003,-92.75619,23
149.0752,120.32143,-95.226456,26
149.23685,123.154816,-95.63261,31
149.38226,125.980736,-94.82514,30
149.53253,128.80618,-94.3541,28
149.68315,131.62949,-93.88787,30
149.81978,134.43462,-92.419266,29
149.95367,137.22885,-90.764175,27
150.09659,140.02802,-89.73208,27
150.23543,142.8153,-88.41418,30
150.39185,145.62762,-88.28178,37
150.55302,148.4482,-88.43979,31
150.71155,151.26364,-88.39135,27
150.8585,154.05244,-87.558945,23
151.01048,156.84927,-87.04349,21
151.18289,159.69545,-87.81975,20
151.3508,162.53253,-88.26788,24
151.504,165.32953,-87.75473,22
151.65233,168.10939,-86.92186,26
151.81325,170.92436,-86.85621,23
151.98296,173.76714,-87.30486,29
152.14166,176.57428,-87.05221,21
152.29962,179.37727,-86.73475,22
152.46643,182.2106,-86.92533,20
152.72762,186.5027,-87.798996,18
152.84125,189.12889,-84.821976,17
152.91075,193.68707,-69.944046,17
153.28624,198.4278,-77.29319,16
154.20619,205.65889,-114.679855,17
154.42079,208.76364,-117.05319,24
154.6041,211.72972,-117.65376,30
154.74591,214.49776,-115.97293,42
154.90875,217.36232,-115.42776,39
155.07486,220.24055,-115.04278,46
155.24167,223.12056,-114.681595,40
155.4082,225.9973,-114.28944,51
155.58102,228.90552,-114.210945,55
155.75224,231.8042,-114.02929,53
155.9322,234.74973,-114.27683,51
156.10873,237.67668,-114.328384,59
156.29024,240.63138,-114.60768,58
156.46701,243.55942,-114.62807,52
156.65005,246.52377,-114.939644,50
156.83185,249.48154,-115.16786,57
157.01266,252.43362,-115.32531,65
157.18947,255.36118,-115.267426,66
157.37206,258.32422,-115.47245,71
157.54709,261.2401,-115.29627,72
157.71922,264.1368,-114.97074,76
157.8909,267.02927,-114.612015,79
140.31909,7.286019,203.43555,16
140.804,2.263124,152.45668,15
141.54893,-2.419044,84.38736,16
141.31319,5.793897,128.59714,15
141.34164,9.376747,138.69691,15
141.74301,7.136814,103.03889,16
141.89986,8.845592,97.8553,15
142.02069,11.116187,97.11115,15
142.1776,14.864087,98.88935,15
141.9808,21.258327,134.3461,15
142.14224,24.69594,134.8244,16
142.00519,29.86444,161.99756,15
142.74449,26.724052,99.93165,16
142.64925,31.3149,122.27515,15
143.31729,29.748434,70.622215,16
144.15671,29.072493,10.241542,15
144.25003,35.61374,26.423254,15
145.42769,29.662062,-75.430336,16
145.41599,33.64162,-60.795937,16
145.22604,38.828808,-29.65572,16
145.39229,43.098038,-26.188818,19
145.55318,45.59752,-28.501863,23
145.67676,48.346146,-27.348595,20
145.83508,50.882187,-29.305977,17
145.97108,53.55735,-29.214388,20
146.02725,58.331623,-16.20627,18
146.42636,61.35921,-32.81386,19
146.5082,64.28743,-28.011276,18
146.59732,67.154686,-23.900023,19
147.40515,68.86138,-73.02626,16
147.59544,74.748665,-64.91695,20
148.52264,81.762695,-102.88662,16
148.69078,86.174934,-98.35229,17
148.8011,89.09823,-95.23902,18
149.02623,94.88509,-89.44947,17
149.19829,97.67423,-90.94523,16
149.37404,100.46768,-92.65008,18
149.50719,103.31081,-91.24342,19
149.65973,106.13192,-91.20832,21
149.7934,108.96331,-89.82452,24
149.95213,111.778244,-90.175606,22
150.12363,114.59284,-91.37333,21
150.27913,117.41369,-91.42987,22
150.46082,120.239586,-93.21856,21
150.6461,123.076004,-95.18698,22
150.8005,125.906136,-95.048546,24
150.9593,128.73854,-95.17223,26
151.11356,131.56757,-94.97303,25
151.27084,134.39854,-94.943306,26
151.41219,137.21043,-93.87396,32
151.5552,140.0192,-92.9033,26
151.70207,142.82874,-92.163994,23
151.8513,145.63841,-91.55826,21
152.01978,148.47931,-92.11715,21
152.16116,151.2704,-90.994194,22
152.28357,154.01662,-88.72327,19
152.45847,156.86807,-89.5991,21
152.6469,159.75494,-91.23304,28
152.8093,162.5843,-91.28542,25
152.96765,165.40314,-91.08022,28
153.11359,168.18674,-90.13966,25
153.29094,171.05577,-90.97983,26
153.45078,173.8758,-90.79327,22
153.61394,176.70506,-90.7727,22
153.88387,181.031,-92.0915,20
154.02101,183.77286,-90.57063,18
154.35555,187.2049,-99.8005,15
154.23347,189.01114,-84.20181,15
154.11374,192.91095,-60.313366,15
155.56679,200.80003,-128.30421,15
155.00438,200.73885,-89.890274,16
154.55438,200.99384,-57.90243,16
155.89479,208.79921,-118.4189,19
156.11989,211.94673,-121.08588,21
156.26503,214.74544,-119.646065,28
156.41455,217.55836,-118.429794,33
156.56905,220.38933,-117.45736,35
156.72731,223.2342,-116.66648,38
156.89546,226.12389,-116.35196,46
157.06761,229.03177,-116.21698,46
157.23825,231.93109,-115.99087,50
157.4112,234.84116,-115.86022,48
157.59645,237.81487,-116.298485,48
157.77132,240.73433,-116.21937,44
157.94978,243.67274,-116.293274,52
158.13547,246.65073,-116.6827,51
158.31656,249.60414,-116.837494,54
158.4962,252.54962,-116.90593,59
158.6755,255.49307,-116.94104,63
158.8525,258.42294,-116.85439,66
159.02664,261.3357,-116.62683,67
159.19804,264.23087,-116.263596,71
159.36877,267.1205,-115.8603,76
141.58932,3.324036,175.97408,15
142.10149,-0.940805,129.9225,14
142.55486,-3.884042,91.72586,16
142.69743,-1.916919,88.60713,15
142.64488,4.80071,112.66007,16
142.64471,8.632914,124.48765,16
143.02103,7.468788,96.79024,15
143.13628,9.820336,96.68764,16
143.07346,19.73477,131.4516,15
143.33217,22.122595,122.381935,16
143.27132,27.906288,144.3009,15
143.8771,25.22027,97.365,16
143.97699,27.722982,98.8544,15
144.67615,28.296211,56.27178,15
145.18938,27.44017,21.034502,15
145.43509,29.023449,10.464301,15
145.15134,34.814762,46.73255,15
146.61713,29.165207,-63.867714,16
147.03299,29.996435,-87.50338,15
146.65184,36.339687,-43.248207,15
146.54634,40.60643,-22.981571,16
146.7325,42.94885,-27.232132,24
146.88193,45.535507,-28.360909,22
146.99788,48.31636,-26.734661,20
147.12178,51.044632,-25.756483,18
147.2802,53.594013,-27.499872,20
147.3912,56.38072,-25.473907,21
147.48924,59.213364,-22.45599,20
147.70123,61.54267,-28.204626,19
147.8019,64.35484,-25.373768,19
147.97118,66.89143,-27.717876,20
148.1968,69.2442,-34.171856,17
148.91603,71.635475,-71.40014,16
149.18826,75.6421,-75.26427,19
149.90504,80.18166,-105.11945,17
150.12875,82.88233,-110.15478,17
150.22029,85.878456,-105.91511,18
150.36523,88.7537,-105.38816,17
150.37276,91.847786,-95.51573,17
150.44586,94.792786,-90.21569,17
150.91258,101.756165,-95.9264,17
150.99524,104.64411,-91.31937,17
151.11981,107.482056,-89.47456,20
151.26889,110.29974,-89.20412,25
151.42648,113.1139,-89.44804,23
151.62527,115.92596,-92.24444,25
151.77689,118.74887,-92.03445,26
151.92123,121.5689,-91.35258,22
152.08606,124.39363,-91.909256,22
152.29494,127.245705,-95.094826,25
152.4567,130.08032,-95.37118,23
152.59071,132.89235,-93.969826,25
152.77432,135.74739,-95.48821,23
152.9358,138.5842,-95.66313,31
153.10686,141.43416,-96.36469,24
153.24074,144.23387,-94.89424,22
153.40462,147.07358,-95.13013,23
153.57019,149.91724,-95.43597,20
153.69763,152.69164,-93.576546,20
153.84816,155.50273,-93.00342,20
154.01375,158.34274,-93.24701,20
154.20454,161.2399,-94.83755,23
154.35675,164.05312,-94.29055,21
154.5083,166.86183,-93.69098,21
154.69885,169.76929,-95.1589,20
154.8738,172.64038,-95.75241,22
154.97493,175.30424,-92.444954,17
155.32072,179.85695,-97.59465,17
155.45543,182.61086,-96.006454,17
155.57045,185.29396,-93.4176,17
155.11734,186.06578,-62.104595,15
154.32716,187.62593,-6.645974,15
156.51263,199.92343,-98.7521,15
155.82176,200.5216,-52.96885,16
157.6125,210.91824,-127.13944,16
157.9798,214.66116,-136.30812,17
157.92636,216.6516,-125.453575,19
158.05023,219.36899,-123.048584,22
158.17114,222.06367,-120.52291,25
158.32594,224.90163,-119.58032,30
158.48688,227.7639,-118.91343,33
158.65456,230.65508,-118.54443,37
158.832,233.5913,-118.6028,37
159.00465,236.50417,-118.4279,36
159.1815,239.43686,-118.42458,38
159.35852,242.37006,-118.41027,46
159.53903,245.32108,-118.53318,46
159.71628,248.25516,-118.49414,49
159.89925,251.21916,-118.687325,54
160.07704,254.15591,-118.63856,56
160.257,257.10397,-118.66607,59
160.429,260.0084,-118.34283,62
160.60092,262.9107,-118.00272,66
160.76984,265.7948,-117.5274,68
143.27771,-7.464872,108.81075,16
143.10347,-1.158661,136.91582,16
143.6012,-4.138168,98.97894,15
143.86188,-1.761318,90.24204,16
144.56189,-6.642918,34.98272,16
144.4799,-1.665874,53.937202,15
144.14693,7.904946,100.7915,15
144.28899,9.942255,98.20425,16
143.77737,18.98359,154.14339,15
144.19106,18.024395,127.03141,16
145.11505,12.193161,55.961704,15
144.62732,20.512321,108.4824,15
144.83757,21.938438,100.219055,15
145.0669,23.257868,90.54764,15
145.38286,23.902718,73.86706,16
145.22908,28.585047,96.39598,16
145.83443,27.013037,56.390587,16
146.34654,26.455605,24.797907,16
146.44832,29.175064,26.73979,15
146.44632,32.62146,36.882824,16
146.42052,36.158886,48.700912,15
147.93855,29.465258,-59.444965,16
148.5001,31.41947,-86.46679,16
148.13298,37.25656,-47.93631,16
148.05484,42.913845,-26.731785,31
148.20992,45.475754,-28.187313,24
148.29826,48.383053,-24.718828,19
148.46402,50.897457,-26.893919,22
148.58662,53.622883,-25.911,22
148.6913,56.419823,-23.650269,20
148.82135,59.098713,-23.195198,25
148.99861,61.592922,-26.003824,18
149.04433,64.58452,-19.675768,18
149.4435,67.89995,-32.81504,19
149.57184,70.607285,-32.06806,18
150.44508,72.747856,-76.10952,17
150.55002,75.64141,-73.38504,18
151.0724,77.511375,-97.88735,17
151.41515,81.52416,-105.431656,17
151.72432,85.66505,-110.58785,19
151.85187,88.581345,-108.97784,18
151.88869,91.62343,-101.71592,17
151.97734,94.55677,-97.75696,17
152.0735,97.45952,-94.30246,18
152.37921,103.11765,-94.31481,17
152.52597,105.950714,-93.92093,19
152.66766,108.78412,-93.2082,19
152.76878,111.62649,-90.103455,25
152.9157,114.445145,-89.6891,26
153.11816,117.261345,-92.46107,31
153.26555,120.084015,-92.011055,24
153.43063,122.90953,-92.548355,26
153.5978,125.738716,-93.16907,23
153.78798,128.58447,-95.04119,24
153.95467,131.42259,-95.55631,23
154.09679,134.24197,-94.692635,26
154.29674,137.11491,-96.9678,24
154.45996,139.95721,-97.19723,20
154.5881,142.75598,-95.51823,20
154.78082,145.63687,-97.27876,20
154.94135,148.47693,-97.28856,20
155.14754,152.6773,-95.45438,19
155.31743,155.5298,-95.904564,20
155.51305,158.43468,-97.6449,21
155.72981,161.39151,-100.41356,22
155.88332,164.22185,-99.919914,21
156.03995,167.05688,-99.56795,23
156.22278,169.95383,-100.50348,24
156.40588,172.85536,-101.41429,30
156.56993,175.71028,-101.35777,17
156.88623,178.98529,-108.691025,16
156.85431,181.2931,-99.06848,17
157.03424,184.1889,-99.72803,20
157.96677,189.40503,-136.1774,15
155.87451,185.15193,-29.15337,15
156.1572,189.32005,-31.3764,15
158.5043,199.51715,-132.9581,15
157.09541,196.88031,-60.0543,15
157.8413,202.86159,-82.896866,15
158.89,209.0058,-122.77883,17
159.15988,212.30591,-127.09098,17
159.73235,216.81955,-144.81883,16
159.49347,218.12422,-126.34626,15
159.75716,221.43106,-130.21361,16
159.82559,223.92914,-125.480965,18
159.92863,226.55728,-122.29657,20
160.10059,229.47533,-122.10606,22
160.28381,232.4429,-122.38283,26
160.45518,235.35725,-122.134254,25
160.61989,238.23964,-121.59091,30
160.79453,241.1665,-121.45352,32
160.96742,244.08438,-121.22854,36
161.13863,246.99303,-120.92083,42
161.32014,249.95143,-121.02427,47
161.49405,252.8718,-120.79903,49
161.66829,255.79298,-120.576164,51
161.83824,258.691,-120.16817,54
162.01015,261.59775,-119.82803,57
162.1794,264.48904,-119.372536,58
162.34659,267.3675,-118.82731,62
144.56369,-5.420288,107.13093,16
144.9539,-2.666206,92.84798,15
144.78809,11.498716,139.08363,16
146.88934,-6.243581,-22.729507,15
145.08997,16.825838,136.58844,16
146.62093,7.774491,28.967636,15
147.24902,7.754079,-5.380227,16
146.96063,13.861686,26.581533,16
146.71786,22.770226,63.551537,15
146.6869,26.34342,74.78877,16
147.31093,25.093552,37.507656,16
147.26335,33.714703,63.268044,16
148.75153,29.251879,-29.489027,16
149.84909,28.02974,-92.26469,16
149.67287,32.66251,-70.14262,15
149.28867,41.648594,-24.873884,19
149.4723,44.069527,-28.177113,27
149.60384,46.757202,-27.914001,25
149.67984,51.31625,-19.4823,18
149.85327,53.80028,-21.98863,20
150.01491,56.347324,-23.661947,25
150.12117,59.112656,-21.724749,22
150.31793,61.545452,-25.564243,19
150.22005,66.51613,-6.447774,16
150.55403,68.51291,-18.83291,24
151.01292,70.22738,-38.702885,17
152.18307,70.15636,-101.79725,18
151.71194,74.55928,-64.0839,17
152.05135,76.8618,-75.8136,20
152.56259,78.866104,-97.589264,17
152.74571,81.64207,-99.54055,17
153.11726,84.09178,-112.506,17
153.34975,88.40602,-112.660446,17
153.22035,91.67456,-96.35527,17
153.53807,95.82563,-101.4575,18
153.81183,103.02791,-95.31322,17
154.04077,105.814735,-99.49001,18
154.13301,108.68472,-96.07187,19
154.25217,111.52847,-94.15256,21
154.36586,114.36286,-91.94126,31
154.53343,117.185165,-92.629616,27
154.71446,120.01285,-94.00074,26
154.8739,122.84181,-94.18785,22
155.05638,125.68108,-95.55574,22
155.22536,128.52002,-96.177895,20
155.40956,131.37231,-97.55323,22
155.58708,134.22614,-98.541565,24
155.74083,137.06273,-98.28675,25
155.88486,139.88762,-97.52065,21
156.07079,142.75818,-98.84105,20
156.24594,145.62105,-99.58496,19
156.46405,148.54866,-102.41337,22
156.66902,151.46953,-104.53603,26
156.78127,154.2463,-102.096634,25
156.95189,157.11514,-102.4899,25
157.1715,160.07822,-105.19907,44
157.33409,162.93982,-105.141075,46
157.49495,165.79715,-104.97588,46
157.65074,168.64235,-104.55579,49
157.8201,171.51703,-104.75066,62
157.98956,174.39273,-104.92739,50
158.36826,177.80052,-114.68348,15
158.37473,182.68478,-99.74303,16
159.76987,190.28488,-151.01526,15
158.79512,189.83858,-99.87008,16
157.89899,189.41258,-52.88077,16
159.61003,197.08559,-120.8744,16
159.1237,198.98894,-88.55224,15
159.55855,202.73701,-100.07694,16
160.18892,207.21927,-119.80025,17
160.55093,210.81866,-127.82498,20
161.35004,216.06227,-154.19357,15
160.4867,216.26128,-106.788124,16
160.20613,217.38333,-87.94487,15
161.28441,223.84547,-125.43109,15
161.06525,226.27106,-105.62927,16
161.81494,232.67926,-125.39637,16
162.10475,236.11075,-129.89471,18
162.15512,238.50806,-124.74995,20
162.35315,241.54524,-125.517746,23
162.51373,244.41524,-124.78327,29
162.67007,247.26248,-123.87478,37
162.83598,250.15118,-123.334724,43
163.00685,253.06145,-122.9785,47
163.17084,255.93707,-122.34811,50
163.343,258.8503,-122.021706,53
163.51042,261.7389,-121.50637,53
163.67787,264.62558,-120.98328,55
163.84044,267.4855,-120.27088,60
145.74371,-5.72725,105.40053,16
146.2659,-4.140207,82.4585,16
147.13904,-7.492966,29.559645,15
146.90799,-1.547077,55.89019,16
146.40263,6.757823,102.03084,16
149.03723,-13.74121,-82.79037,15
147.0233,7.987638,73.33947,16
146.76422,13.609129,100.3717,16
147.70184,9.170996,41.641415,15
148.38913,7.165172,1.681411,16
148.52707,9.690259,0.898964,15
149.04744,11.190703,-21.850878,15
148.14201,22.861652,53.151554,15
149.42142,19.317904,-20.60993,15
150.26524,21.076443,-58.980247,16
150.46782,27.00364,-54.33919,16
151.64806,27.740482,-112.14415,16
150.716,36.060505,-43.991238,16
150.70491,42.8022,-26.291641,31
150.86517,45.354668,-27.860287,30
150.89404,48.471897,-21.34275,17
150.9529,51.427227,-16.728415,19
151.19623,53.64662,-23.275343,28
151.33142,56.301304,-23.23835,22
151.45421,58.998833,-22.446823,23
151.94987,62.04543,-39.467358,17
151.49632,66.51768,-5.054493,18
151.68741,68.95915,-8.287077,21
152.60585,71.035736,-48.9602,17
153.22453,75.71763,-67.69637,19
153.4709,78.271355,-73.313095,22
153.46483,82.84899,-60.894035,17
154.51645,84.08085,-110.316795,17
154.743,86.84248,-114.31203,17
154.79626,89.86228,-108.91787,18
154.15509,93.69065,-66.56115,17
154.8751,95.84121,-96.83397,17
155.14581,100.06021,-99.01811,17
155.27583,104.38529,-93.82268,18
155.57298,107.14301,-101.204735,19
155.65614,110.0149,-97.54521,19
155.79086,112.856384,-96.52779,19
155.95717,115.690025,-97.0882,21
156.08366,118.52444,-95.6329,25
156.21788,121.352715,-94.56049,28
156.40114,124.19076,-95.88896,24
156.58821,127.03731,-97.36398,23
156.77637,129.89201,-98.849815,23
156.96957,132.75768,-100.53502,24
157.13599,135.61014,-100.89558,27
157.29921,138.46133,-101.07539,23
157.488,141.3402,-102.43887,23
157.7094,144.26355,-105.2848,21
157.89606,147.15646,-106.456985,22
158.09984,150.07878,-108.3817,27
158.22235,152.88818,-106.53288,24
158.38837,155.75885,-106.671074,21
158.58087,158.67555,-107.98034,40
158.7423,161.54158,-107.85761,84
158.91135,164.42163,-108.05486,85
159.06711,167.27553,-107.64254,78
159.21336,170.10687,-106.7945,70
159.38173,172.98383,-106.90411,76
159.60155,175.98166,-109.22711,22
158.51169,175.7929,-55.01883,15
159.15962,179.77048,-75.95355,15
159.8993,184.0837,-100.500435,15
163.28114,197.06674,-232.43677,16
159.48329,189.98729,-62.154083,15
160.98148,196.7648,-117.52739,16
161.70094,201.37122,-140.09253,16
161.49054,203.11252,-124.29298,16
161.63164,205.93655,-122.96968,21
161.97128,209.42201,-129.66774,21
163.37541,219.03563,-171.67049,15
161.53328,214.78076,-91.393456,16
162.152,219.28687,-109.04358,15
161.69296,221.97232,-77.64193,15
162.68831,229.14484,-106.18656,15
163.76288,239.04335,-130.34103,17
164.19763,244.198,-136.53667,18
164.14357,246.15698,-127.73313,25
164.29001,248.96942,-126.46913,35
164.44139,251.79918,-125.38725,41
164.6078,254.6936,-124.85658,52
164.77089,257.57043,-124.19582,52
164.93163,260.43375,-123.44305,60
165.09746,263.31882,-122.87097,60
165.26517,266.21075,-122.357895,61
146.75604,-7.760293,108.06357,15
147.26768,-5.893758,87.675415,15
148.40869,-9.480045,24.72701,16
148.05658,-2.700275,57.058437,15
147.91171,2.043554,74.82628,16
150.51945,-14.429253,-87.732704,15
149.61548,-3.22959,-18.808512,16
148.83571,6.497563,40.812866,15
148.55086,12.062819,67.22891,16
149.96017,5.079398,-16.15545,16
150.23112,6.73441,-25.258085,15
150.339,11.345268,-19.717512,16
150.96573,10.781051,-50.87468,16
151.82686,16.337622,-78.864655,16
152.18588,17.911076,-92.22934,15
150.2706,31.944948,31.641182,16
152.40675,25.712223,-84.35387,16
153.01349,26.235937,-111.87029,16
151.86716,35.25962,-36.207035,16
152.14865,37.287235,-44.719093,16
152.03673,42.71419,-26.503576,27
152.179,45.34857,-26.93637,25
152.22467,49.94584,-18.079287,18
152.39899,52.44077,-20.31315,27
152.60368,54.844513,-24.181568,19
152.71513,57.579575,-22.830868,18
152.79213,60.41412,-19.595575,17
153.56752,61.16372,-54.32042,19
152.77196,67.992134,-0.206102,19
153.11847,70.037895,-11.52031,21
155.07542,71.50476,-100.01082,15
154.66223,75.52419,-70.66914,18
154.80792,78.2945,-70.67379,25
154.89497,81.16933,-67.64209,17
155.22136,83.636246,-76.85004,17
156.47038,84.78401,-132.67523,17
155.60098,89.09354,-81.06588,17
155.47911,93.67781,-63.84735,18
156.48296,95.57636,-106.20163,17
156.24968,98.76892,-87.19255,18
156.53337,101.48396,-93.63564,21
156.76811,104.26297,-97.60076,20
156.98938,107.069664,-100.83828,19
157.12914,109.9206,-100.11961,21
157.21036,112.77956,-96.61065,21
157.43575,115.60898,-99.92147,19
157.57382,118.451675,-99.07737,20
157.64546,121.278595,-95.13853,26
157.82303,124.11593,-96.12156,26
158.01176,126.96287,-97.58161,26
158.19804,129.81602,-98.890465,23
158.3996,132.68564,-100.850914,22
158.59575,135.561,-102.52203,22
158.83871,138.4855,-106.24119,24
159.02821,141.37604,-107.51828,27
159.27318,144.33348,-111.20376,26
159.47055,147.25179,-112.735085,26
159.64914,150.15297,-113.40888,24
159.79659,153.01334,-112.70859,24
159.98776,155.93668,-113.873375,23
160.07382,158.69511,-110.520195,57
160.20496,161.51512,-109.09906,98
160.37492,164.39915,-109.31275,89
160.53326,167.26175,-109.01627,84
160.6828,170.10513,-108.33992,75
160.84868,172.97983,-108.32622,76
161.0431,175.91753,-109.46534,19
160.9682,179.47108,-96.204,15
161.20525,182.49162,-99.07593,16
161.84982,186.55893,-118.262405,16
161.95924,190.52985,-112.4426,16
161.29555,191.12202,-79.467415,16
162.53534,196.98909,-121.69508,17
162.92775,201.76843,-126.89415,19
163.12424,204.774,-127.76429,18
163.37572,207.95625,-130.72115,19
164.10474,215.10658,-145.06786,15
163.5162,220.08716,-103.03246,16
163.67877,222.93147,-102.63155,15
164.1475,228.0364,-110.28029,15
165.56104,237.98517,-148.87283,15
167.70444,249.9884,-216.21078,15
166.48528,247.42403,-165.58643,16
165.80003,247.98154,-131.31772,23
165.91437,250.66936,-128.94608,35
166.05116,253.44493,-127.3748,48
166.20717,256.29874,-126.47779,55
166.3633,259.14975,-125.58127,61
166.5281,262.03674,-124.982086,62
166.68906,264.90378,-124.2429,63
166.85219,267.77826,-123.57397,64
147.92252,-2.90399,118.075905,15
148.7176,-6.598154,74.27503,15
149.6927,-11.495506,19.789766,15
149.9283,-9.860249,12.644268,16
149.33488,-1.499516,57.29116,15
150.19048,-4.797481,11.659094,16
152.23764,-12.876871,-97.880615,16
150.38023,4.277349,22.635838,15
150.70607,7.149806,14.200541,15
151.6568,4.260186,-34.747627,15
151.01575,13.605393,14.311491,15
151.85942,11.793115,-27.452568,16
151.4294,17.789135,4.901299,16
151.54803,22.085917,8.998514,15
153.7596,13.374192,-109.0359,16
153.62991,17.693884,-93.73322,15
151.8446,30.25799,13.728024,15
153.42818,25.750443,-66.9312,16
155.35524,22.033098,-161.14027,15
153.18135,35.30886,-34.697395,16
153.24591,38.295895,-30.91177,16
153.25867,41.46915,-24.384775,28
153.43268,43.973873,-26.515114,25
153.51733,46.82476,-23.87365,23
153.53114,49.911312,-17.531246,19
153.55322,52.93028,-11.693677,20
153.90645,54.843075,-23.051329,16
154.05571,57.452576,-23.752022,17
154.84648,62.873043,-46.470566,18
154.67577,66.371445,-30.879042,21
154.53786,69.698784,-17.118229,19
154.75047,72.16026,-20.863466,18
156.09416,75.357124,-72.97094,17
156.18576,78.23179,-70.34371,24
156.29834,81.05641,-68.741585,17
156.69177,83.44161,-80.57175,17
157.59662,86.72639,-112.88938,18
157.40337,90.02085,-96.585075,18
157.33624,93.089966,-86.37016,19
157.70718,95.69251,-96.60451,21
157.87068,98.519135,-97.1164,25
158.11523,101.29332,-101.31595,19
158.287,104.13094,-102.12743,17
158.47441,106.96619,-103.6146,17
158.57602,109.83632,-101.20673,19
158.64873,112.69919,-97.519905,22
158.86014,115.53218,-100.0113,19
159.04395,118.37715,-101.232956,19
159.12952,121.213066,-98.11824,22
159.21976,124.03406,-95.224174,28
159.42702,126.88498,-97.408554,22
159.62444,129.74226,-99.12243,25
159.82489,132.61009,-100.92386,24
160.03433,135.49345,-103.0629,22
160.28755,138.42345,-107.002266,23
160.50203,141.33734,-109.24948,30
160.84344,144.39299,-116.733765,40
161.07028,147.3559,-119.36569,52
161.25528,150.2801,-120.2229,56
161.42021,153.18167,-120.23008,48
161.61137,156.12085,-121.283295,60
161.57346,158.71414,-113.052864,65
161.66364,161.47658,-110.045204,109
161.83621,164.36667,-110.34087,95
161.9991,167.24043,-110.22907,81
162.14551,170.08226,-109.45284,75
162.32,172.97656,-109.76473,63
162.74095,176.38884,-119.6541,18
162.67735,178.78775,-110.64908,16
162.87529,181.74008,-111.79683,15
163.27362,186.42232,-117.326904,15
163.71002,189.99059,-127.414894,18
163.73099,192.53313,-121.70673,20
164.03,195.79039,-126.46694,17
164.23927,198.82242,-127.811195,17
164.45312,201.87329,-129.29166,19
164.67981,204.96799,-131.20973,17
164.66039,207.3351,-124.07903,16
165.30481,212.9222,-137.95021,17
165.64035,217.60216,-140.43245,15
165.81934,220.5831,-140.44183,20
165.56108,222.08661,-124.88384,16
165.65326,224.73497,-121.88074,16
165.6943,228.3372,-113.99896,15
166.99216,238.83946,-143.59473,15
168.33606,247.46423,-180.28914,15
167.56073,247.92528,-144.28209,16
167.45055,250.86987,-131.268,23
167.59836,253.70312,-130.1141,40
167.728,256.45544,-128.35199,53
167.88028,259.29764,-127.34835,61
168.03833,262.16095,-126.5319,66
168.19691,265.0236,-125.729614,68
168.35419,267.87756,-124.8812,72
149.09781,-4.849807,112.94913,15
150.074,-7.916471,65.15031,15
150.9245,-11.237484,22.223099,15
151.21806,-9.984479,12.233306,15
151.07149,-5.386329,27.729313,15
151.69574,-6.472432,-1.024084,15
153.16507,-13.289258,-77.28105,15
154.04994,-15.575977,-119.512886,16
151.97974,2.010731,4.0904,15
152.10063,4.645719,4.319884,16
152.9919,4.236434,-34.303688,15
152.2973,13.512853,14.100447,15
152.79575,13.968801,-6.059637,15
152.73363,20.909546,10.861284,15
154.02843,17.491568,-50.90043,16
154.95583,16.304066,-92.51351,15
153.25223,29.573568,6.93045,16
154.71828,32.782345,-48.133152,16
154.49898,36.942574,-30.166943,15
154.59204,41.368862,-24.7543,31
154.75499,43.924404,-26.201603,30
154.82237,46.821735,-22.892693,23
154.80069,49.995174,-15.238551,18
154.78836,53.09192,-8.121503,20
155.25557,54.692677,-24.304888,17
155.46846,57.12476,-28.023094,16
156.25304,62.66607,-48.97505,18
156.21568,65.80596,-40.619015,21
156.09288,69.08823,-28.356607,18
156.19589,71.82323,-26.718435,18
157.47662,76.80873,-69.39481,19
157.62306,79.57394,-69.44126,26
157.67957,82.47517,-65.40977,17
160.6025,81.39517,-189.95355,15
158.75269,87.00492,-100.227646,17
158.92448,89.828224,-101.127495,17
159.01491,92.73849,-98.41538,17
159.58374,98.21762,-109.89887,19
159.6225,101.16296,-104.89182,18
159.78114,104.01775,-105.07325,17
159.98209,106.8561,-107.037636,17
159.98799,109.76319,-100.686516,18
160.08987,112.618675,-98.438286,19
160.30547,116.8785,-97.701836,20
160.47513,119.7175,-98.27311,18
160.61072,122.55271,-97.4087,18
160.69753,125.36848,-94.53542,21
160.90631,128.21976,-96.650314,24
161.10426,131.0763,-98.282455,24
161.3278,133.95703,-100.90699,21
161.50212,136.81548,-101.508766,23
161.9093,139.8688,-111.35965,24
162.19978,142.86363,-116.45369,36
162.49565,145.8894,-121.68322,58
162.69875,148.83713,-123.19964,79
162.8725,151.75662,-123.53904,103
163.06262,154.69923,-124.48777,121
163.1847,157.55086,-122.79124,83
163.07196,160.04253,-112.11837,81
163.22911,162.91193,-111.80683,80
163.39612,165.79639,-111.85426,57
163.54053,168.64102,-111.03264,66
163.70131,171.51228,-110.81455,60
164.00972,174.66983,-116.064125,21
164.43533,178.09041,-125.566025,16
164.5478,180.89127,-123.44131,15
164.76054,185.17319,-121.86978,16
165.11104,188.5079,-128.36975,19
165.29813,191.47803,-128.89584,24
165.46527,194.40083,-128.68506,32
165.59471,197.22563,-127.11692,17
165.85992,200.40378,-130.35661,18
166.12387,203.59291,-133.49799,18
166.8563,208.11298,-152.99155,16
166.39175,209.26172,-130.57439,16
167.82524,215.93924,-174.11331,17
167.2394,216.66763,-147.61592,17
167.24841,219.13405,-141.76605,19
167.30899,221.73965,-137.71951,17
167.75912,227.99608,-140.79646,15
167.04466,227.93488,-110.80238,16
169.41486,238.46922,-183.92981,15
169.57895,245.11206,-173.80199,15
169.57729,248.6722,-164.54298,15
169.48283,250.65773,-155.40561,16
168.74503,250.10693,-125.585625,16
169.186,254.09158,-133.91397,24
169.2738,256.692,-130.86215,43
169.39777,259.42795,-128.97844,58
169.54692,262.26093,-127.89768,68
169.69928,265.10333,-126.91686,76
169.85637,267.96222,-126.08121,81
152.73318,-26.137005,-27.553078,16
151.19264,-8.928159,67.197044,16
151.86249,-8.881146,40.235348,15
152.43842,-7.887121,18.888626,16
153.06483,-8.75148,-8.006484,15
154.82426,-15.0521,-90.887794,15
155.81386,-17.605608,-135.59595,16
154.07,-2.982412,-37.428905,16
154.038,2.437308,-25.722128,15
154.0329,9.269277,-12.327668,16
154.59125,11.297015,-30.783855,15
153.92535,19.685455,12.205525,14
155.05348,19.03962,-34.20167,15
156.102,17.487352,-79.17199,16
155.47249,23.741335,-41.73475,16
156.60567,23.857248,-86.763275,16
155.92673,30.037992,-47.453564,16
155.75253,33.982483,-32.6911,15
155.80435,36.978428,-28.805994,15
155.8261,40.05928,-23.537203,24
156.04063,42.43459,-27.340084,26
156.10013,45.351982,-23.867104,26
156.10823,48.412464,-18.045088,17
156.04568,53.159775,-5.993297,19
156.81474,55.48509,-31.858585,15
156.80579,58.544453,-25.292257,16
157.38185,60.096447,-45.01035,17
157.61772,62.574165,-49.31471,19
157.56721,65.720116,-40.86937,19
157.42409,69.01244,-28.430717,19
157.4896,71.81772,-25.25283,18
158.17194,73.45769,-48.91787,17
158.81845,76.80308,-67.606895,17
159.03093,79.460815,-70.49622,24
159.04832,82.4134,-65.0251,18
160.87984,92.23804,-116.879684,17
160.54175,95.541214,-96.50457,17
160.8412,98.269745,-102.556175,17
160.93562,101.15718,-100.13912,18
160.89554,104.099205,-92.26606,18
161.20053,106.86298,-98.4057,17
161.20773,109.74466,-92.49335,18
161.51897,112.540634,-98.77341,18
161.63235,115.384254,-97.10513,23
161.7577,118.21948,-95.91105,22
161.87822,121.04784,-94.52063,25
162.00056,123.86936,-93.19929,25
162.1528,126.69419,-93.03413,27
162.35378,129.53958,-94.73373,30
162.54414,132.388,-95.987625,24
162.7473,135.2509,-97.698044,24
163.0844,138.22058,-104.45331,25
163.50194,141.2908,-114.147255,28
163.8629,144.35744,-121.59389,40
164.08534,147.32056,-123.77137,72
164.2764,150.25961,-124.739685,135
164.44644,153.17825,-124.90352,144
164.60977,156.08907,-124.80087,105
164.6559,158.83778,-120.40513,48
164.65565,161.49712,-114.35536,41
164.8044,164.35902,-113.73302,33
164.96179,167.2321,-113.40908,43
165.11244,170.09204,-112.83006,52
165.34787,173.10284,-115.25079,25
166.01535,178.24918,-129.86847,17
166.15466,181.11981,-128.75362,19
166.28403,183.96452,-127.288475,18
166.58076,187.16739,-131.619,18
166.74957,190.10106,-131.47812,23
166.90698,193.00748,-130.93164,29
167.0678,195.91962,-130.48935,28
167.18616,198.724,-128.59651,18
168.0342,205.92532,-145.33217,17
168.46883,209.61101,-153.89787,21
168.9226,214.64923,-159.98439,20
168.88176,217.03296,-152.6592,20
168.7993,220.48485,-141.09297,23
168.83015,225.4152,-130.45172,15
169.08466,228.61696,-132.88283,16
168.97673,230.63597,-123.67519,15
171.41353,241.16794,-195.56894,16
171.01613,247.12614,-165.11298,15
170.2351,246.67624,-134.91203,16
169.69705,246.998,-112.544014,15
170.0282,250.49136,-117.225685,17
170.82307,256.91568,-133.27118,26
170.93521,259.61893,-131.08182,50
171.06104,262.36795,-129.31729,66
171.20654,265.18954,-128.15218,80
171.36304,268.0519,-127.317535,84
152.86845,-17.359022,34.41586,16
152.6518,-7.463415,60.42645,15
152.62663,-4.048271,67.51977,16
154.00993,-9.902019,4.008001,15
156.0536,-17.656853,-88.18837,15
156.31078,-13.691212,-90.84697,16
156.20406,-9.402721,-78.98829,15
155.222,-0.212902,-24.782455,15
155.5728,1.241745,-35.51658,15
155.67307,4.112819,-34.094143,16
155.67438,7.489186,-27.961256,15
155.96097,11.063289,-32.30818,15
155.32744,17.438393,3.545427,15
155.17566,21.333792,16.511847,16
156.59726,19.709028,-40.521458,14
157.41762,19.477726,-72.10538,16
156.69887,25.814789,-33.014385,15
157.37074,27.99703,-54.41831,16
157.15097,33.68468,-35.41122,15
157.24826,36.508167,-33.778145,16
157.15385,39.978172,-23.649895,24
157.36317,42.386562,-27.010246,25
157.43918,45.236073,-24.472683,22
157.56401,49.44922,-21.161837,17
157.36339,53.04197,-6.710428,20
157.71996,55.04823,-16.329235,16
158.19618,58.311806,-28.024755,16
158.77322,59.929718,-46.671593,18
158.91997,62.62476,-46.98434,17
158.92712,65.61806,-41.437714,16
158.88971,68.66814,-34.083862,20
158.8268,71.7235,-25.740992,18
159.36073,73.67947,-42.019833,17
159.47987,76.41053,-41.13654,16
160.46542,79.312675,-72.51319,19
160.48022,82.26506,-67.21994,22
160.8295,86.25054,-72.43648,17
161.1086,88.882164,-77.6838,17
162.58777,93.446785,-124.1589,18
161.40681,97.351395,-71.88686,17
162.38683,101.06399,-101.22303,17
162.85732,106.69756,-107.453804,17
162.642,109.66272,-93.30353,17
162.99585,112.45452,-100.88333,17
163.0748,115.30618,-97.98722,19
163.17097,118.14313,-95.75307,19
163.30717,120.9734,-95.01938,23
163.40904,123.79216,-92.99864,22
163.5692,126.61914,-93.13504,29
163.74382,129.45285,-93.78304,32
163.9155,132.28836,-94.29869,29
164.10959,135.14008,-95.60464,26
164.32816,138.01541,-97.7638,25
164.81097,141.10927,-109.37859,26
165.30046,144.26741,-121.092125,31
165.54132,147.24405,-123.82135,66
165.7359,150.18549,-124.8664,90
165.9074,153.10583,-125.071655,125
166.04591,155.98668,-124.10205,98
166.12895,158.78998,-121.19339,53
166.17108,161.52196,-116.880646,37
166.33556,164.41441,-116.811485,40
166.4696,167.25891,-115.68191,40
166.63594,170.15132,-115.64963,30
167.02774,173.43312,-123.2451,17
167.41376,176.74051,-130.54926,24
167.62645,179.75519,-131.94385,19
167.86087,182.81929,-134.03465,17
167.97375,185.64465,-132.0484,18
168.2128,188.72842,-134.23383,19
168.33711,191.57034,-132.6106,26
168.48462,194.45752,-131.74516,28
168.666,197.42038,-131.97472,23
168.86699,200.43192,-132.82101,19
169.46945,204.44939,-146.57428,18
170.04039,208.44783,-159.15997,20
169.86781,210.53986,-147.89752,18
170.3062,214.23839,-156.11613,20
170.14641,216.30945,-145.35483,22
170.21909,218.99606,-141.9878,26
170.29976,221.69136,-138.88918,16
170.24265,223.96141,-131.5225,16
170.72502,229.06206,-138.11136,16
170.34294,230.2654,-120.82764,15
172.1697,239.74374,-168.33067,16
172.00113,241.62863,-157.5498,16
172.21306,244.75587,-158.34348,21
172.25691,247.30696,-154.0673,21
172.32164,249.91385,-150.44594,17
171.62692,250.9416,-121.56973,15
172.41637,258.43002,-134.07104,23
172.52347,261.12384,-131.80727,46
172.64503,263.86426,-129.97298,71
172.7842,266.6664,-128.65561,82
154.25659,-18.343504,28.008734,15
153.881,-12.459419,51.709446,15
153.80269,-8.6905,60.971973,16
152.99042,-0.299825,104.89939,15
156.23515,-15.689153,-39.697933,14
157.62093,-16.789932,-92.06691,15
157.09784,-10.189856,-61.682156,15
156.79253,-4.994541,-41.62497,15
157.10207,0.209537,-43.87325,16
157.00797,7.419335,-27.930311,15
157.47287,10.183513,-39.963665,16
156.53348,19.3312,10.094056,15
156.8506,21.084333,1.694489,15
157.19604,22.772753,-7.830385,15
157.695,23.901651,-23.879623,16
158.21944,26.64426,-37.97089,16
158.37424,30.862164,-36.053318,15
158.53236,33.47159,-37.100727,16
158.39626,37.07876,-25.730692,16
158.44641,40.012386,-22.270304,25
158.6687,42.389267,-26.000854,26
158.76045,45.178253,-24.26934,19
158.8284,48.02472,-21.56039,18
158.63068,51.58086,-7.984717,19
159.3966,55.559544,-28.277168,15
160.01097,58.60897,-44.769745,18
159.7079,62.28372,-27.11706,16
160.46162,63.664036,-51.64223,17
160.03426,68.96175,-26.481998,19
160.1796,71.603935,-26.783737,20
160.752,73.53321,-43.722878,18
160.91992,76.19101,-44.773888,17
161.81871,79.285355,-71.19263,18
161.88443,82.15965,-68.1287,24
162.62209,87.20546,-85.00795,16
164.13574,90.23173,-133.4759,16
164.15024,93.28095,-128.16437,17
163.07268,97.07759,-82.286804,17
163.8677,102.421425,-100.459305,16
162.73485,105.794556,-53.363945,17
164.25742,109.53358,-100.60886,17
164.27019,112.40279,-95.46647,17
164.60278,116.64838,-99.055664,17
164.73187,119.48795,-98.092155,18
164.80992,123.713524,-92.54119,18
165.0211,126.55471,-94.46997,21
165.15761,129.37653,-93.7462,22
165.3348,132.21428,-94.42868,26
165.47914,135.03676,-93.9499,29
165.68965,137.90054,-95.73995,27
166.01485,140.85918,-101.42843,27
166.82579,145.63412,-120.826355,34
167.1112,148.65274,-124.92633,58
167.28328,151.57317,-125.14794,74
167.4208,154.45572,-124.191315,85
167.5607,157.33647,-123.30596,89
167.64082,160.13565,-120.42878,54
167.78024,163.00235,-119.52172,53
167.92606,165.87393,-118.81578,59
168.075,168.7471,-118.204025,42
168.40962,171.91672,-123.62223,17
168.89302,176.68773,-131.02097,24
169.13884,179.75966,-133.41382,24
169.38689,182.84721,-135.83894,18
169.52707,185.73518,-134.7919,18
169.70691,188.69897,-134.99478,19
169.86478,191.61746,-134.4862,25
169.98242,194.44612,-132.70543,28
170.18166,197.45027,-133.47229,25
170.43752,200.5895,-135.97421,23
170.87086,204.16473,-143.91937,21
171.30994,207.7902,-151.94669,21
171.41881,210.61638,-149.78058,19
171.5688,213.53981,-148.87086,25
171.53024,215.95639,-142.24368,26
171.65195,218.78198,-140.49739,17
171.8251,222.9795,-137.60062,16
172.54774,228.77046,-151.04083,16
171.91995,229.3531,-127.06466,15
173.24199,235.80406,-160.68944,15
173.55168,240.46803,-161.6025,21
173.62112,243.13962,-158.20273,24
173.72745,245.91803,-155.88927,26
173.83023,248.67503,-153.48286,28
173.91028,251.34479,-150.4354,25
173.95564,253.88164,-146.41269,18
174.0303,256.50528,-143.2479,15
174.04456,260.0632,-135.77782,26
174.10298,262.58954,-132.21413,46
174.21944,265.3181,-130.29456,68
174.34866,268.08755,-128.73598,86
156.06941,-20.266188,5.880985,15
154.86064,-7.762147,68.20675,15
154.51355,-1.015445,91.22519,15
157.70287,-14.688467,-41.95555,15
159.06474,-18.804085,-96.0067,15
158.53214,-10.551776,-64.01095,15
158.11143,-1.507382,-34.559734,16
158.51556,1.539691,-43.544014,15
158.5703,6.291092,-37.572544,16
158.75969,8.739352,-40.061684,15
157.90865,20.428612,8.862974,16
158.28972,23.541925,0.924016,15
159.33401,25.82727,-31.258423,16
157.6552,36.43319,44.578438,16
159.69534,32.434765,-32.50855,15
159.73494,40.048347,-20.869972,27
159.98283,42.359158,-25.431519,23
160.08742,45.10311,-24.305716,18
160.2874,47.581535,-26.900532,16
160.0809,51.130432,-13.660692,18
159.83952,54.686676,0.804563,16
161.3957,56.95236,-48.65914,17
160.12471,64.11077,7.493542,15
163.01228,61.243282,-96.567924,15
161.95113,66.33551,-51.20117,16
161.3058,70.43625,-21.824312,18
161.54764,72.907005,-25.719301,21
161.95667,75.14232,-35.744884,18
162.89401,78.15375,-62.451332,19
163.27583,80.59798,-71.13216,19
163.28807,83.52614,-66.27576,27
163.63551,86.06647,-73.57247,17
165.38742,90.34179,-125.73629,17
165.64795,93.17326,-129.4796,18
164.14525,97.22481,-70.67858,18
163.98921,100.169914,-59.936123,17
164.8011,105.44377,-77.960945,17
165.3221,110.97027,-85.50779,16
165.9026,116.574936,-94.87512,17
166.04088,119.40429,-94.28799,16
166.12729,122.22259,-91.93325,17
166.28664,125.04636,-92.04249,17
166.25946,130.5515,-80.66176,21
166.43094,134.70842,-78.58712,24
167.03731,137.7806,-93.42969,26
167.25742,140.65273,-95.43327,32
167.9027,143.87332,-111.28832,27
168.40369,147.04692,-122.28262,35
168.64325,150.02481,-124.69671,44
168.82257,152.95221,-125.13272,69
168.96436,155.83974,-124.343735,71
169.08939,158.70338,-123.011925,49
169.20482,161.5484,-121.37266,42
169.3672,164.44899,-121.21454,63
169.52345,167.34013,-120.849525,43
169.91948,170.59074,-127.96882,18
170.17175,173.6484,-130.53188,16
170.41626,176.70547,-132.8116,23
170.58725,179.6464,-132.78773,31
170.85764,182.76654,-135.79836,24
171.04282,185.74117,-136.16212,24
171.1971,188.65753,-135.56827,26
171.3617,191.59209,-135.2769,20
171.45935,194.38553,-132.95671,32
171.67184,197.4163,-134.08437,25
171.88882,200.46233,-135.31946,26
172.15521,203.62761,-137.99403,22
172.44675,206.86484,-141.3727,20
172.65437,209.91357,-142.23735,21
172.85454,212.94777,-142.86057,24
173.06786,216.01869,-143.84686,18
173.21571,218.92216,-142.91148,15
173.33623,221.74818,-141.18245,16
173.5136,224.72336,-141.08743,15
174.83507,230.92557,-173.6895,15
173.91653,232.0425,-139.64578,16
175.01888,237.768,-165.65202,20
175.08339,240.45357,-162.2119,22
175.11896,243.03491,-157.98051,25
175.186,245.69757,-154.65053,28
175.29762,248.48991,-152.5762,30
175.42575,251.32787,-150.96387,28
175.5952,254.29724,-150.49039,26
175.77414,257.2971,-150.2682,18
175.6368,261.55627,-136.3638,34
175.67374,264.0197,-132.34067,52
175.77934,266.7157,-130.188,77
156.52733,-18.536472,36.508614,15
157.81499,-23.068913,-13.395045,16
155.57132,-4.922509,89.31877,16
156.3756,-6.467014,60.152122,15
159.36258,-14.672113,-51.928497,15
160.5661,-17.476435,-96.288086,15
159.51143,-8.58514,-47.385,15
159.4401,-4.848657,-39.171253,15
159.40169,-1.323901,-32.368347,15
160.26747,-2.044861,-62.205883,16
159.71779,3.817794,-34.750015,16
160.764,2.506066,-71.46842,16
160.4704,7.131365,-54.421295,16
161.02277,9.829767,-68.39945,15
160.60039,16.438639,-43.89038,15
159.6143,23.359243,-0.23609,15
160.49002,27.947977,-21.747492,16
160.94647,31.085724,-31.714447,15
161.1856,33.43368,-35.77924,15
160.94049,38.800274,-18.957153,20
161.24619,40.949253,-25.501295,22
161.3168,43.784245,-23.169968,32
161.38593,46.608932,-20.792698,17
162.89203,52.00116,-61.348686,17
163.17038,54.449524,-66.407646,17
161.76144,61.901455,-7.699594,16
161.49547,65.28258,6.703263,15
162.9052,66.98361,-36.658684,16
163.0058,71.18256,-32.844948,20
162.91757,74.20003,-24.8228,20
162.88654,77.090576,-18.875315,17
164.28857,78.05277,-63.149128,17
164.67322,80.50889,-71.52808,17
164.69814,83.41694,-67.33541,22
164.79498,86.22756,-65.64948,19
164.55336,89.34493,-52.33774,16
165.26797,91.5864,-71.82375,17
166.95541,93.20986,-124.199844,17
165.53947,97.143906,-70.994545,17
165.43842,100.05191,-62.582447,17
166.48788,105.257866,-87.71985,17
165.73563,112.464714,-50.311787,16
166.99812,115.100395,-86.88102,16
167.58992,120.74848,-96.087654,17
166.98442,126.16644,-66.49205,17
167.53818,129.06502,-79.335365,20
167.4633,131.75443,-71.98627,25
167.6837,134.55972,-74.06439,24
167.87837,137.36023,-75.2963,26
168.55978,141.85347,-89.312096,33
169.16579,145.02934,-103.26727,30
169.92477,148.4098,-121.83405,33
170.21129,151.43132,-125.58953,41
170.36235,154.3316,-125.12075,46
170.50693,157.22243,-124.44066,56
170.64835,160.10628,-123.65499,64
170.81801,163.02197,-123.719185,52
171.00766,165.96472,-124.36962,31
171.32616,169.09215,-128.8782,17
171.78702,173.79865,-135.02739,20
171.95755,176.74397,-134.99333,21
172.04498,179.55125,-132.48141,27
172.29617,182.63008,-134.80527,32
172.50305,185.64034,-135.7929,21
172.7961,188.81647,-139.27263,22
172.82391,191.49506,-134.9929,23
172.98239,194.41585,-134.5184,26
173.12346,197.29858,-133.53246,29
173.32275,200.30154,-134.21086,26
173.53177,203.32932,-135.14647,24
173.80698,206.51198,-137.94098,25
174.01355,209.54716,-138.75266,23
174.20729,212.55554,-139.18214,20
174.40315,215.57123,-139.65234,18
175.107,222.41858,-149.21416,17
175.03906,224.76051,-142.29382,15
176.52493,231.29161,-178.22264,16
175.24529,230.30273,-137.97736,16
176.64745,236.74608,-171.29443,16
176.61986,239.19351,-165.44159,22
176.58957,241.60768,-159.55519,24
176.6153,244.16527,-155.21556,26
176.69095,246.85806,-152.24272,28
176.79704,249.63371,-150.09578,30
176.96165,252.58707,-149.51105,28
177.17072,255.68283,-150.09718,26
177.38025,258.78293,-150.67838,21
177.2511,260.74805,-142.35701,20
177.19188,262.91714,-135.9232,43
177.23973,265.4312,-132.31996,60
177.34123,268.11978,-130.12727,79
158.438,-20.804832,12.271164,16
157.70743,-13.396832,46.484062,15
156.39743,-1.55217,105.73772,15
157.86972,-6.449781,51.550392,15
157.52869,-1.592765,69.61108,15
160.99164,-16.062414,-62.174675,15
161.98929,-17.534962,-96.12699,15
161.30653,-9.027242,-61.7086,15
160.85252,-3.548424,-39.071598,16
162.29538,-4.976078,-87.05323,15
162.88873,1.100658,-96.70705,16
162.28766,6.913887,-68.83158,15
163.06622,8.909648,-90.46039,16
162.3953,14.740785,-60.30915,15
161.38528,21.59364,-17.847937,16
161.4247,27.629524,-9.807598,15
163.18547,28.203331,-64.5502,15
162.85425,33.94144,-45.1685,16
162.26521,38.71397,-19.133123,20
162.58838,40.838493,-25.998764,21
162.61076,43.793026,-22.063898,31
161.93451,48.481922,6.63383,16
160.46873,56.260323,65.10493,17
164.2474,51.968796,-60.669167,17
164.18906,56.64414,-51.37106,17
164.84706,58.358093,-69.31936,16
164.47456,69.45026,-39.71005,17
164.52075,75.15887,-31.86477,18
165.4136,76.83755,-57.149414,17
165.95485,80.556816,-68.02722,18
166.1056,83.31359,-68.210205,23
166.16348,86.16301,-65.31053,25
166.23598,88.98324,-62.902195,17
166.78732,94.29316,-71.33271,17
166.85966,98.53449,-66.48277,20
166.90532,101.34139,-63.18478,20
166.81195,104.187225,-55.446762,17
167.652,108.10436,-75.12765,17
166.79996,112.43641,-41.03345,15
168.60344,116.42625,-90.71396,16
168.78833,119.24753,-91.652084,15
169.14429,122.09726,-97.88589,16
168.72748,124.81067,-80.120926,17
167.83481,127.28966,-47.8334,18
168.79597,130.30359,-72.70365,20
168.94347,133.07324,-72.47941,32
169.13419,135.86499,-73.55753,36
169.29791,138.64575,-73.79292,34
169.47034,141.43375,-74.27352,35
171.31981,146.89969,-122.574814,36
171.59497,149.90366,-125.85541,39
171.7881,152.84589,-126.65686,51
171.95213,155.76225,-126.57559,64
172.11217,158.67395,-126.361916,63
172.28888,161.60423,-126.62195,40
172.27702,164.30109,-121.36889,20
172.27553,166.98605,-116.44801,17
173.07617,170.7598,-134.72375,17
173.3198,173.81073,-136.80647,22
173.44154,176.68567,-135.36383,22
173.53358,179.50653,-133.0738,31
173.71431,182.46408,-133.30414,34
173.92201,185.46962,-134.28046,25
174.26529,188.72371,-139.04597,22
174.35454,191.52682,-136.64078,30
174.50864,194.44403,-136.05048,22
174.60777,197.24904,-133.92627,26
174.78189,200.19872,-133.87627,26
174.94165,203.11795,-133.41823,24
175.1576,206.15825,-134.48967,23
175.35901,209.17094,-135.14139,25
175.6332,212.35529,-137.75029,24
176.0158,215.80931,-143.25372,18
176.37035,219.2203,-147.94142,17
176.61838,222.38672,-149.71892,17
176.56335,224.786,-143.37881,16
177.21602,229.01012,-155.88782,16
178.33603,237.11916,-175.66275,17
178.16603,239.19962,-166.2522,22
178.07736,241.47098,-159.03455,23
178.06898,243.94449,-153.954,24
178.13766,246.62483,-150.90051,27
178.2301,249.36404,-148.47258,28
178.38538,252.28677,-147.66837,30
178.57803,255.3236,-147.81525,29
178.86728,258.66965,-150.4092,26
178.8921,261.16928,-146.26534,17
178.75175,263.1067,-137.97556,42
178.75977,265.50684,-133.4752,58
178.84445,268.14957,-130.92204,74
160.05827,-21.069263,1.729167,16
156.32689,1.985978,148.50328,16
157.49922,-1.31471,107.94797,15
158.95117,-5.758861,57.22467,15
159.76683,-3.622133,35.315212,15
163.37692,-17.428665,-94.65363,15
162.8696,-9.922351,-68.43785,15
162.79771,-4.551385,-58.5408,15
164.00703,-6.305077,-97.9328,15
164.57854,-3.464035,-111.243004,15
165.32674,-2.93605,-133.25793,16
163.99733,8.942833,-75.529076,15
163.01195,20.47664,-28.695019,15
162.40634,28.600569,1.662288,16
162.78621,30.419643,-7.167594,15
162.62305,33.907276,2.957891,15
163.77261,33.567444,-32.388783,15
163.74438,36.696587,-26.859526,16
163.71362,39.79913,-21.277735,21
163.89754,42.318676,-23.058714,22
164.00146,45.045105,-22.093777,16
163.80974,48.462257,-11.125752,15
162.89424,53.44719,24.118942,16
165.62053,53.41461,-58.318054,16
164.24498,64.82209,0.74544,15
166.17154,64.40214,-58.04207,16
166.20308,68.78886,-52.181503,16
166.3976,71.435196,-53.920883,19
166.25145,74.55145,-44.63954,18
167.11723,76.340385,-67.928894,16
167.24957,80.58026,-65.23471,18
167.49869,83.2276,-68.54868,19
167.5823,86.05006,-66.58676,22
167.63414,88.88898,-63.626167,19
167.79593,91.62654,-64.12124,19
167.93895,94.379654,-64.011665,20
168.10913,97.115776,-64.73244,20
168.24812,99.87198,-64.4663,19
168.35724,102.639725,-63.266384,18
168.46414,105.401764,-61.99453,16
169.31627,109.37335,-81.15586,16
170.40114,114.90909,-104.71208,16
169.94862,117.75858,-86.395584,15
170.5059,123.417206,-93.78141,17
169.04239,125.84588,-45.693558,19
169.15489,128.53508,-44.58285,18
170.43135,133.04308,-75.4299,23
170.63684,135.84917,-76.88424,35
170.7077,138.58368,-74.39208,33
170.84505,141.34956,-73.833725,33
172.5774,145.28513,-119.29039,43
173.04884,148.43146,-128.1129,41
173.21906,151.35706,-128.22618,45
173.41287,154.30583,-128.995,47
173.62148,157.2736,-130.16045,35
173.81126,160.22679,-130.76991,22
173.96368,163.13963,-130.30814,18
172.95192,165.93471,-94.936676,15
174.58945,170.7388,-135.9122,20
174.80026,173.7424,-137.00003,22
174.9009,176.58958,-135.02419,22
175.0272,179.4669,-133.75606,26
175.14706,182.32787,-132.30643,35
175.3768,185.3653,-133.8476,30
175.60086,188.4004,-135.20695,23
175.97668,191.71474,-140.63821,27
176.01706,194.43108,-136.98972,23
176.15286,197.31396,-135.91237,19
176.26776,200.15054,-134.27348,24
176.49434,203.20847,-135.59927,27
176.78645,206.41107,-138.63321,24
177.00905,209.47696,-139.79642,20
177.35185,212.81683,-144.08829,20
177.61597,215.99635,-146.27715,18
177.97868,219.41801,-150.99712,18
178.1313,222.35493,-150.22458,17
177.00104,223.35866,-114.089165,16
178.31322,231.6886,-138.48637,15
179.68044,239.1139,-166.20006,19
179.55836,241.31905,-158.37268,22
179.53477,243.76692,-153.07529,25
179.57208,246.36647,-149.33499,26
179.6554,249.08432,-146.75977,30
179.78123,251.91806,-145.25166,30
179.95552,254.89244,-144.94235,29
180.2349,258.19003,-147.21262,27
180.53024,261.5482,-149.84642,22
180.32462,263.3198,-140.20912,32
180.27896,265.56946,-134.53271,60
180.34425,268.16077,-131.57967,74
157.66635,-3.465292,134.28804,15
158.56961,-2.38553,109.1408,15
158.92088,-1.23351,100.36284,15
159.21715,0.236806,93.64369,15
165.31665,-16.281158,-108.07203,15
164.46082,-5.808507,-68.57173,16
165.6636,-7.298546,-105.88096,16
165.5893,-3.574272,-98.549545,15
165.47154,0.267864,-89.76924,15
165.51132,3.474555,-86.47037,16
165.8634,5.544521,-93.878914,15
164.77744,14.243839,-49.94862,16
162.77477,26.987114,26.484488,16
163.08627,28.936827,20.151226,16
160.08632,40.85168,124.57167,15
160.29195,42.84787,121.41682,15
162.23831,39.99655,60.614964,15
164.88129,37.13621,-20.478992,17
164.99905,39.822277,-20.044113,20
165.19577,42.31207,-22.177168,22
165.69083,44.112278,-33.97426,16
165.76772,46.925846,-32.12421,15
165.80432,51.291885,-26.822592,16
166.78018,52.253765,-53.771687,15
167.50444,56.898113,-67.97486,16
166.95763,60.866493,-46.234627,15
166.42157,66.12824,-22.868357,16
166.75966,68.468834,-29.187757,16
167.6098,70.11327,-51.38383,16
167.87744,72.66453,-55.315907,17
168.57097,76.17897,-70.124725,17
169.11499,81.45265,-77.89521,17
168.93858,84.54959,-68.06733,20
168.99973,87.38547,-65.50327,25
169.08272,90.18994,-63.606403,21
169.24483,92.92832,-64.0856,21
169.40692,95.66923,-64.54703,23
169.54745,98.42432,-64.34572,24
169.68001,101.18195,-63.896465,24
169.82037,103.934166,-63.665653,21
170.05254,106.657524,-66.12178,18
170.12564,110.81756,-61.698753,16
170.30382,114.935326,-60.350235,15
170.61624,117.67637,-65.04242,16
170.83304,120.43397,-66.92543,16
170.49495,124.45754,-50.710434,16
170.50429,127.13364,-46.684147,21
170.80547,129.88992,-50.960224,20
170.99031,132.6196,-51.899208,19
172.32684,135.92068,-85.23124,22
172.18388,138.55798,-76.801544,22
172.53255,141.4648,-82.15142,24
174.25072,145.36589,-125.508446,29
174.5361,148.37378,-128.83046,32
174.7116,151.30551,-129.07889,27
174.91446,154.26369,-130.06282,21
175.11307,157.2227,-130.9072,17
175.16798,162.77061,-123.24892,17
175.26895,165.60358,-121.42871,18
175.8553,169.0355,-132.66197,17
176.1776,172.17455,-136.71658,24
176.29074,175.04428,-135.1455,24
176.39676,177.89621,-133.3823,27
176.5334,180.78615,-132.42964,33
176.72716,183.7617,-132.97568,25
176.9139,186.72853,-133.31792,30
177.11533,189.72229,-134.02852,25
177.57663,193.1778,-141.47961,30
177.64043,195.94344,-138.55507,24
177.77235,198.82407,-137.39946,21
177.90627,201.70335,-136.29053,19
178.19319,204.8848,-139.09354,21
178.72882,208.59346,-148.20024,24
178.97243,211.72394,-149.80489,20
179.12971,214.67378,-149.2021,19
179.33722,217.73358,-149.85413,19
179.50752,220.71126,-149.55621,18
179.45206,224.43391,-141.33775,16
181.32576,234.17857,-178.65118,16
180.39847,234.41576,-151.15479,15
181.28165,239.2547,-168.27441,17
181.04274,241.18076,-157.83353,22
180.99059,243.56847,-152.00769,23
180.9991,246.099,-147.68713,26
181.08319,248.8246,-145.21417,29
181.18391,251.58759,-143.14967,31
181.34969,254.53262,-142.64717,30
181.57513,257.65433,-143.56337,28
181.94398,261.21588,-147.86649,25
181.94066,263.64737,-143.32056,19
181.80637,265.6484,-135.71303,53
181.85086,268.18777,-132.35332,76
158.43987,-1.783461,146.45543,16
158.91042,0.050038,135.4845,15
159.10605,1.887078,132.32527,15
160.25142,-0.618321,96.62495,15
160.24745,3.67888,102.346924,16
162.82214,3.032685,28.723698,15
165.82773,-5.79487,-67.80198,16
166.6313,-5.570759,-90.1801,15
166.26808,-0.855515,-73.66738,15
168.33739,-3.318251,-135.27795,15
167.40668,5.051206,-97.84972,16
166.9763,11.437843,-77.14049,15
163.97314,28.560314,30.488544,15
163.86797,31.74806,37.78337,15
160.1201,45.179638,161.38008,16
162.00621,42.49552,104.75557,15
163.60724,40.901833,57.640354,16
166.23663,38.47065,-19.45646,17
166.42986,40.970196,-21.411137,18
166.57603,43.589382,-21.868858,19
165.884,49.49736,5.756915,16
166.09364,51.908092,3.265499,16
166.8129,54.76521,-12.844025,16
168.15755,55.14544,-49.920876,16
168.4044,60.638245,-49.025997,15
166.99146,65.8221,-2.141229,16
168.03857,67.04093,-29.653688,15
168.43076,69.34432,-37.29942,15
169.01097,72.890396,-48.386894,18
169.57094,75.09721,-60.82304,17
170.17827,77.320274,-74.54292,17
170.94476,80.94243,-90.64365,16
170.2716,84.52014,-66.61926,17
170.39436,87.297646,-65.958084,20
170.4776,90.10146,-64.14084,23
170.61037,92.86165,-63.75437,18
170.79803,95.58666,-64.93693,22
170.92876,98.34783,-64.463196,32
171.07683,101.098724,-64.4732,31
171.22527,103.849464,-64.48151,26
171.39903,106.59286,-65.19013,22
171.53705,109.34778,-64.871155,25
171.66287,112.10272,-64.19748,19
171.5234,114.87188,-56.09496,15
171.76733,117.60091,-58.723717,16
171.25052,120.28289,-40.209763,15
172.00385,125.758865,-52.766945,16
172.14539,128.47617,-52.503654,21
172.26445,131.18394,-51.614162,21
172.81906,134.07768,-62.560463,20
172.9391,136.80727,-61.636086,21
173.20465,139.61613,-64.63057,22
175.53227,145.1684,-120.7769,24
175.6987,148.07198,-120.82212,24
175.50069,150.6791,-111.15888,20
176.27936,155.48265,-125.21921,19
176.41197,159.73714,-122.10242,17
177.05371,165.90555,-130.0717,16
177.53569,170.58458,-135.94777,23
177.71407,173.54184,-136.11708,29
177.80354,176.37878,-133.98566,33
177.93163,179.26074,-132.84563,27
178.07066,182.15364,-131.97997,29
178.37161,185.29387,-135.22115,22
178.52689,188.21492,-134.7355,25
178.65831,191.09398,-133.63869,23
179.13277,194.5625,-141.14845,28
179.24881,197.42456,-139.62344,27
179.37265,200.29414,-138.29187,26
179.46098,203.08989,-136.07625,22
179.66042,206.0942,-136.61008,20
180.27005,209.93233,-147.22145,18
180.58699,213.21042,-150.56119,19
180.67972,216.02457,-148.38802,19
180.97672,219.27765,-151.1865,19
179.444,218.42276,-109.62458,16
181.17758,224.91605,-147.19386,15
182.3628,231.59494,-169.02635,15
182.88689,240.685,-168.07089,19
182.49794,242.24428,-154.42215,22
182.4535,244.65894,-148.97366,24
182.47252,247.22159,-145.04112,26
182.54945,249.92743,-142.48096,29
182.63957,252.65962,-140.23717,32
182.82344,255.65099,-140.17017,31
183.0679,258.81943,-141.49216,30
183.4993,262.5489,-147.08983,25
183.39386,264.68344,-140.3443,25
183.3255,266.90286,-134.48543,61
159.57372,-3.341897,143.8623,16
160.22527,-3.684308,125.61875,16
160.04398,-0.069787,135.07199,15
160.18,4.78256,137.41954,16
161.44154,3.487489,101.372116,15
164.25197,-0.725174,19.452728,15
165.41225,-2.18801,-13.999889,15
167.56479,-3.867837,-74.714195,15
167.76923,-1.307886,-76.999374,15
168.88634,1.461283,-103.795845,15
168.01566,7.656352,-72.16297,15
168.16252,12.029188,-70.48527,15
165.08055,27.487532,33.208466,15
165.77267,28.377256,15.617728,15
162.08089,41.464306,132.78136,16
162.7827,42.133835,114.6618,15
163.36066,43.23054,100.46973,14
166.6335,37.71927,4.633526,16
167.52052,38.486988,-18.331282,16
167.76094,40.879906,-21.638943,18
167.92328,43.46496,-22.567488,19
166.78398,50.233055,17.294418,15
167.5208,51.56379,-0.801836,15
168.52692,59.70875,-16.872639,15
169.11809,61.604565,-30.213377,16
169.00656,67.49616,-19.098207,16
169.09744,70.19421,-17.813627,15
170.25371,72.95884,-45.107426,19
171.12036,74.8178,-65.84414,17
172.13359,81.08185,-84.315834,15
171.69257,85.85213,-65.70737,18
171.91792,88.546455,-67.94213,18
171.90225,91.42036,-63.425114,21
172.01662,94.18912,-62.5412,17
172.23418,96.89703,-64.50427,20
172.38292,99.64773,-64.541985,28
172.5315,102.39867,-64.56085,26
172.6819,105.14907,-64.61529,26
172.85861,107.89331,-65.37044,22
173.03017,110.64244,-65.96639,27
173.17738,113.39726,-65.88662,26
173.223,116.15478,-63.058144,16
173.27693,118.89778,-60.458473,17
173.29361,121.62304,-56.872124,16
173.68704,127.10745,-59.282448,16
173.64726,129.78384,-54.20896,24
173.76457,132.49481,-53.29158,23
174.06494,135.28424,-57.163425,23
174.31233,138.06601,-59.609962,25
174.61201,140.8911,-63.38207,21
176.41779,144.72064,-106.10869,19
176.80026,147.74251,-111.780876,22
176.1503,149.98277,-90.86656,18
177.88455,156.9214,-126.837975,17
178.43167,160.21286,-136.46634,18
178.52252,163.07762,-134.46353,16
179.1723,167.93901,-144.37804,20
179.14021,170.66432,-139.24864,24
179.15321,173.4213,-135.26814,29
179.29301,176.32631,-134.45969,30
179.40028,179.1827,-132.83577,31
179.51213,182.03804,-131.32498,33
179.79991,185.15002,-134.13522,23
180.00475,188.1465,-134.87881,21
180.07034,190.9217,-132.20782,32
180.44954,194.20982,-137.16383,23
180.7667,197.41426,-140.5661,30
180.90567,200.31609,-139.63339,26
181.01282,203.15504,-137.93105,27
181.15504,206.05309,-137.0675,23
181.39476,209.13847,-138.52106,19
181.74815,212.46014,-142.64987,20
181.85501,215.29086,-140.90445,22
182.90565,220.1204,-161.39592,16
181.63858,221.26602,-125.2138,16
182.44255,226.9029,-137.65948,16
186.22858,238.31941,-221.28192,16
187.37128,245.17628,-240.8357,15
184.1852,240.05809,-162.9858,17
184.01337,242.2001,-154.73706,23
183.91878,244.50443,-148.30138,23
183.90788,247.0003,-143.80489,26
183.95375,249.62874,-140.61687,29
184.03441,252.33841,-138.22711,30
184.18817,255.24118,-137.48795,30
184.39696,258.2969,-137.97615,30
184.78108,261.85995,-142.36076,28
185.04253,265.08377,-143.97714,19
184.84956,266.96304,-135.51271,54
160.62799,-3.143134,145.66159,16
160.76816,0.278259,146.05269,15
161.13763,1.351116,137.59406,15
161.55508,4.996102,130.98149,15
162.29161,4.704762,111.23267,15
165.48488,-3.673837,17.02548,16
167.24579,-5.766195,-31.832865,15
167.34778,-2.971409,-31.09548,16
167.42519,-0.094156,-29.601377,15
169.27524,-1.746606,-80.204666,16
169.54178,0.63869,-84.250595,15
168.83466,7.800896,-56.8278,15
169.3642,9.327559,-68.80518,16
168.28537,15.772245,-32.49918,16
165.64987,26.543428,49.995987,15
166.33466,27.414354,33.168407,15
167.94724,25.842972,-10.997458,15
165.6307,34.95837,61.104374,16
164.38547,43.507915,104.508156,15
168.43332,36.428963,-10.248744,15
168.82164,38.45726,-17.788176,16
169.07658,40.825466,-21.397528,17
169.27266,43.340076,-23.26996,18
168.91757,48.434418,-7.413352,16
168.76405,51.593494,0.696939,15
171.47464,49.43495,-72.74906,15
171.80249,51.88904,-78.07438,15
170.33537,58.831615,-30.744093,16
170.2668,61.81962,-25.012854,15
170.28833,64.64191,-21.831936,16
170.63193,66.99627,-27.639711,15
171.76665,71.24795,-51.463776,16
171.97212,73.89411,-53.249428,17
172.74202,77.39865,-68.52824,16
173.37242,81.160065,-79.802185,17
171.95221,85.297264,-37.270287,15
173.21106,87.10364,-67.49485,18
173.47987,89.77705,-70.80596,17
173.43231,92.669365,-65.58641,19
173.43872,95.50291,-61.83525,19
173.83911,98.12322,-68.59321,18
173.89001,100.9259,-66.01276,21
173.97873,103.70162,-64.435844,24
174.13107,106.45131,-64.53438,26
174.31436,109.19524,-65.42952,21
174.49,111.94491,-66.10457,22
174.67601,114.69749,-67.030594,25
174.70737,117.45456,-63.923096,20
174.93777,120.20946,-65.9688,17
175.11801,122.96815,-66.69652,17
175.18839,125.70806,-64.58359,16
175.21548,128.42525,-61.36802,17
175.08884,131.07379,-54.248516,24
175.21704,133.78873,-53.632927,24
175.45041,136.54996,-55.666622,25
175.77751,139.37181,-60.030945,22
176.04565,142.18077,-62.870605,20
177.69768,145.92116,-100.25745,21
177.26913,148.34093,-85.554634,20
179.02504,153.79872,-123.06172,19
179.30453,156.80836,-125.839645,18
180.06421,160.28519,-140.37932,19
180.35184,163.36026,-143.2415,17
181.26215,167.11339,-161.25426,15
180.95331,169.58295,-149.49754,20
180.61732,171.96252,-137.15651,25
180.67424,174.77103,-134.36852,24
180.82727,177.69154,-133.89796,26
180.93834,180.5528,-132.4123,35
181.04373,183.39899,-130.78821,28
181.30797,186.47252,-132.9374,21
181.5414,189.50937,-134.32826,21
181.59068,192.25977,-131.35297,27
181.96263,195.52855,-135.96735,26
182.30841,198.77505,-139.9231,30
182.4927,201.75613,-140.0691,27
182.60727,204.61163,-138.58212,27
182.76407,207.5395,-138.07076,26
182.97984,210.57881,-138.91075,31
183.18158,213.59476,-139.41022,28
183.465,216.77946,-141.76326,18
184.36964,222.59106,-156.15245,16
185.18791,228.31404,-168.4016,16
187.86989,239.73006,-220.23093,15
182.23312,231.668,-85.69422,15
185.46672,242.00143,-153.64894,21
185.38353,244.35307,-147.65396,23
185.3551,246.81761,-142.89932,24
185.38603,249.41565,-139.47316,28
185.44286,252.06743,-136.62935,30
185.56718,254.88927,-135.2696,31
185.7397,257.83777,-134.95662,30
186.03781,261.13644,-137.35757,29
186.48401,264.867,-142.92583,23
186.37794,267.02734,-136.57063,42
161.85745,-2.39173,143.50742,15
162.12706,1.829242,141.5059,16
162.40565,4.700923,137.74017,15
162.53249,6.867102,137.03212,16
166.73853,-5.170277,15.963566,15
168.55959,-4.16203,-29.138033,15
168.69669,-1.503807,-29.481113,16
169.31493,-0.475571,-43.956074,15
170.87471,-2.465719,-85.893234,15
170.66006,1.497662,-75.728096,15
171.09697,3.364986,-84.57069,15
169.57278,11.230829,-36.52666,15
169.5421,14.407753,-31.930143,17
166.8684,27.910295,52.046993,16
168.40703,26.567669,11.503878,15
169.87836,25.642488,-26.819149,16
165.2744,40.208168,107.32179,16
165.35535,42.600864,108.21079,16
166.5761,42.316044,77.036415,16
169.9922,38.714493,-13.628078,16
170.3764,40.803795,-20.728174,18
170.63022,44.664787,-22.318617,15
171.01114,48.298145,-27.369164,15
173.17313,48.812695,-81.181496,16
173.37627,51.513897,-82.88143,16
173.41852,54.48495,-80.175224,15
171.82326,59.96253,-33.057632,15
171.61354,63.144558,-23.716167,16
172.21292,66.5857,-34.37496,15
173.92111,68.74699,-74.53255,15
172.939,72.83558,-44.551094,17
174.26764,77.18008,-72.273575,16
174.75824,81.09571,-79.46357,15
174.1626,84.50442,-60.01652,15
174.82599,86.85243,-73.57112,16
174.8217,89.73263,-69.6434,20
175.00787,92.4742,-70.6669,16
174.81207,95.42929,-61.804863,19
174.95761,98.17431,-61.77627,16
175.29716,102.24646,-64.81373,19
175.46437,104.99267,-65.29337,18
175.6237,107.74327,-65.556694,23
175.70906,110.50757,-63.93196,22
175.93121,113.24969,-65.75545,22
176.13239,116.002144,-67.02436,23
176.24391,118.75829,-66.027245,20
176.42984,121.51663,-66.87909,19
176.63773,124.28311,-68.25735,19
176.57326,126.99427,-62.865288,17
176.66554,131.07033,-59.482243,17
176.55399,133.70575,-52.982925,28
176.79073,136.46555,-55.034637,23
176.9777,139.21033,-55.845234,21
177.23956,142.00258,-58.45495,22
178.07332,145.17413,-74.86794,18
177.94337,147.75346,-67.92016,19
178.49066,150.81387,-77.27326,19
180.33966,154.99217,-117.69284,19
181.11705,158.42784,-132.25777,17
181.91217,161.9533,-147.12541,20
182.30096,165.14613,-152.25357,18
182.47006,169.53232,-150.10283,18
182.15422,171.95605,-138.6128,24
182.1474,174.69588,-134.41396,22
182.3101,177.6294,-134.17896,21
182.47633,180.56667,-134.01416,28
182.49858,183.30528,-130.50945,32
182.76433,186.37592,-132.62572,31
182.93008,189.30824,-132.41838,21
183.15547,192.33195,-133.5639,19
183.36905,195.34256,-134.4184,20
183.68985,198.53487,-137.68925,23
183.97357,201.67976,-140.08478,26
184.11649,204.58849,-139.27728,26
184.2574,207.49008,-138.41692,27
184.45811,210.49966,-138.8898,25
184.71379,213.61736,-140.57184,22
184.81247,216.4337,-138.7422,16
187.1813,223.83688,-187.1682,15
187.11273,226.40694,-181.4726,15
185.571,227.11652,-141.41507,16
186.62369,232.01921,-160.41467,15
187.42122,237.75731,-171.64641,15
186.93448,240.5518,-154.95753,17
186.94804,243.16418,-151.20319,22
186.8209,245.41519,-144.44283,23
186.8123,247.9324,-140.25685,25
186.83421,250.50914,-136.74117,28
186.88794,253.15305,-133.91554,31
187.00107,255.94199,-132.3578,31
187.19136,258.93222,-132.42921,30
187.4873,262.2126,-134.71153,30
187.81108,265.58118,-137.55093,23
187.86835,268.20868,-134.79962,51
163.09108,-2.970238,139.9126,16
163.0809,-0.248872,143.19063,15
163.2286,3.143346,143.33432,15
163.67235,6.723672,136.41682,15
165.78311,1.537386,78.609665,16
168.82472,-6.656681,-5.490051,16
169.84755,-7.199594,-31.262302,15
169.94331,-4.392264,-30.425953,15
169.96684,-1.348789,-27.536451,16
171.52821,-1.735021,-66.321396,15
171.72147,0.862756,-68.0814,16
171.89328,3.536129,-69.21665,15
171.29602,10.055641,-47.033665,15
170.9088,15.785567,-30.888079,15
171.00429,18.565063,-29.983717,16
169.51575,25.50157,14.57131,16
165.88742,41.455772,122.10497,15
166.2248,43.2009,115.925026,16
168.4694,42.023376,59.68404,16
168.19063,45.31643,70.425415,16
171.5166,41.10826,-15.809608,18
171.98509,44.533585,-23.118172,15
173.04755,45.450478,-47.923634,15
173.2836,47.99094,-50.59664,15
174.8736,48.224396,-89.06964,15
174.42651,53.522392,-71.697464,16
173.39508,59.54132,-39.176006,15
174.74985,63.476223,-67.28861,15
176.2281,64.54715,-101.930176,15
175.86049,68.01763,-88.6538,15
174.21292,74.27483,-40.73488,16
174.93175,76.379395,-55.56296,16
175.95099,78.282486,-77.93651,15
176.24075,82.40726,-79.74082,16
176.29286,88.16328,-73.64975,16
176.34836,90.99765,-71.35505,20
176.54854,93.73807,-72.68315,17
176.3814,98.07744,-63.001236,19
176.348,100.896034,-58.521954,18
176.80417,104.93001,-64.324036,17
177.05869,107.65643,-66.92261,18
177.10846,110.43,-64.474174,21
177.28043,113.17866,-65.01236,21
177.50003,115.92858,-66.6926,21
177.65485,118.68537,-66.7778,18
177.81708,121.443344,-67.02704,19
178.0525,124.21426,-69.02443,20
178.10944,126.95623,-66.71148,17
178.23671,129.70619,-66.08503,17
178.06693,133.68964,-56.55291,20
178.08128,136.3602,-53.25858,24
178.31248,139.12186,-55.09337,20
178.44398,141.83737,-54.55717,25
179.15813,144.91048,-67.668755,17
179.11952,147.54022,-63.093845,18
179.52612,150.47493,-68.89968,19
180.58807,153.96056,-89.85282,17
183.35355,160.4219,-148.03473,18
183.55135,163.42403,-148.62611,19
183.84076,166.52078,-151.29935,19
183.70107,169.17836,-144.14351,16
183.63365,171.88104,-138.66866,20
183.68576,174.6965,-135.9287,28
183.912,177.71178,-137.12831,19
183.97328,180.52225,-134.59283,25
183.96535,183.22832,-130.51003,31
184.19385,186.24304,-131.728,27
184.38237,189.20625,-132.03314,30
184.63373,193.60663,-131.76804,17
185.06554,196.95616,-137.41193,17
185.34546,200.08554,-139.66138,19
185.54625,203.09291,-140.14801,23
185.69356,206.0103,-139.45116,22
185.84233,208.92726,-138.77759,24
186.07397,211.99379,-139.8955,23
186.06773,214.61667,-135.85068,17
189.27122,224.82898,-198.9094,15
189.12048,227.27603,-191.5682,15
186.91757,225.45146,-140.44089,15
186.71545,227.62088,-132.23712,15
186.93495,230.66518,-133.02135,15
188.41298,236.49861,-160.38586,15
189.40456,242.6843,-175.293,14
188.53549,243.29462,-153.07571,20
188.28552,245.27853,-143.92647,21
188.25655,247.7582,-139.42842,24
188.23193,250.229,-135.04305,28
188.28156,252.86766,-132.20996,30
188.37038,255.59505,-130.19537,31
188.53668,258.5167,-129.77484,31
188.71042,261.4567,-129.49876,31
189.06917,264.89713,-132.98674,31
189.36522,268.18124,-135.1689,41
164.07153,-1.153996,145.17262,15
164.92578,-1.867551,123.99564,15
164.53189,3.667306,139.3751,15
164.56635,6.174843,141.26904,16
165.62044,4.980216,114.83068,16
169.50496,-4.540275,11.856737,15
171.05182,-6.806578,-27.473679,15
171.5058,-3.638851,-34.802486,15
171.14526,2.159886,-19.825384,15
172.4438,1.230621,-51.732227,16
172.49503,4.216166,-49.62984,15
172.57996,7.090318,-48.443405,15
172.55989,10.25275,-44.42947,15
172.48502,13.540474,-38.96246,15
172.82121,15.702489,-44.504585,15
171.18452,22.981596,2.533728,16
170.98941,26.378923,11.010441,16
167.56451,38.83274,106.336334,15
169.18906,40.356895,69.616005,15
168.28268,46.261753,97.86599,15
172.6122,40.033825,-11.740931,16
173.16484,41.83337,-22.717562,16
173.42545,44.245632,-26.066906,16
175.66388,46.152225,-76.71326,16
176.40936,47.943127,-92.20688,16
176.0796,51.52728,-80.18684,15
174.4182,57.057297,-34.418736,16
174.46753,61.294518,-30.533255,15
174.7444,63.77544,-34.09238,15
176.97,65.31237,-84.71404,15
177.41411,67.77599,-92.20546,15
175.70256,72.625015,-45.993633,18
177.70425,80.817696,-83.12367,15
178.47777,83.13231,-98.482,15
177.72835,92.35471,-69.388466,21
177.73901,100.814316,-59.014828,19
177.78432,103.5836,-56.577267,20
178.39061,107.59319,-65.74378,19
178.51361,110.35171,-65.1147,17
178.69754,113.10102,-65.91763,19
178.82681,115.856415,-65.41401,19
179.01436,118.61086,-66.269135,20
179.17451,121.367355,-66.464516,21
179.41246,124.136696,-68.459984,21
179.65048,126.91655,-70.43057,19
179.66844,129.6467,-67.27665,17
179.78494,132.39337,-66.40739,17
179.51553,134.9842,-56.650776,19
179.46165,137.62225,-51.889587,25
179.76799,140.41988,-55.3802,23
180.06544,143.23042,-58.63292,21
180.46587,147.4475,-62.40867,17
180.85573,150.36272,-67.66405,18
181.07726,153.17496,-69.083664,18
184.8483,161.76117,-146.23659,21
184.96614,164.68376,-145.02556,20
185.11787,167.63426,-144.56308,17
185.14902,170.45605,-141.4214,22
185.07568,173.14713,-135.98602,25
185.26462,176.11566,-136.33661,21
185.86249,179.58234,-145.6258,18
185.52402,181.90855,-134.40723,24
185.49774,184.59236,-130.04068,29
185.75049,187.63843,-131.73875,28
185.93158,190.59087,-131.86539,28
186.03932,193.43587,-130.40056,19
187.36906,199.50838,-153.21323,15
186.95673,201.56056,-140.55751,17
187.17274,204.59485,-141.34134,20
187.21727,207.34004,-138.47173,18
187.3894,210.29652,-138.30579,21
187.37984,212.9238,-134.3036,17
188.6636,217.93759,-157.453,16
191.54901,230.30634,-207.84964,15
188.3616,226.60155,-137.73784,14
189.29349,231.13611,-153.20343,16
189.21313,234.8934,-145.79784,16
188.87216,238.02156,-133.11324,15
189.91443,244.23479,-148.67996,21
189.71799,246.35216,-140.88312,23
189.65388,248.75023,-135.80435,24
189.66556,251.31001,-132.2756,28
189.70226,253.91647,-129.26399,31
189.79414,256.64905,-127.366806,32
189.95354,259.54715,-126.82001,33
190.11887,262.4589,-126.38566,33
190.4984,265.93857,-130.18835,35
166.6785,-9.790993,101.56963,15
164.5109,1.37783,163.38362,15
166.30151,-2.835347,117.52689,15
165.71461,3.360996,137.5793,16
165.66603,6.161274,141.63637,16
172.07231,-7.383766,-20.6993,15
172.38835,-5.330867,-25.81982,15
173.00304,-2.633222,-37.135258,15
170.97319,6.64093,19.589983,15
172.56532,4.844829,-19.039923,16
173.0694,6.417567,-28.964663,15
174.4238,8.797618,-57.583282,16
173.03712,20.040565,-13.441591,16
172.18643,25.078787,11.633382,16
169.11519,37.86047,96.26873,16
170.08694,39.624725,75.90994,16
169.37065,45.072575,98.41233,15
174.69955,38.436028,-31.238676,16
173.07843,45.832676,14.246998,16
177.09839,44.493557,-79.370316,16
177.64519,49.679863,-85.97528,15
177.34503,53.161377,-75.11313,16
175.81982,59.768074,-32.606335,15
176.45923,64.654976,-41.561897,15
178.1397,69.94418,-73.78632,15
177.11096,73.92132,-45.6009,15
178.22221,81.46937,-62.030262,16
179.30829,87.85852,-79.1698,15
179.31403,92.16696,-74.10025,19
178.8278,96.66396,-57.54558,16
179.02965,103.548004,-53.731926,17
179.63211,107.54917,-62.544567,19
179.61792,110.32055,-58.79075,17
179.99988,113.0344,-64.131,19
180.1853,115.78326,-64.932106,19
180.39662,118.537025,-66.30447,16
180.51471,121.29006,-65.53911,21
180.7516,124.05641,-67.45347,20
181.05801,126.84701,-70.91121,21
181.13174,129.59447,-69.10327,17
181.08086,134.98634,-61.05558,18
180.8673,137.56914,-52.866074,29
181.1718,140.36589,-56.209324,24
181.75186,143.33163,-65.6101,22
182.11937,146.21646,-70.25295,21
182.01608,148.81285,-64.51336,19
182.51248,153.1395,-70.18521,18
183.16965,156.30951,-81.02374,17
186.40012,163.15071,-145.77365,27
186.49898,166.05452,-144.18283,19
186.46469,168.81857,-139.72314,17
186.77184,171.9176,-142.60564,23
186.52962,174.4277,-133.70842,31
187.11752,177.8499,-142.55096,19
187.60477,181.19478,-149.1842,18
187.02907,183.23743,-133.25427,24
187.05196,185.98523,-130.04903,22
187.32683,189.06035,-132.15417,22
187.47672,191.96968,-131.61122,27
187.65343,194.916,-131.62187,20
188.70215,199.18091,-149.77885,16
188.75148,201.97275,-147.06096,15
188.80461,204.75807,-144.42805,17
188.49117,206.92218,-134.24213,17
188.95491,210.3675,-140.0837,19
188.67067,212.52504,-130.55455,15
192.08607,222.71567,-194.65166,16
192.06036,225.43295,-190.24373,15
192.55862,233.26237,-190.63345,15
190.39226,231.5565,-143.27219,16
190.17892,235.01015,-133.45277,15
190.36195,237.97873,-133.42404,16
191.49936,244.35724,-150.4579,19
191.20262,246.2739,-140.87436,22
191.11824,248.6402,-135.52353,24
191.10802,251.15825,-131.6531,26
191.11661,253.70462,-128.16663,30
191.18364,256.37946,-125.834015,32
191.2947,259.1543,-124.3612,32
191.41472,261.94604,-123.064186,33
191.67804,265.10336,-124.531685,36
167.89668,-10.049754,100.239914,15
166.75452,-0.365946,135.64827,15
167.07596,2.440233,131.26097,16
167.11462,4.939647,132.92719,15
165.67595,12.411445,172.80609,16
165.67638,14.896681,175.33134,15
172.21306,-3.641612,9.827136,15
171.45215,8.906049,39.79376,16
174.45836,4.674076,-31.851843,16
173.96681,9.07114,-16.276363,15
173.83116,15.382421,-6.630554,16
175.00404,16.871643,-31.247782,15
169.18578,37.71676,120.68477,15
170.90268,37.73835,82.43331,15
172.51544,38.312057,47.1173,15
171.37282,45.943836,80.81265,16
175.50575,45.122784,-12.035227,16
176.71085,45.927082,-37.949425,15
176.22697,49.625324,-23.119566,16
179.46767,52.025646,-92.460594,15
176.43056,59.27215,-16.927694,15
177.31747,62.338833,-33.1807,15
178.9205,63.224625,-67.75881,15
178.25774,74.053375,-40.756905,15
178.39311,76.74977,-40.66962,16
178.09344,79.82061,-30.494997,15
179.5109,89.95238,-50.14117,15
180.7422,93.499756,-73.25402,21
180.54832,96.43038,-65.505424,19
180.94424,99.086945,-71.12991,15
180.28568,102.12477,-52.938286,16
180.78722,106.13777,-59.255363,19
180.9462,108.87318,-59.495163,16
181.2827,112.96946,-62.010387,18
181.62349,115.70737,-66.24136,17
181.91505,121.218056,-65.989075,17
182.1006,123.978004,-66.718994,19
182.40746,126.76572,-70.08806,18
182.65878,129.55695,-72.21057,18
182.84377,132.33867,-72.863625,17
182.73643,136.36583,-65.48012,18
182.32898,138.8677,-53.33166,25
182.91377,141.80937,-62.595455,20
183.41605,144.75238,-70.01933,23
183.63245,147.55734,-71.271286,21
183.43477,150.09137,-63.68088,17
184.18356,153.27245,-76.22883,17
185.2783,156.7862,-96.006645,17
187.66197,161.47092,-142.84348,20
187.99472,164.57803,-146.22856,26
188.03827,167.43132,-143.51407,20
188.22807,170.41605,-143.86162,17
188.09818,173.06993,-137.53528,21
188.13255,175.8722,-134.64699,19
189.09596,179.72328,-150.99312,17
189.07053,182.47357,-146.8215,17
188.59433,184.64221,-133.39548,21
188.5214,187.26808,-128.30936,20
189.06778,190.70305,-135.89714,17
189.1066,193.46689,-133.08769,19
189.45291,196.66185,-136.52606,17
190.10059,200.32416,-146.0286,16
191.01068,205.80779,-158.90707,16
190.31355,207.409,-141.24136,16
190.72256,210.7664,-145.80609,16
188.49393,209.6321,-97.737366,15
193.9987,223.27345,-201.75993,16
196.53464,233.59695,-244.14714,15
204.44696,253.29572,-393.47025,16
191.9916,231.70247,-145.46355,15
190.7198,234.28264,-113.51743,15
190.08823,235.47156,-97.76755,15
192.87488,245.3147,-146.2838,21
192.64719,247.39421,-138.29066,23
192.55708,249.75174,-132.97348,23
192.53516,252.24423,-128.98312,26
192.55754,254.82407,-125.851814,30
192.62181,257.49158,-123.526665,32
192.71074,260.20975,-121.67389,33
192.82132,262.9743,-120.23197,33
193.00578,265.92102,-120.17955,37
169.212,-9.272055,97.87553,15
165.35524,7.268812,198.18259,16
167.74536,5.236269,144.05106,16
166.91823,10.543458,167.3003,15
165.55493,17.435629,203.80415,15
173.14204,-2.598431,18.74406,16
173.04736,2.073046,25.452864,15
173.82068,2.709666,9.26978,15
173.58156,7.776388,19.550613,15
175.53954,5.311526,-25.472198,15
173.6522,16.207247,26.536,15
175.14062,15.304314,-6.679082,16
171.35725,30.117212,90.51613,16
170.2147,36.633904,121.9818,16
169.86504,41.16072,134.23851,15
172.13213,38.896698,82.808235,16
173.10245,40.8847,63.88821,16
169.72958,50.000526,146.39996,16
170.86336,51.551563,123.522675,16
171.41368,55.537983,115.85876,15
177.5962,48.049774,-25.650372,15
180.81291,45.9486,-97.350204,16
180.90897,48.866932,-96.28842,15
181.35712,51.28177,-103.35424,15
178.45496,58.247963,-33.204918,15
179.42563,62.749935,-49.234802,15
178.37823,73.78506,-14.521618,15
179.69531,75.30797,-41.202946,15
181.0362,76.957504,-68.243195,16
181.55322,90.89249,-63.66718,15
182.23247,93.37449,-75.45351,18
182.11855,96.27175,-69.685715,21
181.92471,99.168465,-62.187088,16
181.77652,103.3959,-54.11843,16
182.16998,106.06147,-59.48995,17
182.26276,108.80948,-58.285908,16
182.3707,111.54924,-57.404896,17
183.0504,114.24783,-68.85694,16
183.04886,117.01162,-65.56802,16
183.84866,119.79797,-79.47627,16
183.65338,123.92727,-70.37007,19
183.74533,126.682724,-69.05943,22
184.0805,129.49109,-72.905205,19
184.33797,132.29613,-75.069115,17
184.4014,136.40154,-71.47505,16
183.94215,138.90419,-58.5578,21
184.49916,141.8391,-66.96686,20
184.89883,144.73163,-72.030556,26
185.05582,147.5052,-72.00638,20
185.04553,150.17003,-68.503395,19
185.48663,153.13458,-74.33491,15
187.92068,157.63376,-121.15899,17
189.15868,161.404,-143.12372,19
189.53183,164.5424,-147.24083,20
189.62337,167.44533,-145.57361,25
189.73277,170.35742,-144.26833,19
189.62473,173.04324,-138.54984,21
189.64757,175.84003,-135.50102,19
190.51941,179.56607,-149.56052,16
190.82555,182.70467,-152.15996,17
190.77943,185.42981,-147.68094,18
189.91872,187.1065,-126.960785,19
190.83266,191.0056,-141.6615,16
190.93202,193.87077,-140.1052,17
190.93889,196.59871,-136.71835,15
194.42218,207.2162,-198.12357,16
192.05461,206.38307,-148.0604,15
192.62335,212.71085,-152.03935,16
189.15804,209.55592,-81.266945,15
199.8859,236.67451,-277.39474,15
203.14638,245.74176,-335.88477,15
195.03722,234.64218,-175.10927,15
194.85722,236.9863,-168.0584,15
191.44444,232.73915,-99.80758,16
190.86699,234.05226,-85.51266,16
194.5279,244.27144,-151.07562,17
194.34544,246.49168,-144.10312,21
194.06306,248.46007,-135.29523,21
194.00967,250.903,-130.80295,24
193.94482,253.29977,-126.1169,26
193.97647,255.90082,-123.24011,30
194.05132,258.59192,-121.16941,31
194.09471,261.1983,-118.5245,32
194.20355,263.9544,-117.090034,34
171.27997,-12.504861,75.88802,16
166.86316,9.261122,190.17287,15
168.56972,8.65248,153.42432,16
170.82855,5.469382,102.54173,15
174.3659,-1.053766,21.405664,16
173.36714,6.1596,49.50071,16
174.30252,6.353004,29.915901,15
175.71246,5.372344,-0.829185,15
175.73445,9.71805,2.955841,16
175.03542,14.410944,22.318527,15
175.84692,16.697529,7.454319,15
174.12639,23.651312,50.620174,16
172.94164,29.117287,81.02489,15
171.5518,34.860817,116.03686,16
170.32968,40.035446,146.95694,15
170.0956,44.163227,156.03671,16
170.66663,45.421646,145.29274,15
170.70212,47.773327,146.93085,15
170.86978,49.869526,145.53976,15
171.52205,51.10463,133.09079,15
171.51399,54.76209,137.01514,15
178.24065,47.63465,-11.609749,15
184.44083,42.56673,-147.02394,15
182.42778,48.651466,-98.43408,15
181.88268,53.946762,-81.44872,15
181.03755,60.926796,-56.362446,15
182.49971,91.05474,-54.370426,15
184.33078,94.39903,-88.96803,17
183.67212,97.54202,-71.68691,18
183.2714,100.502754,-59.99322,16
182.97716,103.36999,-50.61937,16
183.50232,105.99702,-58.640476,16
183.5109,110.13241,-54.133793,17
185.13068,114.12943,-83.45075,15
185.67088,119.74314,-88.30637,17
185.25728,122.49966,-76.47707,16
185.62654,125.31652,-80.93602,17
185.67717,129.46616,-77.16585,18
185.85878,132.25938,-77.69899,17
185.85345,137.70798,-71.181015,17
185.78761,140.37886,-66.64597,18
187.36078,143.84943,-95.43684,17
186.39552,146.06114,-72.60754,30
186.51456,148.81335,-71.80806,20
186.55876,151.5125,-69.49495,18
189.91513,157.95345,-131.98303,18
190.50652,161.21959,-140.40955,19
191.04422,164.4836,-147.70183,17
191.04048,167.3055,-144.18298,18
191.26364,170.32205,-145.16664,20
191.08554,172.94905,-138.21059,21
191.01219,175.6499,-133.34592,19
192.28336,181.18433,-153.14088,16
192.55345,184.28929,-154.94571,17
192.4516,186.95619,-149.48575,19
192.61717,189.93106,-149.23788,18
194.3998,200.64064,-173.16402,15
196.33963,206.22487,-206.81862,15
193.55136,209.025,-144.68234,17
192.63663,215.51959,-117.111275,15
198.15526,234.76926,-208.28217,15
196.58533,235.95514,-173.6727,16
198.47371,242.35223,-205.07722,15
191.75244,234.14569,-74.20046,16
195.85205,245.14345,-146.13547,19
195.75761,247.55136,-140.95738,21
195.52188,249.62921,-133.22646,22
195.4144,251.95583,-127.86474,23
195.38026,254.42372,-123.85496,26
195.38144,256.95508,-120.49922,29
195.44463,259.61664,-118.27153,29
195.49309,262.23367,-115.78443,32
195.57951,264.93198,-113.984146,33
172.73329,-13.433331,69.9161,16
169.02435,1.815129,160.44214,15
168.28856,7.981597,181.28868,16
170.42479,4.951768,134.44455,15
173.09969,0.719064,75.39977,15
174.05525,0.642581,55.649754,15
175.31244,-0.184985,28.995693,15
176.40495,-0.388362,6.324788,15
175.60378,4.740905,27.62626,15
176.7018,6.122423,6.358652,16
176.61174,9.262107,11.186386,15
171.67368,27.034079,129.52483,15
172.02397,29.98562,125.167145,15
173.28723,30.937119,100.17853,15
173.0113,34.114185,108.91259,16
170.01982,45.273407,181.06548,16
170.50319,46.64291,172.50989,15
171.84727,46.424286,144.78508,15
171.96791,52.216995,148.04953,15
172.1785,54.248028,145.76869,16
172.06273,56.81849,150.70406,16
180.51755,47.505985,-31.38144,16
183.26445,52.401627,-82.50017,15
179.98114,74.606316,7.378757,16
185.59286,97.25772,-82.73717,16
184.78896,101.77682,-61.454865,16
184.35435,104.66876,-49.44486,15
185.14867,107.251274,-62.77034,17
184.86046,110.06149,-53.806313,16
187.0435,116.85241,-90.67932,14
187.38821,121.09132,-92.94753,17
187.2936,123.88696,-87.878456,17
187.29362,126.67293,-84.73343,16
187.18631,129.41795,-79.43858,19
187.3658,132.21632,-79.90705,18
187.34587,137.67464,-73.25558,17
187.64883,140.5149,-76.15409,17
192.20718,145.44463,-163.24347,16
187.93158,147.41344,-73.91961,21
187.93832,150.09985,-70.92489,19
189.14249,153.566,-91.38941,16
191.86229,159.6342,-139.65086,18
192.09132,162.63583,-140.77263,18
192.57982,167.27406,-145.22496,19
192.7985,170.2879,-146.0917,19
192.56615,172.87453,-138.26407,20
192.45613,175.54544,-132.81781,19
193.90608,179.83234,-157.22357,16
194.11687,182.87689,-157.84616,15
194.14005,185.70958,-154.88644,16
194.16736,188.53302,-152.0115,19
194.5704,191.80896,-156.2416,17
190.79648,189.72893,-81.74467,15
198.13911,207.90907,-209.32071,15
195.81276,207.36511,-162.45505,15
194.25864,209.10133,-128.52524,15
195.2845,214.73222,-142.46672,14
201.84908,237.05107,-248.70435,15
199.31638,236.73203,-197.22745,16
201.38966,243.41498,-231.20015,15
199.46053,242.53683,-192.77704,15
195.17001,236.8235,-112.11523,17
197.50629,245.39513,-149.02637,18
197.33006,247.65405,-142.49843,21
196.99557,249.5481,-133.1845,22
196.87294,251.85706,-127.67559,22
196.80891,254.27025,-123.22794,25
196.79428,256.7743,-119.66925,28
196.82407,259.36404,-116.90441,28
196.88889,262.0232,-114.762566,31
196.92845,264.61346,-112.18298,32
174.12581,-14.107291,65.71676,15
169.3496,7.921959,181.2916,15
169.56335,9.702453,178.59421,15
174.19481,-0.407438,76.57765,16
175.23425,-0.686619,55.48048,16
176.72058,-0.663454,25.711287,15
177.35631,1.921492,15.331632,16
177.08298,5.529478,24.10444,15
177.41264,8.970641,20.669147,16
177.69148,11.135522,17.090305,15
172.48106,28.972391,137.77763,15
172.53716,31.325775,138.85236,15
173.50844,31.658482,119.77068,16
174.15309,32.800186,107.975105,15
174.44664,34.737923,103.94592,16
171.23378,44.90537,177.6539,15
172.00417,45.75679,163.10754,16
172.5223,47.158623,154.1224,15
172.67342,49.267647,153.13481,15
172.93422,51.19286,149.79488,15
172.99016,53.477417,150.88899,15
172.93512,55.93307,154.3676,15
180.29793,48.344116,0.492102,16
191.92726,90.575554,-187.4105,15
187.47333,99.8743,-89.32968,15
185.7594,103.20696,-51.82573,16
186.63556,105.762886,-66.4569,16
186.91705,108.49732,-69.102715,15
186.02946,111.381294,-48.415905,16
189.2702,121.04719,-102.1231,19
188.65141,123.805595,-86.843185,17
188.88438,126.62971,-88.35379,16
188.7179,129.37302,-82.02697,19
188.85387,132.16617,-81.627014,18
188.85059,134.91225,-78.50779,19
188.8846,137.65627,-76.11849,17
193.73616,145.37376,-163.60207,15
189.67787,146.17711,-82.25547,15
189.45097,148.75734,-74.83271,18
191.09734,152.46376,-103.2574,16
193.2854,159.51616,-138.57872,18
193.05495,162.16179,-130.96591,19
195.54793,166.98628,-174.85051,15
194.46036,170.36374,-149.35576,16
194.05527,172.8077,-138.47057,17
193.95453,175.49562,-133.33026,17
194.52768,178.8495,-140.7766,16
195.8816,184.49138,-161.01929,15
196.15869,189.03069,-161.15057,16
189.38759,186.12671,-30.042238,15
199.59543,204.77103,-210.66507,14
199.08595,208.3862,-196.17366,15
197.05804,208.28154,-155.94707,14
194.4397,207.09766,-105.26633,14
203.21725,236.51668,-244.08586,15
200.43916,235.86563,-189.4868,15
201.1769,239.98541,-199.08911,15
203.66478,247.44649,-239.4498,15
197.42574,239.60187,-124.687874,15
199.94502,247.18903,-165.49548,17
198.92842,247.8005,-144.41669,21
198.57921,249.69426,-135.05165,21
198.36162,251.82272,-128.01443,22
198.26163,254.17181,-123.04192,24
198.24837,256.68848,-119.58486,25
198.2669,259.26065,-116.68548,27
198.283,261.81482,-113.754005,29
198.31998,264.40436,-111.18755,32
170.47481,5.219707,177.74986,15
170.5649,7.391423,177.87079,15
170.65524,9.560772,177.99059,15
174.03879,3.438449,106.50486,15
175.99313,0.566399,65.80507,15
175.45741,4.793593,79.98617,15
177.89204,0.954658,29.073055,16
178.41026,3.877624,21.554413,15
178.8825,5.543011,13.829148,16
179.85158,8.95051,-2.004565,14
180.73938,9.784091,-18.545233,16
172.98587,30.295418,150.93599,16
172.54515,33.700848,162.60117,16
175.24767,31.588655,108.10827,15
175.65718,33.293476,101.7074,16
175.15247,36.84836,114.78219,16
173.80534,41.945675,145.65633,15
173.62733,44.688698,151.65363,16
172.22864,51.882133,185.50345,16
173.98007,52.40663,152.01599,16
174.36339,54.16091,146.23494,15
180.44955,49.95337,24.270172,15
188.98674,95.440056,-95.76378,15
191.7548,97.3604,-147.23386,16
185.60321,103.544525,-22.068567,15
188.02477,105.68717,-66.589836,16
187.69383,108.52415,-57.23931,15
187.83662,111.25724,-57.13126,15
190.46442,123.77706,-94.58639,17
191.13437,126.69328,-104.395195,16
190.2582,129.32817,-84.64761,20
189.65973,131.93387,-70.28089,18
190.25414,134.8399,-78.60695,21
190.2106,137.5574,-74.80959,15
190.36313,140.33626,-74.72029,17
189.92375,145.51414,-60.547405,15
191.33539,148.95738,-84.009476,17
194.196,153.39664,-134.34691,15
194.44312,157.80336,-134.21274,17
194.60884,160.74158,-134.12645,18
193.27036,165.25462,-103.177734,16
195.77557,171.5434,-144.49356,16
195.4484,175.43994,-133.73007,17
195.6185,178.3814,-133.6576,15
196.63583,186.39366,-144.12787,16
199.55835,206.81317,-176.91322,15
194.51668,203.74985,-82.778595,16
197.03398,211.38457,-122.54901,16
202.28668,232.10783,-199.7151,15
199.85587,230.6925,-154.19469,15
207.14212,247.8202,-275.07602,15
198.0572,236.66011,-111.982,15
206.98991,256.37347,-261.69916,16
200.88676,247.32217,-154.0053,19
200.44032,249.07957,-143.15678,20
199.85966,250.5133,-130.08586,22
199.76926,252.90617,-125.37423,23
199.68312,255.28683,-120.753075,24
199.68933,257.8461,-117.70389,25
199.77982,260.57715,-116.07751,27
199.71048,262.9442,-111.77998,28
